n	x1	x2	x3	x4	x5	x6	x7	x8	x9	x10	x11	x12	x13	x14	x15	y1
1	0.2055	0.836164	0.899281	0.298128	0.591755	0.656773	0.6475	0.300663	0.241006	0.403968	0.21821	0.353061	0.960645	0.386383	0.793473	14.209
2	0.405323	0.0796531	0.630824	0.704081	0.120073	0.220102	0.948774	0.508023	0.377147	0.168944	0.827829	0.353515	0.577407	0.743412	0.559015	9.59369
3	0.413572	0.642694	0.857143	0.00532653	0.299467	0.504642	0.305989	0.540473	0.90861	0.524199	0.893534	0.869255	0.910582	0.687007	0.32403	8.95096
4	0.796411	0.523756	0.716143	0.745185	0.0317783	0.0932897	0.914129	0.859608	0.446804	0.491536	0.60302	0.00581911	0.905108	0.245714	0.862962	18.1027
5	0.910435	0.54518	0.367604	0.216424	0.0856534	0.276214	0.740623	0.979188	0.145469	0.651205	0.666195	0.469499	0.516422	0.758526	0.873181	12.669
6	0.396937	0.728605	0.300122	0.428715	0.821895	0.214251	0.288323	0.268699	0.705787	0.891343	0.274519	0.610895	0.137056	0.13748	0.52133	17.1128
7	0.682237	0.505084	0.737754	0.76789	0.781298	0.478377	0.747078	0.926767	0.129582	0.413273	0.396266	0.646004	0.171799	0.269447	0.658466	22.7706
8	0.387072	0.0268569	0.0950996	0.208967	0.241108	0.383423	0.477666	0.946895	0.274765	0.752185	0.55779	0.411822	0.889665	0.0791203	0.0940585	7.79819
9	0.394749	0.816874	0.861949	0.176047	0.295251	0.609026	0.102814	0.424833	0.0222995	0.49908	0.070837	0.194098	0.768527	0.729303	0.920833	14.1738
10	0.94769	0.530011	0.325342	0.188798	0.913434	0.803008	0.135693	0.188199	0.555193	0.693483	0.600021	0.444858	0.772604	0.694079	0.839607	16.0776
11	0.589478	0.556028	0.0156545	0.884729	0.165054	0.118469	0.309562	0.187354	0.617549	0.380399	0.381452	0.386076	0.109702	0.302285	0.820988	22.1285
12	0.350999	0.551419	0.438773	0.264432	0.354428	0.574466	0.452631	0.909621	0.267949	0.0526517	0.354478	0.040553	0.746731	0.194086	0.630031	9.46713
13	0.302759	0.20974	0.514759	0.467813	0.328209	0.824321	0.655166	0.945758	0.20472	0.0366179	0.331834	0.314422	0.338903	0.152822	0.540499	10.9307
14	0.0919185	0.027651	0.768253	0.446346	0.602117	0.220884	0.355967	0.870066	0.273535	0.710445	0.910619	0.0202663	0.904531	0.54065	0.323025	9.10594
15	0.114271	0.0554096	0.790838	0.44248	0.879731	0.446004	0.388238	0.0844505	0.482622	0.720072	0.398872	0.821524	0.872895	0.939372	0.410402	10.6243
16	0.438053	0.144968	0.477636	0.0401704	0.365852	0.833603	0.910237	0.639387	0.544048	0.820856	0.659653	0.448578	0.361506	0.982678	0.562849	3.88127
17	0.416916	0.773516	0.00532904	0.296647	0.21952	0.393567	0.381097	0.702141	0.11364	0.779969	0.523666	0.986534	0.719341	0.934068	0.363249	18.7938
18	0.508217	0.228267	0.412292	0.874069	0.0618698	0.322528	0.513456	0.605917	0.143385	0.173109	0.0544958	0.504891	0.155787	0.617345	0.921807	12.0791
19	0.929303	0.622674	0.218454	0.148823	0.0162411	0.599551	0.850964	0.129881	0.37952	0.37463	0.116415	0.0988614	0.308698	0.479664	0.849493	11.6223
20	0.745547	0.559024	0.548515	0.800043	0.0639148	0.704302	0.417388	0.985722	0.633605	0.0400619	0.204176	0.782428	0.056303	0.803726	0.633392	16.2124
21	0.186184	0.183247	0.00802165	0.302599	0.282108	0.316719	0.782263	0.131601	0.997538	0.770144	0.20936	0.090649	0.632094	0.34899	0.506288	9.62718
22	0.89458	0.129227	0.260316	0.311968	0.114948	0.893921	0.35203	0.319124	0.676349	0.408333	0.12285	0.309741	0.594516	0.306097	0.317763	8.48865
23	0.897115	0.588205	0.634482	0.679377	0.719806	0.63202	0.449521	0.929167	0.722669	0.0816149	0.278157	0.228957	0.089114	0.372694	0.294269	21.5368
24	0.423496	0.905443	0.579241	0.538444	0.799364	0.931271	0.857568	0.475713	0.339604	0.980419	0.785454	0.93412	0.286516	0.103217	0.831235	17.5289
25	0.874721	0.737699	0.510612	0.594527	0.369719	0.960134	0.523694	0.0923882	0.0417485	0.80185	0.321345	0.130862	0.174544	0.615615	0.77599	16.7046
26	0.681434	0.0210589	0.577554	0.480798	0.95233	0.435123	0.956511	0.291934	0.415541	0.741966	0.226054	0.702057	0.845183	0.0572885	0.576778	9.60249
27	0.582882	0.567901	0.171305	0.952601	0.528034	0.694998	0.0449887	0.569783	0.496849	0.366334	0.700645	0.671393	0.981949	0.476636	0.11321	21.9332
28	0.638867	0.0865988	0.0337357	0.595379	0.378532	0.449277	0.337345	0.604586	0.151333	0.182527	0.661875	0.728111	0.765409	0.229775	0.899416	14.1982
29	0.718009	0.75781	0.594414	0.762998	0.327593	0.0912629	0.129332	0.0282382	0.762655	0.111281	0.504874	0.875865	0.132339	0.662943	0.0101344	20.4198
30	0.0967332	0.764688	0.897189	0.475266	0.213965	0.234534	0.0798517	0.365298	0.417061	0.741726	0.0934095	0.18247	0.971502	0.992825	0.900479	10.3629
31	0.729312	0.58724	0.663478	0.0569044	0.678503	0.79281	0.0851425	0.441158	0.90409	0.590016	0.317023	0.0364298	0.252959	0.327158	0.767382	15.7547
32	0.532071	0.451959	0.899157	0.746036	0.686493	0.979008	0.111334	0.103554	0.720735	0.204744	0.286024	0.692236	0.197569	0.186503	0.421548	18.8354
33	0.784809	0.849981	0.478452	0.463311	0.64279	0.563595	0.904469	0.546881	0.153611	0.221493	0.58331	0.40657	0.54865	0.350693	0.96134	16.2741
34	0.6288	0.0997912	0.850706	0.740134	0.203345	0.571441	0.944878	0.489369	0.263677	0.142447	0.675872	0.685225	0.927256	0.525853	0.163677	13.8487
35	0.390567	0.168643	0.727272	0.295036	0.715524	0.880883	0.516529	0.298834	0.287454	0.0651791	0.649527	0.248793	0.0377204	0.532291	0.662092	10.3973
36	0.901225	0.965228	0.331566	0.846103	0.454597	0.595243	0.98855	0.130469	0.280468	0.915805	0.656322	0.444146	0.306372	0.824965	0.171418	16.0526
37	0.601408	0.540489	0.0523012	0.117937	0.839323	0.339755	0.183116	0.488851	0.588548	0.220837	0.0211416	0.25064	0.130255	0.182232	0.0125236	18.6501
38	0.817188	0.918109	0.562817	0.0976562	0.833915	0.219139	0.541802	0.140287	0.0441041	0.71322	0.741695	0.584593	0.765521	0.859632	0.423916	12.1739
39	0.105276	0.0427483	0.912767	0.693824	0.263585	0.933908	0.944464	0.39384	0.116141	0.956988	0.284219	0.199598	0.93474	0.506164	0.129158	10.7187
40	0.0472672	0.929906	0.421009	0.881182	0.149045	0.96281	0.0214689	0.193149	0.67603	0.763164	0.777742	0.441551	0.622796	0.201658	0.546826	9.61453
41	0.665545	0.114424	0.24065	0.929129	0.0483325	0.185115	0.322969	0.164473	0.142102	0.607188	0.364071	0.0768419	0.113353	0.493229	0.44393	10.9286
42	0.373836	0.857714	0.421678	0.52288	0.820524	0.443147	0.716029	0.496554	0.206311	0.493771	0.938105	0.829107	0.695429	0.484931	0.494651	19.3921
43	0.809853	0.725582	0.423781	0.858186	0.910696	0.74675	0.0226586	0.0527987	0.353938	0.38673	0.129641	0.46729	0.879958	0.573571	0.903996	22.7669
44	0.761709	0.842132	0.470287	0.582233	0.285278	0.186316	0.0787874	0.491589	0.680087	0.0168923	0.320696	0.375516	0.501824	0.815347	0.185369	16.9038
45	0.227405	0.239128	0.0435546	0.138102	0.985878	0.0662133	0.1909	0.339816	0.452943	0.320541	0.807106	0.332901	0.894112	0.711102	0.753355	13.4032
46	0.595486	0.311805	0.0550442	0.880765	0.498121	0.133832	0.372354	0.178208	0.150724	0.69305	0.553724	0.652548	0.508397	0.739093	0.879953	20.6683
47	0.747525	0.782648	0.0180548	0.733403	0.848861	0.208955	0.0732189	0.301804	0.529496	0.880325	0.634705	0.423608	0.591427	0.38806	0.265126	26.068
48	0.864311	0.0750523	0.253114	0.236665	0.25326	0.403838	0.929714	0.806985	0.0563853	0.438111	0.546078	0.936338	0.185636	0.328726	0.954393	5.89068
49	0.919039	0.177587	0.163348	0.992258	0.479391	0.692845	0.872583	0.114095	0.116453	0.46401	0.502155	0.381579	0.528248	0.485701	0.95851	20.7968
50	0.0335627	0.900644	0.586677	0.286823	0.304482	0.516391	0.0938078	0.360867	0.954502	0.639886	0.297205	0.140138	0.968611	0.251598	0.0591773	4.16248
51	0.146198	0.414947	0.0514355	0.625589	0.107792	0.924019	0.739684	0.224245	0.388029	0.241839	0.605824	0.916277	0.72754	0.564334	0.563807	11.9782
52	0.464451	0.664229	0.88472	0.768933	0.180619	0.978528	0.1298	0.135121	0.618414	0.427005	0.275259	0.587025	0.678604	0.334437	0.733223	19.9673
53	0.0935508	0.385872	0.358811	0.201343	0.309891	0.0984953	0.425587	0.69792	0.340334	0.0314112	0.614197	0.0678744	0.595746	0.178004	0.145427	3.95779
54	0.809655	0.078363	0.411389	0.990275	0.056891	0.541189	0.125396	0.675305	0.968195	0.400655	0.262329	0.646799	0.735092	0.995552	0.740349	12.8523
55	0.120964	0.354363	0.941692	0.430855	0.452859	0.367279	0.128775	0.793193	0.39869	0.742972	0.861067	0.994436	0.920976	0.00649389	0.188079	12.0778
56	0.266442	0.974821	0.806424	0.323333	0.516011	0.93182	0.998637	0.484205	0.332475	0.260967	0.131004	0.0675672	0.256519	0.871353	0.188531	16.274
57	0.610882	0.813045	0.619386	0.0637407	0.180324	0.748161	0.856934	0.579015	0.491132	0.718001	0.573451	0.412108	0.724495	0.761529	0.975541	11.8634
58	0.950362	0.347068	0.351304	0.466372	0.278888	0.349941	0.950578	0.611363	0.610908	0.0815815	0.678931	0.867427	0.952935	0.867462	0.478309	14.6427
59	0.76598	0.486848	0.542049	0.946304	0.235008	0.398983	0.525319	0.726141	0.116984	0.0987693	0.138249	0.841479	0.860299	0.11379	0.382123	20.6858
60	0.530524	0.00807863	0.589515	0.481102	0.619442	0.200423	0.562683	0.298373	0.0678498	0.515618	0.165834	0.546158	0.281598	0.652682	0.0882078	7.29541
61	0.227902	0.887691	0.487191	0.75322	0.613831	0.604175	0.851989	0.75208	0.445653	0.712288	0.86587	0.827776	0.600558	0.930022	0.556966	17.7633
62	0.565045	0.429648	0.941648	0.184487	0.630071	0.504331	0.48286	0.697921	0.019949	0.648694	0.244079	0.301547	0.301376	0.332287	0.529448	15.6631
63	0.189067	0.819478	0.282668	0.802898	0.423652	0.134658	0.554979	0.869306	0.846946	0.420849	0.697081	0.447504	0.350871	0.254048	0.287637	16.2423
64	0.717284	0.753065	0.00357988	0.347355	0.257396	0.48644	0.0452758	0.277345	0.135134	0.289355	0.578891	0.43651	0.621642	0.108339	0.625577	20.0942
65	0.441119	0.391008	0.428475	0.864772	0.525666	0.983453	0.734077	0.372612	0.404302	0.431158	0.820116	0.755173	0.685206	0.107753	0.566589	16.5531
66	0.319654	0.507879	0.172393	0.57705	0.994318	0.217668	0.854394	0.129452	0.507023	0.433285	0.565962	0.128665	0.541625	0.191539	0.569784	19.0829
67	0.932633	0.620013	0.434556	0.458298	0.603467	0.168633	0.83091	0.00776873	0.599791	0.651026	0.762941	0.284997	0.758779	0.329531	0.789296	18.3998
68	0.297175	0.756209	0.226234	0.291494	0.973878	0.0806286	0.420946	0.480901	0.513914	0.986908	0.609566	0.0555389	0.178446	0.179349	0.988172	17.5768
69	0.79846	0.613905	0.44647	0.401926	0.782538	0.27738	0.409695	0.382329	0.928406	0.172636	0.667326	0.687185	0.502167	0.456622	0.271002	17.3626
70	0.0272112	0.377587	0.045291	0.00108881	0.458215	0.466237	0.48199	0.972129	0.453144	0.0915551	0.0276679	0.631591	0.270905	0.0158395	0.43005	7.21263
71	0.88481	0.462309	0.831976	0.667347	0.739689	0.241671	0.0496758	0.668095	0.414307	0.717002	0.35528	0.916475	0.173624	0.626282	0.0678269	22.7545
72	0.445413	0.972712	0.654582	0.903628	0.438949	0.136572	0.875758	0.892093	0.228127	0.903425	0.523683	0.499032	0.919265	0.953734	0.383841	21.6996
73	0.381574	0.78571	0.0511884	0.121263	0.0273808	0.100864	0.789359	0.441688	0.817866	0.144639	0.358163	0.991489	0.770922	0.42599	0.91891	13.2548
74	0.891622	0.0789975	0.775032	0.330571	0.215569	0.650789	0.222664	0.443696	0.554215	0.746347	0.942728	0.47348	0.700081	0.326569	0.855054	9.12273
75	0.485791	0.377758	0.976317	0.513172	0.478622	0.765676	0.95486	0.296488	0.910315	0.313023	0.287977	0.681237	0.739013	0.206887	0.105652	17.7403
76	0.184649	0.385448	0.429081	0.400219	0.0362377	0.651745	0.843915	0.590453	0.398092	0.786643	0.0639324	0.0981733	0.113213	0.918986	0.583964	5.67646
77	0.49097	0.895304	0.0971356	0.969592	0.66098	0.0519955	0.26608	0.571295	0.365018	0.554057	0.252532	0.104031	0.760944	0.358184	0.714448	27.1958
78	0.0998962	0.288535	0.943052	0.136134	0.94028	0.786967	0.726587	0.338372	0.57361	0.790519	0.436546	0.686823	0.709505	0.0205097	0.177793	11.0274
79	0.604809	0.117645	0.147385	0.265789	0.169641	0.413465	0.837084	0.534659	0.967522	0.0896162	0.638691	0.728466	0.4478	0.353139	0.58792	8.44812
80	0.876456	0.933684	0.589169	0.816736	0.720651	0.315755	0.155108	0.294261	0.106274	0.591654	0.981083	0.81578	0.612163	0.158876	0.420589	17.3092
81	0.729809	0.306261	0.686378	0.899449	0.719726	0.523463	0.434109	0.687248	0.613079	0.0727994	0.415714	0.0608787	0.425938	0.00363472	0.0515114	20.0801
82	0.696826	0.705846	0.783897	0.851934	0.00010715	0.890172	0.443587	0.98119	0.705951	0.0557506	0.140067	0.12654	0.785559	0.446328	0.812919	20.1067
83	0.685009	0.166054	0.336381	0.119117	0.853302	0.94946	0.191917	0.269017	0.0103391	0.617855	0.272651	0.0618505	0.496827	0.152742	0.047046	10.326
84	0.701501	0.753	0.639038	0.145088	0.73419	0.344989	0.200839	0.874257	0.47153	0.986398	0.320585	0.284448	0.671407	0.486639	0.62083	16.2908
85	0.790524	0.339941	0.57029	0.98244	0.608958	0.580629	0.600295	0.881609	0.64248	0.0971222	0.0343506	0.689526	0.0620913	0.883918	0.442418	21.7199
86	0.195418	0.449995	0.730508	0.929608	0.794985	0.931346	0.803864	0.266514	0.917745	0.124449	0.550963	0.589151	0.611088	0.171792	0.379675	17.4121
87	0.951029	0.742082	0.362115	0.559986	0.322712	0.96241	0.441595	0.965191	0.0595324	0.475946	0.654717	0.121624	0.359864	0.0971351	0.932581	15.8176
88	0.382577	0.675791	0.22216	0.177561	0.607137	0.0260245	0.444076	0.524882	0.150473	0.995038	0.114033	0.761561	0.16683	0.493708	0.71259	13.5011
89	0.908913	0.855824	0.272576	0.231625	0.818234	0.714172	0.196816	0.877766	0.190118	0.851533	0.99939	0.549982	0.948668	0.931971	0.495265	12.7753
90	0.171056	0.463381	0.492109	0.778193	0.489406	0.936185	0.303075	0.639879	0.931223	0.417108	0.40144	0.0980538	0.910816	0.11403	0.0069667	11.912
91	0.76664	0.386606	0.238591	0.584873	0.100777	0.435407	0.46264	0.290895	0.286941	0.462029	0.840877	0.235609	0.394	0.336142	0.47683	17.6107
92	0.940211	0.200658	0.285391	0.429617	0.136843	0.588466	0.0694958	0.0680662	0.00557362	0.470936	0.16612	0.91639	0.584965	0.173087	0.68303	11.552
93	0.971571	0.411678	0.267903	0.0723487	0.847085	0.730543	0.363244	0.134026	0.192572	0.204121	0.369635	0.586572	0.540263	0.846465	0.295121	15.4938
94	0.216292	0.632622	0.921317	0.285788	0.700688	0.92689	0.756724	0.866808	0.84328	0.341689	0.0398946	0.52631	0.313261	0.451573	0.794213	11.9864
95	0.385609	0.298658	0.524755	0.748853	0.432684	0.717327	0.952974	0.802319	0.303899	0.493236	0.648783	0.59902	0.540696	0.435459	0.094799	14.0634
96	0.727421	0.794864	0.937539	0.428109	0.721754	0.694263	0.294917	0.565034	0.0359528	0.334811	0.0913435	0.349213	0.786384	0.885556	0.734823	21.7676
97	0.085042	0.410311	0.483676	0.517726	0.127638	0.43665	0.320045	0.431538	0.929886	0.968828	0.030558	0.470582	0.404287	0.125357	0.34413	6.48745
98	0.687841	0.575803	0.425782	0.723794	0.910614	0.517125	0.0730076	0.696998	0.402681	0.80783	0.78204	0.812992	0.291506	0.299766	0.940631	22.0764
99	0.728156	0.619811	0.372168	0.658041	0.588639	0.402727	0.128624	0.992927	0.528084	0.472753	0.0489652	0.380861	0.611747	0.0425432	0.661748	19.526
100	0.237551	0.898276	0.454179	0.148165	0.415401	0.527186	0.845163	0.818083	0.335017	0.627204	0.631075	0.626523	0.92697	0.571706	0.354679	11.5535
101	0.546781	0.943874	0.01272	0.13542	0.346601	0.141344	0.128347	0.874684	0.614097	0.177312	0.255546	0.225844	0.219855	0.917294	0.698339	19.446
102	0.30301	0.0120162	0.931605	0.148173	0.830099	0.266622	0.775377	0.461174	0.893144	0.702346	0.0328796	0.247823	0.249127	0.976754	0.260543	7.86687
103	0.384547	0.323355	0.401887	0.512894	0.198039	0.0159838	0.690206	0.453585	0.241828	0.910061	0.370878	0.940167	0.860301	0.525723	0.536781	9.58281
104	0.548798	0.196324	0.976906	0.378896	0.462945	0.752282	0.84007	0.35609	0.454629	0.87295	0.603913	0.703756	0.849704	0.864456	0.0883033	14.7229
105	0.173058	0.266342	0.601197	0.371097	0.282326	0.291403	0.824682	0.524154	0.201464	0.19556	0.464321	0.0617648	0.721283	0.00110216	0.326484	8.751
106	0.522808	0.526921	0.928796	0.985753	0.279203	0.768867	0.341843	0.733832	0.641817	0.945755	0.437588	0.49152	0.810211	0.525892	0.664578	24.5207
107	0.0765534	0.127089	0.0356754	0.35888	0.418492	0.860357	0.883034	0.619956	0.0559167	0.347354	0.681721	0.777199	0.348457	0.00820502	0.327214	11.243
108	0.854135	0.827153	0.516766	0.133339	0.596019	0.858608	0.867171	0.237836	0.804364	0.304759	0.729356	0.614575	0.830651	0.393935	0.691128	12.3611
109	0.95774	0.42961	0.0500079	0.376232	0.289967	0.933042	0.996188	0.345884	0.280396	0.677909	0.123083	0.628852	0.686114	0.450297	0.527209	17.8712
110	0.354362	0.733893	0.437771	0.950381	0.592501	0.304942	0.188217	0.396865	0.609702	0.917573	0.0114399	0.440353	0.311508	0.702568	0.398093	19.139
111	0.741118	0.752576	0.774324	0.0310845	0.685618	0.770513	0.376968	0.966014	0.448422	0.500051	0.594866	0.134536	0.950348	0.122075	0.351663	13.4049
112	0.0855561	0.692552	0.426817	0.678057	0.997495	0.615034	0.0749223	0.607197	0.532608	0.0863623	0.0475495	0.844115	0.78893	0.445642	0.585233	13.5649
113	0.541507	0.219967	0.616317	0.227124	0.990479	0.993285	0.193138	0.438901	0.493336	0.788004	0.573437	0.443685	0.910079	0.925101	0.698466	10.7287
114	0.688714	0.388513	0.428367	0.763636	0.99571	0.960974	0.849999	0.0432594	0.80509	0.638929	0.488902	0.390322	0.180436	0.708868	0.00663955	21.3779
115	0.40756	0.699347	0.999925	0.600698	0.138248	0.493261	0.388701	0.711686	0.936946	0.29878	0.636786	0.635412	0.685295	0.647443	0.0264299	19.4838
116	0.414943	0.926994	0.0997935	0.410653	0.887969	0.949792	0.453912	0.693058	0.588721	0.942814	0.0833804	0.769157	0.651682	0.09002	0.176716	18.9878
117	0.351029	0.0899449	0.777414	0.489278	0.583206	0.166115	0.200963	0.520152	0.464895	0.83775	0.155564	0.15019	0.485193	0.181994	0.648817	11.547
118	0.575812	0.921143	0.00758959	0.46378	0.870935	0.461502	0.156838	0.459657	0.404316	0.240219	0.228813	0.0559978	0.330239	0.40553	0.407027	24.1609
119	0.420184	0.182944	0.896304	0.00338965	0.349059	0.0972678	0.523542	0.813954	0.935017	0.679105	0.964144	0.42021	0.861099	0.612961	0.24156	7.12961
120	0.162704	0.465625	0.652553	0.0336392	0.927127	0.809392	0.493296	0.331443	0.0496103	0.722109	0.387441	0.379849	0.127638	0.794468	0.800033	6.44341
121	0.310582	0.690772	0.803422	0.659641	0.78804	0.326964	0.473595	0.723057	0.00606922	0.437739	0.143268	0.867168	0.0507004	0.384828	0.325204	17.0506
122	0.790829	0.892027	0.581171	0.717956	0.701418	0.0744664	0.0493991	0.751029	0.796575	0.43684	0.130878	0.924214	0.231307	0.93091	0.234796	19.0931
123	0.92208	0.734332	0.894437	0.710119	0.0612962	0.368031	0.433177	0.0673654	0.80577	0.576444	0.934534	0.856471	0.961272	0.259737	0.0959441	19.0236
124	0.987971	0.0899746	0.768522	0.689389	0.164441	0.817921	0.440418	0.961016	0.254761	0.571295	0.88523	0.486069	0.502205	0.120026	0.408148	11.2623
125	0.236538	0.0144622	0.118268	0.297834	0.382494	0.551444	0.365199	0.188264	0.127889	0.299733	0.0447344	0.0891611	0.55947	0.140679	0.597965	8.19981
126	0.687939	0.378559	0.818039	0.85238	0.19648	0.258456	0.813397	0.451242	0.829752	0.698627	0.93731	0.331957	0.818652	0.345459	0.568495	17.8589
127	0.833115	0.463726	0.866329	0.215608	0.0151709	0.231528	0.403872	0.14306	0.531261	0.448606	0.232221	0.0907307	0.589285	0.830186	0.700767	16.0976
128	0.0793259	0.535973	0.370506	0.275806	0.794429	0.183902	0.727048	0.624181	0.882529	0.664358	0.956138	0.701181	0.00981694	0.524632	0.534296	8.54805
129	0.473543	0.390961	0.749904	0.488714	0.622489	0.153776	0.631774	0.153749	0.602382	0.863995	0.24448	0.191667	0.69418	0.945247	0.909601	13.345
130	0.300379	0.240003	0.766713	0.027427	0.864184	0.649242	0.691785	0.820322	0.350423	0.701602	0.344954	0.884719	0.175146	0.735915	0.634623	10.3897
131	0.66386	0.358404	0.788399	0.295634	0.512153	0.390781	0.159628	0.756633	0.582448	0.853809	0.701879	0.492049	0.0661142	0.726452	0.937623	14.032
132	0.177627	0.415638	0.0542586	0.0418105	0.0648805	0.746044	0.862132	0.415304	0.447646	0.207086	0.300023	0.622792	0.943001	0.934646	0.286652	6.845
133	0.301404	0.723045	0.582285	0.813557	0.113826	0.741914	0.57019	0.696275	0.595722	0.272069	0.188324	0.661837	0.998521	0.125947	0.310762	15.3677
134	0.345384	0.791281	0.825655	0.207516	0.206584	0.273302	0.414603	0.506608	0.896093	0.357603	0.441254	0.182745	0.659008	0.164299	0.76503	12.4202
135	0.472565	0.278126	0.506944	0.0427547	0.9744	0.102666	0.314824	0.162724	0.764503	0.313345	0.288672	0.0752643	0.338698	0.592245	0.801664	9.1882
136	0.592945	0.243965	0.145146	0.799529	0.517267	0.559749	0.306137	0.41336	0.917352	0.747391	0.596105	0.57636	0.91169	0.361135	0.0489252	18.1597
137	0.189816	0.868078	0.0916799	0.164216	0.970744	0.406504	0.32694	0.735247	0.719849	0.615612	0.810511	0.0585473	0.207857	0.612176	0.476857	14.3414
138	0.720822	0.290633	0.00464964	0.238089	0.850382	0.310786	0.651449	0.767734	0.0581771	0.247554	0.344095	0.969867	0.608689	0.39302	0.159683	17.2929
139	0.476767	0.4847	0.323899	0.447512	0.891203	0.650839	0.182759	0.611052	0.266451	0.99327	0.6696	0.474308	0.605446	0.146457	0.619795	16.4444
140	0.910428	0.815216	0.105368	0.76081	0.126002	0.756818	0.528545	0.184179	0.00437159	0.872639	0.154046	0.61306	0.265659	0.313729	0.0898274	18.8958
141	0.750359	0.637628	0.537339	0.641562	0.288467	0.720098	0.252614	0.554917	0.713368	0.922214	0.0292254	0.318813	0.0686709	0.64902	0.129379	18.5715
142	0.944595	0.0413185	0.320259	0.0705967	0.798136	0.848804	0.254776	0.802508	0.721444	0.408822	0.415568	0.987103	0.722551	0.505395	0.737462	6.66248
143	0.360179	0.0427345	0.379024	0.648645	0.762832	0.631638	0.203563	0.4762	0.553852	0.232788	0.795013	0.622523	0.881808	0.924392	0.558473	10.907
144	0.599792	0.761517	0.939583	0.397928	0.610321	0.194359	0.200435	0.331764	0.603181	0.616003	0.318867	0.325732	0.121399	0.0563285	0.685911	21.8695
145	0.164133	0.435352	0.334556	0.926965	0.0669901	0.538119	0.403165	0.620842	0.770907	0.198178	0.243365	0.652715	0.122569	0.801838	0.0939726	13.7913
146	0.125498	0.999993	0.797574	0.728679	0.615996	0.116441	0.0544111	0.737395	0.17277	0.740322	0.901529	0.608122	0.0748779	0.828494	0.675112	15.8177
147	0.612997	0.231659	0.295954	0.383904	0.429837	0.539319	0.036619	0.552406	0.341157	0.130592	0.543962	0.742787	0.986081	0.475101	0.542345	10.0787
148	0.542338	0.249465	0.329279	0.158334	0.365906	0.38369	0.895729	0.538676	0.124012	0.797258	0.146797	0.198889	0.625752	0.821909	0.811886	10.3295
149	0.857412	0.117863	0.19579	0.287249	0.657182	0.232409	0.839655	0.99834	0.363	0.383618	0.741127	0.349081	0.858719	0.283472	0.800972	10.9703
150	0.0504368	0.788597	0.984143	0.416343	0.172287	0.879873	0.955018	0.296298	0.677131	0.101815	0.495188	0.302883	0.923725	0.307074	0.160295	12.2461
151	0.0415877	0.502864	0.447543	0.69877	0.735272	0.287199	0.69711	0.0982729	0.670816	0.438236	0.447354	0.529535	0.721708	0.248326	0.988853	11.8075
152	0.77745	0.531661	0.715106	0.949737	0.411533	0.670124	0.246035	0.0886641	0.771939	0.741223	0.391547	0.695664	0.0482964	0.551842	0.737252	20.2831
153	0.55116	0.999386	0.436022	0.286432	0.286584	0.133131	0.384705	0.9574	0.571368	0.832059	0.486935	0.293076	0.0803856	0.475789	0.840593	13.5713
154	0.372253	0.0942542	0.202976	0.783787	0.764378	0.449011	0.872451	0.536317	0.190233	0.263998	0.231981	0.23853	0.81584	0.969233	0.78969	13.1345
155	0.815226	0.405255	0.0761223	0.10181	0.538386	0.460828	0.0592099	0.109753	0.292887	0.546145	0.402829	0.373273	0.0219336	0.243422	0.752421	14.4484
156	0.846675	0.478148	0.399462	0.611053	0.927159	0.271912	0.147371	0.117393	0.535911	0.379352	0.355923	0.351751	0.348585	0.145613	0.166976	21.2605
157	0.75384	0.221735	0.268786	0.292225	0.682563	0.327996	0.401979	0.97545	0.874141	0.804808	0.348722	0.896075	0.0482293	0.101144	0.171247	12.5671
158	0.649396	0.0633662	0.558872	0.576555	0.335279	0.706243	0.693948	0.871189	0.0855955	0.0498703	0.22294	0.434181	0.195483	0.389916	0.188021	9.20916
159	0.417218	0.658702	0.480246	0.0997803	0.986698	0.882225	0.07523	0.860839	0.687032	0.423952	0.756914	0.735262	0.525096	0.928161	0.399166	12.6534
160	0.462532	0.0317873	0.154112	0.797811	0.738031	0.848059	0.669	0.823626	0.89793	0.89194	0.257807	0.0934124	0.281857	0.445827	0.51063	17.0603
161	0.940559	0.926073	0.61041	0.927257	0.808298	0.68564	0.788096	0.495331	0.109593	0.54501	0.230592	0.634689	0.473172	0.629758	0.107603	17.089
162	0.890102	0.877421	0.0528993	0.559103	0.701047	0.950829	0.451043	0.958854	0.0442412	0.732899	0.404681	0.554871	0.673458	0.330755	0.165282	19.1082
163	0.600715	0.139053	0.850922	0.388812	0.634383	0.960515	0.933822	0.864976	0.595203	0.406994	0.494734	0.702807	0.457722	0.587025	0.842198	14.2072
164	0.719619	0.715462	0.0362296	0.420666	0.66629	0.487272	0.37952	0.710532	0.220172	0.784202	0.265403	0.89363	0.114956	0.430685	0.494345	21.5348
165	0.254009	0.281607	0.883157	0.888392	0.242122	0.816979	0.753368	0.837325	0.223973	0.248102	0.540132	0.681695	0.835127	0.38233	0.344258	14.9543
166	0.0597192	0.348484	0.522615	0.72601	0.835756	0.902135	0.436541	0.0559282	0.686337	0.701944	0.949558	0.801293	0.132629	0.443904	0.055302	11.4563
167	0.414236	0.327061	0.943695	0.656358	0.14404	0.697063	0.493683	0.368013	0.945165	0.0338147	0.0497085	0.780292	0.416144	0.393966	0.0925461	16.4556
168	0.44103	0.0407074	0.179695	0.276786	0.942842	0.616236	0.332715	0.629179	0.318181	0.282273	0.430472	0.45081	0.726176	0.485774	0.865046	7.26748
169	0.053237	0.429468	0.521404	0.197277	0.126531	0.0150867	0.56529	0.0716956	0.0489014	0.614999	0.851987	0.465046	0.00896501	0.944534	0.983138	2.59175
170	0.0238458	0.642345	0.66235	0.966688	0.258582	0.995064	0.595867	0.576763	0.277337	0.0263388	0.0275728	0.00351349	0.512113	0.892619	0.0567505	9.69913
171	0.941581	0.414023	0.254028	0.0681119	0.42911	0.819318	0.139808	0.478011	0.434317	0.991795	0.943057	0.443282	0.936329	0.926195	0.905932	13.3111
172	0.548278	0.984242	0.916729	0.806859	0.979307	0.512596	0.383622	0.256644	0.538935	0.411195	0.260157	0.0510475	0.303814	0.316908	0.992629	26.6963
173	0.717837	0.570936	0.0607404	0.146947	0.390253	0.200548	0.624958	0.82457	0.192343	0.568015	0.267852	0.128672	0.49421	0.173784	0.450564	16.4508
174	0.434806	0.36098	0.528921	0.414113	0.873576	0.912543	0.670757	0.412511	0.323738	0.930914	0.463558	0.627552	0.247822	0.456187	0.345389	14.9736
175	0.818758	0.516927	0.492336	0.209011	0.717475	0.117294	0.0335814	0.909818	0.685308	0.301433	0.03849	0.179518	0.475217	0.489054	0.623769	14.9855
176	0.638743	0.00872991	0.270835	0.962481	0.939644	0.734394	0.590033	0.187467	0.190581	0.935422	0.0062243	0.707508	0.427758	0.215236	0.424983	16.4416
177	0.545052	0.248817	0.334801	0.23036	0.55025	0.373291	0.409878	0.0254675	0.862345	0.0336466	0.222746	0.786205	0.0183952	0.948946	0.124178	10.7205
178	0.132908	0.147555	0.55017	0.0725525	0.881949	0.140203	0.260019	0.0725295	0.0756256	0.266243	0.780037	0.503384	0.481479	0.205021	0.0484354	6.03107
179	0.730296	0.539822	0.278795	0.280546	0.913113	0.688673	0.306013	0.775459	0.72232	0.52876	0.561664	0.740715	0.477706	0.685842	0.617435	19.1596
180	0.891303	0.646939	0.755768	0.151322	0.719468	0.831394	0.417565	0.499506	0.334778	0.899044	0.704526	0.383213	0.62934	0.244348	0.662008	16.7224
181	0.909886	0.157461	0.350681	0.215899	0.93292	0.073001	0.744658	0.494584	0.813716	0.222364	0.180426	0.431151	0.287759	0.999177	0.19614	12.5789
182	0.0418015	0.562548	0.490486	0.459367	0.0620533	0.825264	0.358411	0.76658	0.208477	0.987751	0.0109277	0.870485	0.897636	0.168389	0.221167	6.08845
183	0.113535	0.101309	0.294168	0.858193	0.595893	0.107883	0.0805576	0.776319	0.539034	0.368317	0.775496	0.735174	0.271641	0.665975	0.578254	13.1501
184	0.140801	0.421219	0.167143	0.202855	0.246483	0.525554	0.969434	0.45496	0.513305	0.980362	0.325445	0.410941	0.148751	0.546612	0.524476	7.51264
185	0.25006	0.840779	0.382669	0.845953	0.948663	0.463227	0.622272	0.487697	0.831543	0.397768	0.222871	0.103184	0.0637432	0.801125	0.0339168	19.5412
186	0.144781	0.701619	0.464217	0.114215	0.156579	0.977522	0.0945765	0.482024	0.388463	0.243328	0.0286354	0.912939	0.493388	0.869415	0.295608	5.79334
187	0.339341	0.818077	0.758834	0.961613	0.305774	0.590377	0.359381	0.528645	0.693561	0.423124	0.329769	0.727478	0.194644	0.271695	0.182614	19.1012
188	0.884233	0.597525	0.530691	0.0408117	0.575047	0.625267	0.522835	0.96351	0.868595	0.551471	0.876449	0.361982	0.420885	0.172057	0.701323	13.0255
189	0.238963	0.930891	0.662936	0.544736	0.521268	0.0223176	0.073381	0.214829	0.445442	0.40315	0.942307	0.640086	0.674846	0.124921	0.773394	13.5393
190	0.049966	0.945966	0.247279	0.572801	0.909476	0.115874	0.124272	0.785925	0.477856	0.545158	0.957982	0.179179	0.78412	0.888872	0.842115	14.4299
191	0.328857	0.41014	0.864433	0.402238	0.62497	0.309875	0.805388	0.567277	0.949961	0.480234	0.692199	0.723355	0.571555	0.701353	0.0942737	13.1696
192	0.0402397	0.440847	0.324121	0.949716	0.556721	0.448393	0.735641	0.0345765	0.993551	0.693622	0.213756	0.777671	0.582495	0.0558709	0.106527	14.0679
193	0.992635	0.920304	0.508765	0.617605	0.230179	0.314153	0.184883	0.18014	0.794387	0.877081	0.903495	0.365942	0.578435	0.997768	0.55951	9.92605
194	0.000356919	0.653874	0.987724	0.557078	0.102267	0.723365	0.591654	0.0958177	0.416987	0.80541	0.873489	0.999482	0.861281	0.980016	0.992117	10.6141
195	0.781584	0.488781	0.609722	0.0117633	0.802934	0.794605	0.191903	0.597321	0.671686	0.0953979	0.963263	0.250121	0.0931663	0.522773	0.579874	12.5965
196	0.233749	0.118898	0.0802078	0.336016	0.842263	0.671862	0.431833	0.25925	0.477272	0.305322	0.258732	0.338552	0.285338	0.250849	0.120137	12.0368
197	0.774119	0.860571	0.1319	0.577053	0.655176	0.323803	0.174375	0.326862	0.419201	0.137638	0.576983	0.512367	0.660411	0.156857	0.643542	19.2272
198	0.76244	0.263749	0.726621	0.604703	0.935611	0.158455	0.863953	0.412883	0.463777	0.122685	0.751435	0.749115	0.373534	0.871572	0.523234	17.2441
199	0.234105	0.00347144	0.100288	0.889282	0.327274	0.274662	0.216144	0.746475	0.4123	0.793127	0.258843	0.0727112	0.949984	0.902384	0.256253	12.5225
200	0.520002	0.0672112	0.269527	0.455613	0.225666	0.13348	0.868496	0.689443	0.256165	0.61993	0.438558	0.629699	0.491502	0.961792	0.863804	9.11193
201	0.494973	0.0620798	0.753086	0.822248	0.336742	0.96923	0.568723	0.749042	0.762356	0.827566	0.821753	0.71234	0.72995	0.078006	0.0529298	10.5173
202	0.120141	0.664301	0.0536207	0.345807	0.79778	0.922116	0.0352498	0.053945	0.542047	0.473808	0.683644	0.0335485	0.4356	0.547448	0.528522	15.4349
203	0.497679	0.300534	0.35077	0.834421	0.269764	0.919493	0.583464	0.0321198	0.747059	0.405217	0.74446	0.477009	0.483223	0.79739	0.871783	14.7757
204	0.263337	0.333864	0.0569679	0.298587	0.387809	0.599015	0.772395	0.0714528	0.632563	0.207994	0.618901	0.161085	0.705674	0.919435	0.511854	10.4704
205	0.540095	0.189199	0.431347	0.123559	0.221318	0.178406	0.528776	0.965778	0.655415	0.0119987	0.763168	0.527197	0.0932296	0.680698	0.0632809	4.84866
206	0.242623	0.784954	0.884064	0.0150175	0.856407	0.516627	0.223012	0.475308	0.677711	0.928685	0.394743	0.189566	0.468781	0.583941	0.620913	11.4617
207	0.592339	0.805259	0.799319	0.121115	0.771038	0.454734	0.133114	0.534205	0.981931	0.226343	0.214903	0.0452119	0.454424	0.158939	0.442357	18.3327
208	0.22731	0.623537	0.416579	0.083717	0.140164	0.639591	0.559024	0.817875	0.568277	0.953767	0.00744101	0.0370571	0.537708	0.628354	0.629396	5.36741
209	0.342968	0.427673	0.750511	0.114005	0.882406	0.883625	0.64821	0.864337	0.109968	0.863114	0.909549	0.564392	0.0220529	0.351906	0.303865	9.54586
210	0.927403	0.840194	0.662933	0.0675663	0.479785	0.221958	0.885441	0.0480619	0.175725	0.892882	0.085119	0.713433	0.521237	0.714515	0.0564005	11.7705
211	0.948909	0.465026	0.170406	0.831316	0.348651	0.818616	0.695653	0.458619	0.68173	0.605203	0.0230108	0.703783	0.957109	0.326876	0.127397	22.304
212	0.967591	0.199259	0.321845	0.447377	0.421216	0.207287	0.495439	0.596941	0.100169	0.580558	0.310374	0.621406	0.295073	0.366775	0.570315	11.2532
213	0.760099	0.53718	0.401631	0.10875	0.355796	0.0972843	0.567369	0.0375259	0.702487	0.59038	0.741308	0.659596	0.917256	0.868706	0.195921	12.3009
214	0.395179	0.49338	0.283674	0.816396	0.700667	0.779113	0.413337	0.800836	0.35967	0.723711	0.422242	0.654743	0.090486	0.992557	0.414843	18.708
215	0.627666	0.394188	0.523593	0.983462	0.491472	0.0909622	0.0209883	0.193959	0.681342	0.762297	0.853555	0.598599	0.631003	0.0494756	0.770134	17.8595
216	0.263514	0.750974	0.26105	0.964181	0.530087	0.674387	0.765018	0.889757	0.398099	0.18726	0.5445	0.488584	0.179817	0.959343	0.116251	16.7922
217	0.574005	0.482936	0.0997131	0.0654773	0.573898	0.120701	0.259437	0.25524	0.882998	0.112992	0.853839	0.514001	0.162467	0.623973	0.981301	14.6267
218	0.732274	0.868172	0.851668	0.262361	0.54256	0.616686	0.152118	0.940658	0.803946	0.696618	0.429243	0.983763	0.655961	0.545493	0.557767	17.8145
219	0.138897	0.645206	0.623245	0.712795	0.765908	0.882681	0.968036	0.648906	0.995673	0.821875	0.162907	0.15814	0.445847	0.144207	0.765262	13.6828
220	0.633434	0.185002	0.138843	0.175994	0.801688	0.290961	0.116652	0.605634	0.98758	0.545894	0.589397	0.643541	0.0913878	0.147164	0.782438	12.782
221	0.736594	0.770409	0.495234	0.502502	0.65309	0.463269	0.151408	0.648763	0.285144	0.314315	0.806903	0.730991	0.458522	0.572165	0.064325	17.454
222	0.249327	0.473847	0.381592	0.0510156	0.764808	0.498244	0.65665	0.752388	0.0441388	0.246046	0.395929	0.135527	0.39321	0.178367	0.872121	7.14769
223	0.163619	0.673601	0.374623	0.816709	0.13687	0.526031	0.465472	0.422014	0.840346	0.272375	0.153005	0.298869	0.844539	0.21733	0.633873	11.9196
224	0.10772	0.431731	0.517673	0.872529	0.929975	0.174323	0.624917	0.974114	0.420369	0.0208458	0.10964	0.813579	0.199213	0.981761	0.977198	14.7898
225	0.872814	0.356384	0.793907	0.00968375	0.882415	0.25938	0.431698	0.722761	0.531754	0.584703	0.0216301	0.376294	0.802032	0.655503	0.426432	13.7388
226	0.858162	0.786363	0.635752	0.788137	0.960685	0.260669	0.762251	0.381054	0.281515	0.871891	0.194633	0.480728	0.853652	0.171831	0.353541	22.4784
227	0.210037	0.965739	0.363225	0.0924517	0.225118	0.794923	0.815213	0.756873	0.379625	0.836843	0.133166	0.181658	0.492346	0.559598	0.450347	6.83169
228	0.23671	0.891322	0.205898	0.197395	0.151991	0.968149	0.578449	0.433505	0.84004	0.773082	0.914233	0.693693	0.944913	0.267774	0.903729	10.0984
229	0.910652	0.630999	0.996181	0.135771	0.425922	0.811394	0.892644	0.805547	0.648238	0.0258101	0.987205	0.140584	0.585408	0.437552	0.396153	17.4624
230	0.871657	0.439466	0.177216	0.450106	0.872971	0.0172568	0.223188	0.787205	0.71095	0.168102	0.054979	0.614679	0.0787541	0.685978	0.610861	19.358
231	0.214525	0.111901	0.422255	0.107169	0.917448	0.0704925	0.132979	0.904653	0.211076	0.718387	0.342206	0.60723	0.721556	0.0164681	0.894705	6.22101
232	0.338232	0.207143	0.125096	0.56142	0.994347	0.836046	0.729521	0.0493262	0.450725	0.808275	0.735305	0.0615859	0.0228004	0.847205	0.483841	14.8419
233	0.129969	0.764653	0.554333	0.262947	0.669307	0.76541	0.981334	0.0115122	0.37264	0.702891	0.0279803	0.267345	0.633514	0.916106	0.601516	9.96258
234	0.808659	0.86645	0.815757	0.803006	0.702496	0.545278	0.852332	0.153221	0.353554	0.587636	0.214807	0.376354	0.434842	0.698648	0.506323	20.7434
235	0.199495	0.252981	0.769271	0.868802	0.0183912	0.750605	0.880314	0.391031	0.453496	0.908294	0.658376	0.0870093	0.8244	0.259892	0.828363	12.1257
236	0.871556	0.397308	0.439772	0.723888	0.55053	0.793326	0.311524	0.765337	0.16968	0.746366	0.463985	0.676003	0.945861	0.716966	0.445273	19.5617
237	0.814662	0.735358	0.195879	0.694976	0.126389	0.649374	0.60327	0.784764	0.736383	0.42767	0.0446557	0.564746	0.506407	0.113206	0.259558	18.9101
238	0.656867	0.840673	0.708649	0.207396	0.633998	0.0201733	0.972733	0.803678	0.766539	0.436718	0.479681	0.7124	0.153684	0.924955	0.527063	16.181
239	0.889042	0.120833	0.222039	0.0154305	0.770207	0.825309	0.800195	0.50659	0.252979	0.84485	0.0713363	0.759386	0.958056	0.330895	0.160287	7.69746
240	0.67164	0.16789	0.438636	0.438179	0.604608	0.918317	0.150579	0.758293	0.843271	0.677642	0.647335	0.964104	0.899681	0.662765	0.734311	11.4645
241	0.72499	0.46296	0.240902	0.977969	0.30781	0.312238	0.737355	0.265866	0.643132	0.897642	0.208684	0.630894	0.898601	0.860151	0.826051	23.5981
242	0.993941	0.972194	0.96997	0.598549	0.890511	0.120549	0.356842	0.733782	0.798191	0.00417629	0.697886	0.697872	0.666941	0.432197	0.422861	18.0346
243	0.129901	0.673099	0.40083	0.437711	0.985336	0.138185	0.703578	0.628469	0.0358272	0.912262	0.259362	0.934428	0.772412	0.0854131	0.467987	11.9822
244	0.44018	0.274174	0.677903	0.330691	0.394723	0.034745	0.0644727	0.192914	0.0389213	0.762359	0.890786	0.705863	0.194556	0.313647	0.835764	9.11901
245	0.867654	0.714478	0.273475	0.852991	0.852663	0.977052	0.481459	0.88849	0.889314	0.740822	0.822919	0.661726	0.826235	0.290905	0.96593	23.5737
246	0.240103	0.583492	0.0617766	0.634826	0.618237	0.126249	0.82774	0.657158	0.888608	0.718526	0.363021	0.0831634	0.0321735	0.198785	0.950818	17.8003
247	0.746651	0.47226	0.803808	0.599315	0.449312	0.285267	0.487805	0.338626	0.0260891	0.310724	0.000352373	0.852324	0.601629	0.966282	0.757913	18.413
248	0.341405	0.394491	0.841211	0.959642	0.52074	0.668952	0.6168	0.409348	0.387478	0.979821	0.492511	0.419651	0.178605	0.443329	0.166303	17.5469
249	0.650865	0.247137	0.765617	0.100177	0.532404	0.253422	0.438803	0.558493	0.564146	0.439155	0.410817	0.165774	0.405438	0.16873	0.498488	12.3501
250	0.892979	0.453034	0.469776	0.413719	0.121986	0.0865759	0.823067	0.509464	0.0663968	0.315578	0.929115	0.245002	0.758907	0.0954177	0.895867	14.5398
251	0.00604346	0.861035	0.996044	0.538448	0.114457	0.434848	0.0969408	0.678603	0.874003	0.507758	0.844377	0.279441	0.676487	0.342865	0.891263	10.3596
252	0.344298	0.656398	0.649563	0.466283	0.742974	0.47263	0.975747	0.80937	0.788208	0.904862	0.0543727	0.547115	0.000279942	0.95024	0.553158	14.7686
253	0.861315	0.946284	0.0916059	0.975772	0.381132	0.188547	0.654375	0.255135	0.696305	0.498752	0.534575	0.372792	0.841617	0.425839	0.559414	19.6066
254	0.23642	0.958785	0.199655	0.212167	0.768155	0.987863	0.117029	0.822528	0.534978	0.117309	0.772768	0.088136	0.978624	0.719052	0.179742	15.0051
255	0.954396	0.100184	0.368289	0.608771	0.355319	0.0645931	0.107522	0.889895	0.437385	0.949139	0.315733	0.996799	0.0266007	0.0858698	0.21261	12.3038
256	0.171395	0.95328	0.534457	0.939551	0.941143	0.651486	0.762079	0.476121	0.768795	0.534847	0.564257	0.747419	0.253899	0.743999	0.701815	18.2412
257	0.354083	0.112287	0.310585	0.709403	0.176881	0.418107	0.599297	0.614266	0.367247	0.915031	0.611065	0.393848	0.000900527	0.823675	0.147473	10.0314
258	0.518017	0.277927	0.231546	0.0822743	0.0253457	0.485445	0.826273	0.72716	0.839528	0.93856	0.0377454	0.548931	0.115441	0.455853	0.148228	8.68974
259	0.729707	0.8231	0.0632589	0.340771	0.216947	0.0641595	0.164446	0.36442	0.38735	0.159516	0.465173	0.244996	0.0941366	0.50707	0.754129	17.8254
260	0.784562	0.347356	0.872195	0.822307	0.896287	0.987636	0.27816	0.0445148	0.717343	0.10126	0.107774	0.0581138	0.318207	0.171933	0.22256	23.7825
261	0.682627	0.559283	0.382076	0.1478	0.804279	0.476212	0.65487	0.558408	0.267048	0.679957	0.590463	0.28943	0.787318	0.647865	0.797257	16.7761
262	0.144613	0.593148	0.254734	0.0408992	0.580784	0.532894	0.0854141	0.298126	0.634153	0.193188	0.35624	0.95236	0.365121	0.5788	0.634987	6.66437
263	0.924404	0.960875	0.782787	0.728683	0.437087	0.437657	0.287091	0.704136	0.117614	0.877554	0.993566	0.904933	0.525419	0.790823	0.625886	13.8579
264	0.976335	0.799817	0.745472	0.0617487	0.0979433	0.379626	0.254937	0.454183	0.331986	0.620058	0.032983	0.966973	0.544461	0.993858	0.74976	7.99679
265	0.273144	0.430946	0.187417	0.560235	0.135081	0.305032	0.437789	0.128647	0.209964	0.963208	0.91947	0.83585	0.921053	0.854905	0.0548832	11.6819
266	0.8547	0.879104	0.892989	0.952644	0.258729	0.147925	0.406827	0.590715	0.767983	0.43981	0.557688	0.312444	0.433668	0.307448	0.585588	21.0979
267	0.864614	0.494865	0.145823	0.999695	0.799896	0.583612	0.128342	0.0098606	0.54682	0.0478119	0.84571	0.467873	0.902717	0.900594	0.601504	27.0686
268	0.480608	0.626945	0.707937	0.739338	0.77487	0.114764	0.330053	0.542853	0.554574	0.887741	0.855297	0.988242	0.195188	0.440886	0.852856	21.1406
269	0.690053	0.586709	0.852551	0.489949	0.170321	0.980893	0.49981	0.717141	0.0287054	0.34552	0.185014	0.931422	0.246114	0.786519	0.665379	16.7701
270	0.00646503	0.0671951	0.824109	0.336518	0.610048	0.378683	0.224259	0.465346	0.366926	0.419447	0.906231	0.219782	0.1095	0.49294	0.0723329	9.56177
271	0.599449	0.663262	0.0532264	0.0992593	0.380403	0.0819318	0.44478	0.565417	0.0133542	0.690894	0.351936	0.678733	0.692302	0.619063	0.971058	15.0551
272	0.0382532	0.225756	0.962046	0.648301	0.60444	0.186305	0.113647	0.971365	0.605752	0.0198783	0.191147	0.715252	0.512819	0.26348	0.314701	15.7292
273	0.17608	0.316706	0.41396	0.556484	0.398638	0.85874	0.121901	0.411992	0.549634	0.473837	0.0907257	0.241935	0.0929004	0.0617837	0.643582	9.74097
274	0.869339	0.680475	0.748338	0.473779	0.86678	0.861985	0.445144	0.472532	0.881864	0.636291	0.187784	0.394682	0.899771	0.502485	0.570763	19.3597
275	0.216477	0.916445	0.127246	0.615115	0.775185	0.249147	0.0271075	0.324819	0.722984	0.117833	0.566755	0.815885	0.179617	0.210337	0.534314	18.4307
276	0.214789	0.0279923	0.553454	0.0815687	0.889978	0.998598	0.554101	0.771841	0.634889	0.741884	0.166524	0.53466	0.244369	0.737287	0.751137	5.10697
277	0.160814	0.864533	0.366252	0.936	0.11368	0.39336	0.260819	0.836664	0.511193	0.827573	0.652549	0.69081	0.0379103	0.186863	0.970464	13.5752
278	0.998456	0.67104	0.48322	0.888434	0.669638	0.0373206	0.660275	0.304527	0.779205	0.826799	0.839187	0.0235743	0.564086	0.590323	0.184389	20.6035
279	0.428618	0.956576	0.120389	0.542298	0.349935	0.381207	0.378963	0.861128	0.208781	0.031512	0.551938	0.246691	0.218375	0.522402	0.364277	21.9992
280	0.0353169	0.103246	0.409292	0.704955	0.140567	0.069567	0.00948156	0.919772	0.896366	0.848668	0.943346	0.460452	0.438992	0.127735	0.88907	8.43839
281	0.395567	0.248123	0.431368	0.745502	0.629331	0.810331	0.606631	0.838112	0.841843	0.158569	0.0848026	0.0602179	0.680971	0.44908	0.680244	12.2966
282	0.78349	0.61112	0.189351	0.924057	0.680687	0.198833	0.843828	0.577053	0.0475008	0.787174	0.0375049	0.486492	0.914909	0.926575	0.882059	24.4769
283	0.163032	0.357943	0.627562	0.792363	0.168275	0.234192	0.630474	0.0101177	0.392761	0.715277	0.0703356	0.0737316	0.164357	0.75058	0.27556	13.0373
284	0.88668	0.838104	0.458126	0.567368	0.0369368	0.301954	0.144421	0.0844376	0.0891284	0.181926	0.57093	0.00403726	0.108501	0.452989	0.167069	13.6019
285	0.466444	0.0805512	0.959432	0.634718	0.314744	0.589907	0.644836	0.707505	0.305184	0.715172	0.781236	0.46954	0.465751	0.0567962	0.118293	13.9076
286	0.510844	0.993334	0.759901	0.655265	0.0777718	0.849029	0.837191	0.648702	0.853067	0.945691	0.101691	0.020136	0.412135	0.182242	0.979568	18.2356
287	0.0468533	0.496986	0.569475	0.691689	0.20449	0.874659	0.406861	0.985727	0.344199	0.872612	0.0425227	0.462492	0.872433	0.985999	0.418889	6.68782
288	0.412224	0.0902808	0.152108	0.489995	0.93931	0.989299	0.138697	0.792377	0.93499	0.240388	0.812513	0.347125	0.42263	0.792081	0.393978	13.1449
289	0.919616	0.361556	0.0856672	0.124107	0.236214	0.492528	0.109833	0.580413	0.365141	0.152356	0.0429054	0.237574	0.138355	0.461795	0.567954	14.8279
290	0.658234	0.787306	0.364014	0.597545	0.776605	0.502711	0.389921	0.711595	0.743099	0.202434	0.0587192	0.165729	0.994514	0.452697	0.0853455	21.1118
291	0.35607	0.538364	0.209452	0.592285	0.0308925	0.319286	0.172698	0.396033	0.471642	0.215603	0.633607	0.609997	0.677398	0.201561	0.245195	13.5903
292	0.0325016	0.91543	0.45734	0.809107	0.41814	0.847261	0.520701	0.161239	0.0496945	0.57942	0.326968	0.0442089	0.0321174	0.412314	0.400279	12.2697
293	0.570482	0.621766	0.992564	0.601374	0.941052	0.165262	0.997407	0.412693	0.380865	0.631014	0.0226899	0.0582629	0.832575	0.267885	0.609679	25.6134
294	0.525109	0.14971	0.109493	0.943249	0.996971	0.630194	0.104488	0.046665	0.209615	0.431457	0.0908739	0.241732	0.843771	0.491153	0.812214	18.806
295	0.465537	0.483717	0.413588	0.406589	0.648978	0.410995	0.819282	0.0298433	0.042009	0.841972	0.0881062	0.874584	0.109857	0.697785	0.566954	13.5061
296	0.716664	0.519737	0.166144	0.713634	0.149931	0.270632	0.760299	0.359546	0.702089	0.851173	0.601278	0.54586	0.342326	0.413492	0.0113964	17.9248
297	0.826043	0.82708	0.417985	0.475021	0.238075	0.237267	0.504865	0.280084	0.0792385	0.592971	0.154667	0.189095	0.290756	0.721621	0.599339	15.0852
298	0.119075	0.679794	0.151919	0.269006	0.950426	0.912218	0.628552	0.652515	0.763392	0.229831	0.198374	0.105718	0.643323	0.209771	0.931761	9.57272
299	0.470402	0.627756	0.406782	0.708477	0.865022	0.911647	0.98856	0.944261	0.504618	0.143228	0.133356	0.795374	0.864849	0.732695	0.309024	19.1328
300	0.988818	0.455053	0.120776	0.939244	0.367272	0.749329	0.591758	0.130663	0.979159	0.790132	0.236381	0.622482	0.999903	0.168141	0.0928841	24.7917
301	0.627658	0.574924	0.801361	0.492681	0.48657	0.789921	0.436941	0.991188	0.933149	0.570297	0.786562	0.797998	0.302992	0.0955856	0.101132	18.662
302	0.0236472	0.923456	0.0248668	0.615406	0.0541195	0.00402618	0.405538	0.2905	0.626508	0.405441	0.458642	0.719392	0.0330992	0.0335653	0.520753	9.92214
303	0.52578	0.520136	0.310674	0.962721	0.511323	0.243823	0.533019	0.297885	0.0418207	0.836011	0.393471	0.142952	0.990772	0.477874	0.699137	18.7294
304	0.622594	0.291177	0.116927	0.676713	0.295203	0.522465	0.967213	0.921711	0.927906	0.425855	0.641104	0.961005	0.45942	0.161857	0.486785	16.5817
305	0.979556	0.472531	0.449506	0.490879	0.716354	0.982525	0.788764	0.758175	0.818535	0.182235	0.901127	0.809308	0.660109	0.600264	0.075618	17.9076
306	0.366795	0.278558	0.899571	0.661999	0.801023	0.866784	0.58371	0.728929	0.292639	0.224814	0.689934	0.752059	0.386671	0.176718	0.731615	16.5097
307	0.859202	0.626225	0.222494	0.575556	0.608749	0.0112589	0.33373	0.427285	0.193494	0.234857	0.236592	0.853604	0.835121	0.31221	0.0152345	19.8649
308	0.293792	0.95755	0.341004	0.0948153	0.824333	0.924714	0.823744	0.116972	0.149528	0.513677	0.869031	0.536199	0.690396	0.600646	0.395401	13.4702
309	0.316621	0.823141	0.970956	0.92537	0.8344	0.304687	0.352655	0.027894	0.539544	0.589247	0.881498	0.374665	0.901458	0.896732	0.432644	25.5013
310	0.390194	0.921468	0.28534	0.214527	0.846182	0.109084	0.331499	0.99571	0.622761	0.200531	0.531909	0.313157	0.801177	0.92731	0.629778	15.0458
311	0.624318	0.898266	0.555148	0.458718	0.202952	0.907802	0.486612	0.742496	0.49705	0.368109	0.117161	0.398507	0.264841	0.549805	0.978971	15.4102
312	0.900438	0.740705	0.154526	0.74662	0.849789	0.486025	0.742331	0.47255	0.686556	0.27424	0.785707	0.487733	0.201549	0.415485	0.112051	23.4549
313	0.0998152	0.970633	0.570769	0.302768	0.878435	0.0573803	0.0452637	0.375485	0.425489	0.162425	0.773992	0.690331	0.71223	0.752963	0.145696	11.8072
314	0.886402	0.806756	0.400022	0.736191	0.292781	0.142352	0.208741	0.979337	0.416592	0.994449	0.46707	0.618141	0.409934	0.579121	0.717957	18.1281
315	0.380567	0.14989	0.0207242	0.259002	0.20727	0.0659879	0.634487	0.63276	0.228413	0.408479	0.32309	0.940643	0.161442	0.468787	0.592873	11.1031
316	0.399629	0.214866	0.0913795	0.69241	0.357218	0.300121	0.671747	0.77381	0.294569	0.138818	0.391952	0.704503	0.717939	0.109908	0.0850698	14.2086
317	0.867829	0.130632	0.344072	0.0750998	0.19662	0.978559	0.70786	0.425033	0.387038	0.0309501	0.365677	0.54848	0.499737	0.958549	0.363324	6.66967
318	0.57819	0.946305	0.0505881	0.935408	0.246426	0.722335	0.709218	0.540995	0.861153	0.101169	0.245498	0.579093	0.211078	0.330568	0.446922	24.1315
319	0.34171	0.67464	0.522022	0.53833	0.653198	0.229881	0.963364	0.0402364	0.260831	0.32904	0.588717	0.760568	0.28759	0.952041	0.615494	17.4402
320	0.561799	0.696356	0.465638	0.808225	0.418691	0.174856	0.34922	0.279845	0.276025	0.594718	0.858937	0.487103	0.925286	0.305859	0.828813	20.068
321	0.599926	0.827881	0.367143	0.253124	0.0577622	0.330506	0.293361	0.318594	0.659547	0.882078	0.0791618	0.947136	0.834118	0.694656	0.592904	12.4287
322	0.28926	0.829987	0.0646789	0.707951	0.00484273	0.413899	0.987796	0.280868	0.0086165	0.846733	0.76797	0.933903	0.152592	0.596783	0.533829	16.4057
323	0.980473	0.963926	0.786953	0.0382354	0.294432	0.0803139	0.356829	0.953979	0.962391	0.435991	0.901115	0.79651	0.130646	0.49402	0.160859	4.69677
324	0.990845	0.45178	0.491231	0.995688	0.865678	0.479027	0.276556	0.874295	0.32576	0.0445265	0.808197	0.478353	0.64131	0.342026	0.458826	25.4583
325	0.605236	0.128979	0.497061	0.899668	0.209293	0.85389	0.853647	0.171684	0.289881	0.754763	0.968194	0.420527	0.248782	0.129053	0.807628	10.7741
326	0.115586	0.125086	0.00231972	0.392142	0.99938	0.32808	0.436669	0.807578	0.806433	0.0779785	0.149604	0.265258	0.683214	0.278583	0.76232	14.4904
327	0.582882	0.487875	0.61621	0.436529	0.65956	0.906091	0.191292	0.627754	0.326618	0.440074	0.756807	0.134247	0.472136	0.876705	0.393654	15.7298
328	0.384433	0.518121	0.325828	0.821102	0.325698	0.132261	0.899081	0.475302	0.397519	0.582295	0.753884	0.159839	0.165177	0.24176	0.776049	16.4266
329	0.601706	0.90132	0.68214	0.792998	0.529073	0.00875863	0.233072	0.28588	0.143005	0.705208	0.162585	0.53666	0.700636	0.154876	0.0553997	23.0171
330	0.57352	0.0242128	0.360412	0.899219	0.156474	0.259493	0.374521	0.553993	0.841787	0.128405	0.713832	0.00696443	0.370165	0.489881	0.608671	10.9702
331	0.271484	0.172021	0.401669	0.800558	0.18078	0.634741	0.0864379	0.323785	0.339949	0.249023	0.860445	0.040585	0.403899	0.915844	0.73897	11.2582
332	0.763182	0.30362	0.388583	0.919656	0.563112	0.763104	0.473649	0.4049	0.891509	0.187481	0.411864	0.261674	0.677362	0.0205349	0.533158	18.8972
333	0.849383	0.422204	0.333716	0.0301624	0.0569444	0.420154	0.353947	0.396893	0.669177	0.214392	0.437478	0.0730753	0.130236	0.176448	0.0162833	10.3291
334	0.319903	0.00818395	0.859286	0.883015	0.771288	0.332935	0.287915	0.662797	0.520416	0.699779	0.92447	0.197777	0.720314	0.457628	0.0471598	15.939
335	0.142518	0.791344	0.0773222	0.199462	0.211498	0.43127	0.596355	0.880675	0.645661	0.0338332	0.95375	0.775898	0.210281	0.970033	0.395498	9.32263
336	0.403682	0.00919706	0.172952	0.17497	0.342132	0.460867	0.837767	0.862547	0.160646	0.762237	0.0603246	0.880961	0.219865	0.107484	0.0234785	5.25295
337	0.0112094	0.184807	0.222941	0.222708	0.616076	0.819296	0.103382	0.261738	0.853129	0.0571325	0.0376353	0.0634099	0.0271659	0.433134	0.213321	6.41566
338	0.222518	0.490054	0.0117859	0.56465	0.950921	0.849553	0.427197	0.111568	0.611789	0.487522	0.992528	0.831655	0.595006	0.0160068	0.842864	19.4336
339	0.779813	0.238947	0.0655716	0.395889	0.0582432	0.168954	0.657627	0.911372	0.226086	0.695262	0.974782	0.253252	0.128396	0.188103	0.570355	14.0063
340	0.0604088	0.976997	0.975271	0.01133	0.82655	0.402468	0.122898	0.438339	0.88999	0.115426	0.269994	0.484996	0.131433	0.112858	0.264809	10.5196
341	0.37038	0.17843	0.660698	0.428623	0.347383	0.318325	0.339996	0.57347	0.0135868	0.314778	0.826722	0.141982	0.502881	0.397077	0.107194	9.45592
342	0.0841912	0.888773	0.468816	0.910741	0.291241	0.591713	0.349081	0.181231	0.707139	0.619074	0.666227	0.838572	0.731932	0.931037	0.208952	12.8243
343	0.910362	0.591735	0.637575	0.257745	0.910059	0.977571	0.831215	0.923646	0.292348	0.657937	0.0656285	0.795229	0.0550142	0.172822	0.708731	17.5197
344	0.597504	0.981315	0.167755	0.888745	0.573028	0.516835	0.0699757	0.280167	0.13591	0.736203	0.118739	0.867842	0.66724	0.327691	0.778204	21.8996
345	0.258974	0.965266	0.0359495	0.169034	0.942836	0.867165	0.0926799	0.235185	0.525102	0.158308	0.0304138	0.580116	0.331131	0.739145	0.092616	18.7274
346	0.0739312	0.755899	0.225393	0.64696	0.272734	0.295369	0.927127	0.408644	0.0315719	0.0458658	0.276486	0.698812	0.373557	0.0546901	0.957786	9.336
347	0.338822	0.0906396	0.126819	0.281659	0.957804	0.219499	0.516844	0.482907	0.377808	0.547257	0.0630229	0.708938	0.286402	0.155639	0.297083	11.9518
348	0.0529817	0.848444	0.87653	0.325716	0.143813	0.803656	0.73436	0.175385	0.849522	0.0108459	0.874196	0.223079	0.065536	0.831982	0.561901	6.90587
349	0.156176	0.958801	0.84356	0.11398	0.178301	0.360404	0.596887	0.556108	0.907661	0.659909	0.265047	0.194063	0.815548	0.56213	0.817114	8.43592
350	0.665557	0.921648	0.940827	0.80937	0.725304	0.675187	0.984755	0.574827	0.686033	0.858951	0.797906	0.751569	0.690932	0.359807	0.907745	25.1025
351	0.649734	0.203367	0.0217247	0.828034	0.56377	0.618611	0.384143	0.471431	0.278521	0.64919	0.665494	0.0940691	0.211319	0.482608	0.139188	19.9823
352	0.0608355	0.767258	0.957536	0.78614	0.442445	0.94229	0.360967	0.128478	0.801241	0.158872	0.880047	0.492173	0.518679	0.787791	0.141907	15.4249
353	0.722046	0.809516	0.969942	0.285816	0.428127	0.354084	0.757248	0.706648	0.00327412	0.422742	0.800717	0.214593	0.90535	0.939904	0.0410238	19.856
354	0.953342	0.147846	0.379204	0.754583	0.306719	0.25925	0.246756	0.825398	0.0470412	0.388663	0.547443	0.856557	0.358605	0.83326	0.284684	12.9689
355	0.71269	0.590507	0.991332	0.715964	0.0132492	0.792049	0.930557	0.918599	0.731953	0.971581	0.972115	0.732693	0.779862	0.983167	0.519573	23.4775
356	0.691091	0.974138	0.669042	0.937847	0.799535	0.716083	0.326511	0.346979	0.57264	0.685116	0.180238	0.857324	0.397805	0.770746	0.848656	21.5704
357	0.113769	0.783995	0.640705	0.0443262	0.702594	0.372658	0.015907	0.674709	0.10535	0.795769	0.657876	0.624923	0.826357	0.594384	0.292342	6.1543
358	0.26648	0.905191	0.223322	0.0660149	0.621274	0.549833	0.412994	0.193914	0.234949	0.593232	0.0512384	0.632754	0.363978	0.899894	0.746523	11.3874
359	0.147972	0.540599	0.790849	0.850567	0.913257	0.806756	0.525276	0.018607	0.602526	0.183152	0.64353	0.428883	0.777536	0.935872	0.665032	17.8087
360	0.268367	0.191498	0.836166	0.68136	0.385412	0.0711145	0.274592	0.43665	0.703869	0.63857	0.336545	0.450392	0.786542	0.877144	0.241241	10.9101
361	0.637109	0.7904	0.0479977	0.162384	0.809007	0.650523	0.345536	0.452537	0.0794066	0.123071	0.388409	0.744439	0.186082	0.590761	0.314662	19.6667
362	0.50616	0.308581	0.540488	0.891572	0.379695	0.81508	0.328222	0.0835639	0.45365	0.664767	0.533956	0.240192	0.54191	0.775197	0.8773	16.7014
363	0.332311	0.823195	0.0396845	0.141318	0.473718	0.38522	0.593855	0.553125	0.508292	0.982264	0.297563	0.694374	0.573025	0.612226	0.166789	15.4174
364	0.47537	0.972641	0.00995728	0.855065	0.787721	0.338179	0.938629	0.241371	0.0029459	0.472585	0.481562	0.544856	0.247782	0.358862	0.877167	26.2286
365	0.0709764	0.398547	0.018485	0.544694	0.783767	0.61234	0.097819	0.292059	0.594605	0.395382	0.986433	0.16763	0.00760819	0.153222	0.599783	13.9746
366	0.572424	0.135951	0.483658	0.360145	0.47413	0.422287	0.601515	0.477076	0.894872	0.0830776	0.0219325	0.142654	0.44194	0.899099	0.21363	8.71288
367	0.840487	0.917584	0.758325	0.624254	0.529925	0.856144	0.916314	0.124529	0.251526	0.902747	0.292159	0.259134	0.0559693	0.891943	0.385128	18.7535
368	0.521079	0.16822	0.824512	0.99521	0.590507	0.426027	0.472286	0.485379	0.509105	0.494218	0.628032	0.951045	0.393318	0.841663	0.791532	17.3549
369	0.310902	0.599988	0.415786	0.840827	0.456131	0.3321	0.965356	0.707658	0.234847	0.257516	0.966792	0.290816	0.149458	0.35192	0.975378	16.6523
370	0.143597	0.438337	0.868209	0.734104	0.864364	0.340495	0.219483	0.373468	0.834713	0.847515	0.324513	0.228031	0.689178	0.116045	0.538933	17.2926
371	0.289165	0.531831	0.379759	0.745297	0.863931	0.345116	0.452954	0.0987777	0.602631	0.419746	0.389594	0.75209	0.771666	0.364972	0.365915	18.9292
372	0.804251	0.512874	0.242673	0.668615	0.853369	0.462156	0.0420829	0.688082	0.309671	0.366596	0.916112	0.998848	0.482641	0.455045	0.288014	22.0333
373	0.0144715	0.834805	0.0333105	0.878402	0.17992	0.486265	0.97718	0.782551	0.906011	0.366774	0.534641	0.677677	0.731746	0.900556	0.322343	13.4095
374	0.835217	0.482988	0.373422	0.688586	0.945143	0.415505	0.376668	0.254814	0.7821	0.29278	0.253663	0.264741	0.747825	0.541676	0.279213	22.2713
375	0.58263	0.574987	0.157615	0.76255	0.0612517	0.134795	0.545101	0.967263	0.501569	0.0797423	0.64494	0.233315	0.980298	0.967282	0.473629	19.5745
376	0.956617	0.0585264	0.491085	0.901761	0.474031	0.867753	0.156575	0.256131	0.160533	0.410237	0.520872	0.908358	0.951914	0.800085	0.490988	14.139
377	0.526901	0.9577	0.253538	0.588152	0.0924948	0.798639	0.555415	0.594064	0.878381	0.200354	0.827378	0.858679	0.167637	0.301008	0.543784	19.8631
378	0.159386	0.0763416	0.328974	0.31596	0.332473	0.489507	0.726198	0.853345	0.397866	0.678112	0.65343	0.888854	0.205012	0.61113	0.142392	4.91535
379	0.793164	0.703625	0.941031	0.348579	0.297688	0.819412	0.548934	0.125067	0.678092	0.71657	0.426075	0.221876	0.686706	0.6837	0.824187	18.5118
380	0.900528	0.476901	0.159046	0.233001	0.966409	0.885244	0.0863463	0.364275	0.563355	0.739776	0.253128	0.768367	0.350906	0.39552	0.561532	19.4243
381	0.054531	0.336551	0.910111	0.352219	0.155963	0.459044	0.477286	0.834055	0.175615	0.903361	0.0559311	0.862321	0.58706	0.880118	0.0102479	7.88464
382	0.487149	0.589191	0.0136471	0.453558	0.474435	0.0999935	0.817833	0.0377901	0.83977	0.0709611	0.806157	0.190676	0.466481	0.367689	0.245207	20.9184
383	0.803032	0.2778	0.597427	0.958996	0.736844	0.0747127	0.793051	0.912459	0.978073	0.848982	0.774779	0.565134	0.7291	0.785027	0.995279	19.9883
384	0.584471	0.523393	0.725735	0.0589057	0.623386	0.543567	0.0966959	0.463156	0.614529	0.902853	0.653832	0.0810097	0.270542	0.899039	0.884042	11.1524
385	0.548342	0.496466	0.843037	0.285186	0.571179	0.636088	0.197645	0.549252	0.48507	0.972424	0.114386	0.214169	0.757451	0.109665	0.723915	14.7997
386	0.753041	0.870694	0.29893	0.849737	0.33385	0.913458	0.752591	0.987682	0.994468	0.0231327	0.886722	0.87851	0.571475	0.383187	0.721547	20.6204
387	0.85666	0.954366	0.357635	0.054305	0.503618	0.842705	0.0267288	0.618004	0.0568745	0.78418	0.727669	0.780789	0.813808	0.421805	0.028097	9.155
388	0.898791	0.8681	0.0245834	0.232641	0.781558	0.777174	0.220323	0.776027	0.800307	0.107044	0.654537	0.371781	0.490232	0.376084	0.228442	15.8732
389	0.444598	0.733719	0.282747	0.948216	0.576424	0.309475	0.56622	0.633299	0.0936552	0.293889	0.414088	0.907463	0.715693	0.442185	0.476633	22.619
390	0.344733	0.915123	0.573617	0.126291	0.692297	0.793939	0.902318	0.492603	0.900984	0.556854	0.864384	0.391216	0.932938	0.092826	0.835814	12.8877
391	0.666657	0.375573	0.78403	0.243082	0.685048	0.350249	0.87638	0.778703	0.644138	0.290469	0.686166	0.359831	0.732654	0.162799	0.250371	13.7512
392	0.165494	0.647246	0.633822	0.85779	0.441186	0.53614	0.350393	0.34217	0.0929943	0.214778	0.733385	0.0259324	0.307604	0.569199	0.69259	14.4581
393	0.683176	0.353229	0.935671	0.368224	0.703478	0.812052	0.146927	0.347616	0.10252	0.833093	0.707448	0.835174	0.995892	0.957818	0.908804	17.8811
394	0.55605	0.137245	0.981102	0.997236	0.673385	0.331495	0.339406	0.76638	0.546273	0.0727913	0.792312	0.853877	0.64199	0.484902	0.537053	19.2789
395	0.995219	0.420573	0.905277	0.698697	0.232625	0.0522048	0.0463129	0.335145	0.885298	0.753761	0.170319	0.88119	0.711579	0.0791226	0.384613	22.1674
396	0.521858	0.815993	0.632409	0.195243	0.147488	0.971815	0.961623	0.693762	0.044606	0.753935	0.547639	0.686596	0.238837	0.0846918	0.681815	13.1973
397	0.65941	0.989969	0.380512	0.892035	0.042174	0.426825	0.22718	0.927472	0.180585	0.397499	0.808661	0.892164	0.476621	0.193274	0.727055	17.6827
398	0.543048	0.744203	0.910375	0.690536	0.716018	0.871999	0.384298	0.760624	0.625934	0.931937	0.44722	0.864771	0.0166284	0.129035	0.524181	23.7382
399	0.00659758	0.509547	0.416216	0.0487715	0.936371	0.643396	0.976243	0.116957	0.0408947	0.784905	0.00912075	0.517516	0.978179	0.736176	0.62931	6.37738
400	0.373513	0.603686	0.96976	0.0895303	0.475685	0.354058	0.850154	0.101619	0.285995	0.297374	0.96639	0.302623	0.426408	0.490572	0.309221	13.0948
401	0.935955	0.906788	0.357992	0.872326	0.550184	0.334236	0.989283	0.591079	0.119141	0.998404	0.108595	0.0973195	0.73458	0.737905	0.79063	16.4105
402	0.200948	0.870002	0.337622	0.0511018	0.971621	0.623617	0.348475	0.938011	0.92624	0.774884	0.428583	0.235461	0.710839	0.335371	0.593454	11.3131
403	0.583165	0.885555	0.92769	0.572448	0.476634	0.0468305	0.570852	0.585229	0.14415	0.305432	0.323134	0.93478	0.319235	0.434552	0.329097	20.3376
404	0.199099	0.640421	0.686602	0.170719	0.264038	0.0350769	0.108731	0.190278	0.809961	0.537314	0.42574	0.5208	0.872685	0.0191938	0.103965	8.59563
405	0.75824	0.946884	0.676413	0.234875	0.993714	0.247265	0.820104	0.137864	0.552697	0.143238	0.0726443	0.871932	0.57779	0.401741	0.174731	14.3543
406	0.815152	0.899892	0.771559	0.0791898	0.934968	0.88029	0.269468	0.744929	0.417603	0.695208	0.265729	0.290288	0.714402	0.369694	0.0485288	14.8368
407	0.661286	0.0461069	0.283404	0.655	0.293372	0.103508	0.792864	0.846069	0.246746	0.865508	0.718001	0.824536	0.267249	0.892732	0.0378262	10.625
408	0.937718	0.639648	0.787074	0.872686	0.519938	0.0565421	0.617615	0.937541	0.75175	0.883344	0.227829	0.466152	0.253038	0.276358	0.127438	22.8901
409	0.299145	0.559762	0.782438	0.592517	0.66327	0.575302	0.438586	0.910016	0.44081	0.156587	0.734552	0.708059	0.0493194	0.772378	0.576148	16.849
410	0.215796	0.544277	0.582782	0.735733	0.600819	0.200397	0.673274	0.352569	0.0837415	0.901104	0.818722	0.336779	0.177462	0.94616	0.635924	14.9145
411	0.737224	0.728598	0.228441	0.400493	0.3039	0.667027	0.310509	0.744709	0.823614	0.045061	0.452768	0.872933	0.817439	0.0289159	0.630137	17.1064
412	0.174414	0.110317	0.980445	0.775233	0.310714	0.653719	0.127802	0.394456	0.554822	0.946524	0.731235	0.732284	0.892684	0.367159	0.469508	12.9033
413	0.621282	0.5956	0.870001	0.925182	0.262627	0.18051	0.669891	0.0862406	0.225571	0.122659	0.959174	0.0430102	0.151575	0.589311	0.570545	21.9294
414	0.680862	0.376731	0.538957	0.991577	0.0304498	0.666759	0.386033	0.585272	0.613283	0.117268	0.317556	0.505968	0.484427	0.787064	0.12725	18.7149
415	0.0800267	0.657065	0.0524312	0.342653	0.837575	0.722322	0.428894	0.0631465	0.844981	0.388068	0.106157	0.996556	0.977378	0.676702	0.392843	14.5763
416	0.769574	0.28006	0.349141	0.800024	0.946819	0.735173	0.385296	0.560102	0.852441	0.702852	0.0660699	0.336868	0.489916	0.193319	0.416894	18.6803
417	0.146981	0.245751	0.759548	0.984557	0.968073	0.188442	0.0477031	0.813054	0.57651	0.15386	0.80961	0.553888	0.830562	0.202453	0.294991	19.5597
418	0.77205	0.521869	0.27244	0.157346	0.0819714	0.124881	0.860198	0.148041	0.461748	0.350114	0.341361	0.878643	0.497096	0.587112	0.638191	13.7462
419	0.481652	0.555184	0.826632	0.529355	0.368238	0.403142	0.683215	0.177849	0.95703	0.513777	0.380302	0.25202	0.701903	0.352329	0.827071	16.3747
420	0.34894	0.511609	0.281725	0.430911	0.636489	0.141924	0.578952	0.0982377	0.492038	0.920313	0.97688	0.989134	0.507425	0.615071	0.470786	13.2726
421	0.0626092	0.441703	0.000141363	0.430848	0.844845	0.683357	0.608696	0.801875	0.197133	0.988998	0.0538953	0.899036	0.341327	0.880966	0.138205	14.2012
422	0.649814	0.747431	0.660817	0.286303	0.889355	0.239769	0.384541	0.381393	0.160083	0.361421	0.370527	0.667507	0.976492	0.841313	0.730117	16.2701
423	0.418195	0.841454	0.160964	0.263041	0.524811	0.769661	0.0649155	0.721944	0.758659	0.118811	0.62098	0.0999859	0.999777	0.759185	0.565692	15.0701
424	0.313123	0.890499	0.695302	0.202478	0.130268	0.0798424	0.583872	0.290351	0.441264	0.954398	0.957858	0.417756	0.795711	0.687975	0.835951	10.6427
425	0.637165	0.848939	0.0989918	0.161976	0.618599	0.163907	0.88392	0.377258	0.282718	0.504899	0.477244	0.282495	0.264084	0.0429364	0.512177	19.2201
426	0.402676	0.368385	0.558538	0.532944	0.448227	0.14241	0.823295	0.889491	0.0968081	0.781153	0.307246	0.892519	0.469127	0.143197	0.529684	10.9901
427	0.318066	0.242189	0.69166	0.936666	0.406096	0.575579	0.313924	0.688814	0.0804789	0.791168	0.971309	0.344563	0.834105	0.483486	0.0176461	14.404
428	0.386031	0.748703	0.419106	0.834258	0.891113	0.2424	0.723748	0.987921	0.0235532	0.0309945	0.88044	0.492681	0.174192	0.410124	0.810747	20.9666
429	0.416381	0.101784	0.747412	0.822478	0.677363	0.0613364	0.511292	0.757842	0.852505	0.482601	0.102405	0.68661	0.966087	0.120051	0.876774	15.3466
430	0.625477	0.271355	0.34034	0.51659	0.513755	0.064088	0.504511	0.537308	0.0950825	0.38495	0.0299888	0.269274	0.795074	0.840735	0.685656	13.3479
431	0.896858	0.588148	0.508133	0.574221	0.649484	0.0194256	0.332064	0.501989	0.502027	0.434469	0.188598	0.468114	0.55452	0.0653726	0.320363	18.5742
432	0.591717	0.400942	0.207439	0.105472	0.46503	0.71195	0.642781	0.560113	0.0969004	0.672769	0.829387	0.891975	0.513505	0.515043	0.788833	12.0386
433	0.101653	0.0231766	0.363054	0.751137	0.0426022	0.695118	0.253126	0.544629	0.129587	0.441724	0.0127429	0.684107	0.507097	0.333106	0.74471	7.0978
434	0.0302955	0.610683	0.117336	0.673076	0.170796	0.214236	0.345845	0.000183107	0.106211	0.85935	0.515226	0.895044	0.961003	0.538403	0.258098	10.8071
435	0.71214	0.581005	0.953216	0.965265	0.125634	0.0828028	0.40699	0.138377	0.76691	0.914087	0.471483	0.51162	0.112033	0.396306	0.657272	24.6592
436	0.267954	0.634755	0.0996774	0.43875	0.848991	0.445523	0.438933	0.955202	0.304873	0.954159	0.850246	0.265876	0.492562	0.108345	0.978016	14.2542
437	0.0735673	0.0615609	0.943281	0.199201	0.144364	0.350271	0.337578	0.911274	0.264357	0.809061	0.422893	0.37639	0.205367	0.0801649	0.893809	8.03762
438	0.528564	0.731646	0.786869	0.377555	0.177169	0.225802	0.332758	0.482042	0.179961	0.183004	0.747917	0.672524	0.291349	0.725933	0.746091	14.2403
439	0.35291	0.669214	0.945292	0.497274	0.0194845	0.282871	0.408547	0.283842	0.0919319	0.831441	0.660232	0.297299	0.911605	0.554041	0.929267	15.6
440	0.660913	0.0465937	0.46016	0.838082	0.272396	0.792918	0.320123	0.452357	0.975923	0.0680406	0.124881	0.267272	0.793973	0.870972	0.620182	10.405
441	0.463187	0.816264	0.117456	0.482672	0.0991345	0.526003	0.766513	0.191066	0.357444	0.426745	0.488365	0.269049	0.980786	0.417633	0.528774	20.118
442	0.916627	0.847763	0.31647	0.236751	0.30012	0.292393	0.304791	0.425001	0.559665	0.0987646	0.295973	0.179847	0.561952	0.112236	0.297303	11.7968
443	0.0446237	0.211371	0.823306	0.811137	0.402437	0.18075	0.237882	0.890803	0.449799	0.218668	0.308435	0.978573	0.282059	0.386981	0.553941	13.4613
444	0.401704	0.12208	0.540359	0.701825	0.414473	0.84515	0.126826	0.974137	0.943915	0.422799	0.153984	0.505866	0.535035	0.451287	0.55049	10.0466
445	0.746406	0.274593	0.361627	0.148843	0.455342	0.599509	0.0396461	0.905142	0.818178	0.348081	0.883715	0.100237	0.735062	0.437656	0.905847	9.73908
446	0.541185	0.4424	0.424179	0.668011	0.416537	0.368094	0.0908099	0.570521	0.87396	0.625845	0.021808	0.42445	0.372251	0.296401	0.786078	15.779
447	0.521095	0.751743	0.385587	0.560741	0.656885	0.203765	0.908822	0.5406	0.304001	0.643884	0.978256	0.209848	0.682555	0.817616	0.237775	17.2586
448	0.680175	0.685764	0.0268126	0.0967128	0.0538575	0.117623	0.667234	0.927818	0.743468	0.689042	0.352268	0.115719	0.985443	0.138346	0.636813	14.876
449	0.737186	0.523933	0.197554	0.39407	0.727697	0.106376	0.93467	0.0316986	0.750261	0.912926	0.241547	0.432816	0.730542	0.479322	0.6944	18.4986
450	0.25621	0.434021	0.233778	0.923445	0.361839	0.977246	0.612487	0.714107	0.0929645	0.597929	0.852453	0.729778	0.335115	0.376385	0.927332	14.9929
451	0.729186	0.104083	0.0337081	0.663856	0.135781	0.783969	0.576781	0.377328	0.216784	0.307323	0.85665	0.911185	0.396666	0.016148	0.291348	14.1275
452	0.725369	0.746601	0.195803	0.0872083	0.723846	0.80829	0.801315	0.816811	0.406219	0.653768	0.546589	0.741334	0.0301533	0.473921	0.47052	14.4874
453	0.134236	0.507629	0.134376	0.270017	0.291598	0.711157	0.647346	0.508382	0.0184803	0.503996	0.419567	0.415147	0.520144	0.710915	0.927969	10.3558
454	0.67457	0.988305	0.523492	0.398416	0.796595	0.324808	0.215227	0.202814	0.978575	0.761816	0.944149	0.0087287	0.235736	0.414668	0.142965	16.3333
455	0.743365	0.549044	0.412982	0.0349628	0.260201	0.0603278	0.543345	0.278681	0.564324	0.962911	0.693828	0.0844679	0.673826	0.621797	0.87697	10.7539
456	0.865276	0.633603	0.694783	0.661871	0.95841	0.91001	0.864685	0.936986	0.671825	0.808834	0.945714	0.907562	0.223502	0.0886792	0.650927	21.7235
457	0.772546	0.501661	0.68589	0.032747	0.561989	0.229235	0.311428	0.126313	0.192146	0.00525605	0.210781	0.865972	0.627053	0.0877514	0.976083	14.6582
458	0.614898	0.568096	0.528212	0.479583	0.505081	0.200037	0.288417	0.450796	0.107599	0.511919	0.539475	0.758526	0.284465	0.0411365	0.444416	17.7971
459	0.317212	0.603126	0.673651	0.628641	0.729439	0.865797	0.633897	0.94022	0.73177	0.26095	0.0279712	0.707852	0.184369	0.980998	0.317537	17.477
460	0.885633	0.330783	0.0754801	0.390714	0.53082	0.363897	0.84151	0.63842	0.875817	0.380985	0.396946	0.160282	0.422122	0.841362	0.477495	18.531
461	0.0252474	0.515013	0.106135	0.754686	0.38081	0.740032	0.694906	0.11258	0.000981311	0.722877	0.820432	0.18535	0.703876	0.13797	0.987922	11.4693
462	0.414317	0.849525	0.73915	0.255827	0.487945	0.614967	0.636813	0.884891	0.775249	0.0589343	0.726253	0.252743	0.0841818	0.241266	0.358878	14.0528
463	0.838868	0.622077	0.0989102	0.533774	0.734657	0.0998915	0.256651	0.555089	0.285242	0.960527	0.693058	0.273164	0.260299	0.716661	0.591869	22.5431
464	0.441394	0.374702	0.386806	0.929339	0.989668	0.0236182	0.81423	0.764917	0.0825525	0.540483	0.0176602	0.166734	0.781749	0.376539	0.00560227	18.5426
465	0.403826	0.475449	0.539376	0.138482	0.57534	0.796028	0.693571	0.860582	0.756555	0.386629	0.133746	0.016854	0.103291	0.725615	0.652406	9.46601
466	0.0271072	0.621074	0.0963489	0.0167753	0.644693	0.910579	0.781692	0.727245	0.451062	0.799352	0.893979	0.232812	0.175891	0.899582	0.636637	6.55304
467	0.65134	0.438958	0.77512	0.22668	0.234986	0.468691	0.0872625	0.99154	0.85532	0.221009	0.00839426	0.958611	0.946624	0.6608	0.19288	12.0773
468	0.813954	0.209982	0.704683	0.458647	0.120562	0.486375	0.185892	0.571624	0.285727	0.0798709	0.804435	0.461618	0.979452	0.441073	0.112958	11.483
469	0.41841	0.216192	0.339638	0.653396	0.684883	0.4269	0.644936	0.540203	0.647909	0.653331	0.498814	0.594533	0.31413	0.691694	0.708166	13.1496
470	0.918149	0.70672	0.964294	0.0387105	0.193095	0.150186	0.610334	0.478822	0.230056	0.41477	0.940439	0.209509	0.855842	0.053397	0.627919	14.5915
471	0.0720347	0.393035	0.281315	0.756918	0.819935	0.926252	0.297121	0.467844	0.579582	0.795935	0.0623768	0.893713	0.487628	0.770543	0.89575	13.6243
472	0.727403	0.795565	0.107755	0.337737	0.274387	0.337812	0.752507	0.214826	0.547321	0.608349	0.268223	0.17524	0.680384	0.661258	0.456555	18.0169
473	0.437302	0.481193	0.382807	0.734422	0.949037	0.962389	0.530357	0.0114135	0.856102	0.0179855	0.781957	0.751852	0.0112612	0.470649	0.354322	19.646
474	0.414398	0.288295	0.639101	0.961719	0.896645	0.907324	0.136959	0.577028	0.568582	0.593515	0.01433	0.0497745	0.976322	0.748752	0.998811	15.7361
475	0.938711	0.27911	0.0102247	0.794812	0.297095	0.792182	0.546664	0.308356	0.262831	0.900986	0.277187	0.460882	0.0508733	0.353774	0.996671	21.4186
476	0.284966	0.114248	0.729891	0.181611	0.0215719	0.86685	0.758639	0.590154	0.460365	0.772969	0.639928	0.436686	0.521722	0.638739	0.375397	5.56843
477	0.800831	0.648964	0.170209	0.0979264	0.441146	0.716873	0.406283	0.703976	0.617859	0.68347	0.164859	0.668732	0.0372438	0.161529	0.14388	16.7028
478	0.258128	0.535307	0.628107	0.2797	0.402157	0.386746	0.869853	0.862521	0.159715	0.509782	0.299208	0.681437	0.148521	0.674605	0.482269	9.10337
479	0.797485	0.844813	0.580195	0.238631	0.561686	0.986478	0.942607	0.179545	0.669948	0.107466	0.848277	0.707192	0.268995	0.992156	0.512607	14.7134
480	0.047914	0.343598	0.529984	0.450071	0.730344	0.399837	0.312592	0.890059	0.909619	0.6118	0.571496	0.0581398	0.286405	0.0537649	0.855625	7.71077
481	0.131218	0.63396	0.0942556	0.692904	0.620438	0.0368627	0.872449	0.290385	0.144328	0.720726	0.997577	0.413323	0.712882	0.510184	0.128814	16.4277
482	0.472412	0.49315	0.00816915	0.202755	0.892987	0.320761	0.0928146	0.802606	0.932561	0.664311	0.860746	0.218966	0.718076	0.716371	0.350184	18.0785
483	0.352036	0.810626	0.0430879	0.972473	0.847489	0.915537	0.262859	0.991817	0.636262	0.260436	0.40514	0.349144	0.77062	0.533955	0.31231	27.0184
484	0.209122	0.698448	0.657649	0.301936	0.501054	0.59021	0.966247	0.3618	0.809176	0.684323	0.0781703	0.15936	0.0363588	0.888797	0.202448	9.87999
485	0.00883217	0.736286	0.117985	0.271691	0.728103	0.754247	0.532127	0.133243	0.103392	0.302747	0.667198	0.415702	0.631465	0.673564	0.221163	10.1767
486	0.184622	0.420664	0.216212	0.150869	0.782464	0.0253885	0.835192	0.860634	0.184749	0.871551	0.749431	0.387197	0.880383	0.485717	0.505182	9.65653
487	0.152074	0.213819	0.25943	0.684201	0.347063	0.362821	0.986947	0.0142608	0.778523	0.618412	0.687825	0.999686	0.586765	0.570511	0.919296	9.987
488	0.339961	0.428979	0.906001	0.122424	0.454367	0.741193	0.983059	0.639116	0.612744	0.732489	0.0263134	0.493127	0.218206	0.531496	0.645201	11.8976
489	0.432025	0.790925	0.329401	0.779088	0.153747	0.316348	0.793349	0.93227	0.934761	0.481174	0.931956	0.521526	0.0516844	0.851253	0.734292	18.4551
490	0.163271	0.712818	0.313638	0.617638	0.454011	0.296696	0.256754	0.0667553	0.0291856	0.283067	0.559882	0.247391	0.814563	0.205083	0.679417	12.1883
491	0.605488	0.534484	0.458505	0.759235	0.850833	0.251854	0.691506	0.785593	0.733028	0.623462	0.307119	0.784712	0.474715	0.0414113	0.591529	20.996
492	0.304347	0.979566	0.82232	0.758359	0.276262	0.0790736	0.825114	0.305447	0.362141	0.384996	0.552839	0.176704	0.590079	0.232256	0.782192	18.0101
493	0.124563	0.690761	0.541427	0.975396	0.942615	0.232933	0.760989	0.675643	0.856395	0.0681085	0.460355	0.331109	0.10952	0.0518843	0.997037	15.797
494	0.976603	0.136522	0.11459	0.252865	0.215595	0.939704	0.558312	0.577736	0.3247	0.111151	0.75444	0.914779	0.343407	0.536632	0.0393424	9.5809
495	0.0341681	0.078059	0.0147384	0.976783	0.310992	0.775728	0.652426	0.167387	0.843836	0.112781	0.498496	0.953356	0.164665	0.495533	0.267558	18.0748
496	0.40408	0.635487	0.725001	0.619675	0.575191	0.283314	0.197411	0.899891	0.394465	0.95185	0.81467	0.737872	0.488482	0.854012	0.77204	14.6938
497	0.566541	0.868751	0.748823	0.877533	0.644479	0.401249	0.0449195	0.488315	0.51403	0.543416	0.441671	0.678695	0.038949	0.709229	0.199592	23.262
498	0.835079	0.236087	0.732983	0.41027	0.5194	0.930394	0.310161	0.913865	0.882244	0.124831	0.651737	0.370726	0.978843	0.423777	0.937267	12.5779
499	0.847594	0.1726	0.8148	0.492073	0.573849	0.859719	0.980388	0.0878792	0.403135	0.422059	0.766574	0.442084	0.131288	0.966167	0.953169	13.5797
500	0.189256	0.977579	0.211516	0.708656	0.907973	0.521677	0.622521	0.790217	0.646508	0.274258	0.160943	0.625351	0.698035	0.0982096	0.472945	19.5223
