n	X1	X2	X3	X4	X5	X6	X7	X8	X9	X10	Y1
1	0.628871	0.364784	0.513401	0.95223	0.916195	0.635712	0.717297	0.141603	0.606969	0.0163006	0.242887
2	0.137232	0.804177	0.156679	0.400944	0.12979	0.108809	0.998925	0.218257	0.512932	0.839112	11.2586
3	0.637552	0.524287	0.493583	0.972775	0.292517	0.771358	0.526745	0.769914	0.400229	0.891529	18.3361
4	0.283315	0.352458	0.807725	0.919026	0.0697553	0.949327	0.525995	0.0860558	0.192214	0.663227	15.3057
5	0.0641713	0.020023	0.457702	0.0630958	0.23828	0.970634	0.902208	0.85092	0.266666	0.53976	1.59381
6	0.375207	0.760249	0.512535	0.667724	0.531606	0.0392803	0.437638	0.931835	0.93081	0.720952	16.2565
7	0.639979	0.354049	0.687861	0.165974	0.440105	0.880075	0.829201	0.330337	0.228968	0.893372	12.0838
8	0.35036	0.68667	0.956468	0.58864	0.657304	0.858676	0.43956	0.92397	0.398437	0.814767	20.4635
9	0.482491	0.215825	0.950252	0.920128	0.14766	0.881062	0.641081	0.431953	0.619596	0.281059	17.7976
10	0.786002	0.307458	0.447034	0.226107	0.187533	0.276235	0.556444	0.416501	0.169607	0.906804	10.1101
11	0.984752	0.935004	0.684445	0.383188	0.749771	0.368664	0.29416	0.232262	0.584489	0.244413	12.3399
12	0.15239	0.732149	0.125475	0.79347	0.164102	0.745071	0.0745298	0.950104	0.0525293	0.521563	14.3221
13	0.797798	0.732654	0.656564	0.967405	0.639458	0.759735	0.0934805	0.134902	0.52021	0.0782321	22.4715
14	0.0699064	0.204655	0.46142	0.819677	0.573319	0.755581	0.0519388	0.157807	0.999994	0.204329	11.9016
15	0.163131	0.39169	0.913027	0.819695	0.359095	0.552485	0.57943	0.452576	0.687387	0.0996401	14.1754
16	0.530808	0.757294	0.304295	0.992228	0.576971	0.877614	0.747809	0.62891	0.0354209	0.747803	23.1724
17	0.979434	0.743811	0.903366	0.983596	0.66688	0.497259	0.163968	0.830012	0.888949	0.0769947	24.0182
18	0.649707	0.248044	0.62948	0.229137	0.70062	0.316867	0.328777	0.231428	0.074161	0.633072	9.78624
19	0.510686	0.971466	0.280042	0.546107	0.719269	0.113281	0.471483	0.59254	0.944318	0.450918	20.6767
20	0.336351	0.847684	0.434513	0.00323146	0.344943	0.598481	0.833243	0.233892	0.675476	0.48295	9.4709
21	0.712087	0.182556	0.621823	0.0408643	0.413984	0.695984	0.673936	0.63764	0.347116	0.184622	4.81889
22	0.609106	0.627158	0.730729	0.328374	0.740438	0.202213	0.920914	0.684757	0.65313	0.257265	17.4397
23	0.260497	0.877384	0.686125	0.0937402	0.111276	0.361601	0.576691	0.593211	0.666557	0.288778	7.89739
24	0.775767	0.288379	0.329642	0.189751	0.984363	0.00357857	0.827391	0.331479	0.188201	0.436497	14.889
25	0.121143	0.685786	0.383832	0.774273	0.943051	0.916273	0.861917	0.203548	0.793657	0.548042	16.0791
26	0.297288	0.904932	0.909643	0.873979	0.498144	0.5762	0.162757	0.273911	0.864579	0.492399	21.9442
27	0.495977	0.291053	0.180421	0.684178	0.72755	0.139058	0.603109	0.492422	0.838134	0.724252	18.0874
28	0.178208	0.221966	0.498525	0.121259	0.138238	0.360443	0.324807	0.931895	0.908485	0.622095	3.5447
29	0.496074	0.334972	0.394327	0.658831	0.608883	0.258906	0.15123	0.072545	0.107848	0.647207	15.2217
30	0.363598	0.28827	0.331386	0.0911486	0.427328	0.934495	0.58357	0.265461	0.658747	0.761778	6.80537
31	0.883037	0.625665	0.517715	0.207844	0.557561	0.426199	0.829939	0.394388	0.244327	0.326013	13.5097
32	0.72936	0.638654	0.984845	0.338243	0.89756	0.136075	0.410788	0.00540855	0.783282	0.774386	22.1679
33	0.865535	0.721006	0.0491625	0.449105	0.986467	0.707909	0.210883	0.473894	0.865181	0.0939195	22.092
34	0.0995593	0.382896	0.301763	0.65712	0.809095	0.131702	0.0515083	0.0534223	0.457716	0.780868	14.4292
35	0.119111	0.589637	0.578635	0.529899	0.595045	0.361917	0.304285	0.888723	0.476585	0.16982	10.0387
36	0.609729	0.525747	0.618925	0.596196	0.233656	0.829808	0.0700902	0.0988374	0.923728	0.16965	15.7632
37	0.826769	0.290829	0.357193	0.878278	0.344251	0.814909	0.659146	0.0363274	0.257469	0.778257	16.2252
38	0.625964	0.836104	0.308157	0.221009	0.198021	0.612442	0.109733	0.674605	0.782262	0.719462	12.6206
39	0.315658	0.434009	0.230996	0.385748	0.532846	0.154724	0.555398	0.0145793	0.380215	0.382167	11.7163
40	0.305408	0.737408	0.260445	0.649659	0.552316	0.919591	0.685986	0.809785	0.697848	0.31195	17.0214
41	0.618447	0.642693	0.518515	0.400709	0.362154	0.718867	0.801897	0.677812	0.152876	0.0328927	16.5209
42	0.0635606	0.685722	0.187616	0.618958	0.700301	0.567831	0.00112548	0.00570914	0.305239	0.26157	13.4053
43	0.181161	0.341354	0.667341	0.879009	0.653305	0.31323	0.885014	0.186265	0.157139	0.503461	15.4623
44	0.828957	0.675654	0.90417	0.191112	0.394521	0.706067	0.868924	0.547397	0.738959	0.932485	17.06
45	0.494407	0.552568	0.939129	0.799646	0.814139	0.594497	0.657201	0.9953	0.935852	0.324541	24.2231
46	0.874309	0.589157	0.637771	0.759324	0.775421	0.79491	0.262785	0.604379	0.470564	0.166955	22.1534
47	0.873021	0.664414	0.412483	0.611981	0.596899	0.645601	0.538557	0.148342	0.579022	0.0329634	19.3318
48	0.70091	0.518151	0.832609	0.515049	0.112648	0.48981	0.510349	0.0484997	0.814351	0.384658	19.114
49	0.143982	0.413078	0.247033	0.406767	0.0174566	0.717597	0.573721	0.812947	0.582682	0.446743	6.56296
50	0.477361	0.995165	0.0587232	0.0742604	0.640766	0.59728	0.222602	0.219788	0.630243	0.923513	19.4992
51	0.438562	0.850586	0.952662	0.948911	0.899086	0.767014	0.333569	0.536742	0.219136	0.477551	27.0339
52	0.94982	0.466169	0.884318	0.967277	0.183765	0.458039	0.780224	0.766448	0.904782	0.257585	21.7035
53	0.560785	0.554448	0.622167	0.191028	0.477961	0.360105	0.65388	0.916523	0.210692	0.606542	11.9098
54	0.865434	0.109778	0.373556	0.199003	0.64652	0.592692	0.676554	0.596341	0.0588605	0.560872	8.86521
55	0.0189108	0.343841	0.00907344	0.923692	0.601427	0.770686	0.887197	0.933273	0.173065	0.447982	15.722
56	0.487721	0.795231	0.639009	0.965682	0.155336	0.292889	0.882204	0.366028	0.899431	0.747638	20.018
57	0.94664	0.122326	0.865679	0.623194	0.718666	0.92454	0.184066	0.282284	0.167165	0.202977	14.2971
58	0.626125	0.176239	0.126669	0.227552	0.946925	0.0138663	0.160824	0.119989	0.461848	0.648545	13.3719
59	0.393746	0.496431	0.436585	0.293177	0.244069	0.912391	0.566164	0.190709	0.0347164	0.431844	9.33085
60	0.813904	0.753383	0.356383	0.99797	0.0356664	0.523548	0.200947	0.661792	0.699787	0.327616	20.7473
61	0.341482	0.0501679	0.766701	0.80333	0.698713	0.681922	0.904187	0.31294	0.752479	0.297933	13.7897
62	0.809371	0.189064	0.591111	0.0534394	0.101454	0.157275	0.244149	0.136171	0.589119	0.0580523	5.61859
63	0.587011	0.168837	0.584585	0.476355	0.815549	0.926068	0.526523	0.58225	0.729398	0.225236	10.3722
64	0.264172	0.633585	0.538175	0.0166506	0.931518	0.347546	0.205714	0.522629	0.400985	0.307168	11.2398
65	0.443339	0.269022	0.703186	0.332892	0.214524	0.759208	0.258112	0.683574	0.0161775	0.845123	9.99013
66	0.852411	0.600763	0.321478	0.66796	0.52683	0.848	0.25021	0.256228	0.0732357	0.514382	20.8245
67	0.531033	0.821331	0.958957	0.736747	0.343959	0.359942	0.0439153	0.0238632	0.0050762	0.487254	23.3513
68	0.292886	0.708262	0.820146	0.50741	0.467471	0.0782579	0.190984	0.483648	0.923381	0.0433947	15.2572
69	0.711355	0.611241	0.0928584	0.961565	0.867469	0.166094	0.475947	0.757282	0.777505	0.00698012	26.8939
70	0.578613	0.736462	0.743727	0.922572	0.0964041	0.787642	0.946435	0.10148	0.274897	0.239321	21.5761
71	0.173301	0.937714	0.760862	0.0966814	0.981109	0.845273	0.34154	0.692463	0.456514	0.434398	11.2634
72	0.654029	0.323983	0.600492	0.129976	0.081265	0.377997	0.136956	0.659878	0.114459	0.880683	8.47519
73	0.668326	0.528885	0.312343	0.943222	0.768206	0.122086	0.0382648	0.514936	0.3993	0.211565	21.5649
74	0.45265	0.160162	0.308247	0.433758	0.00543489	0.649787	0.126222	0.461949	0.0841846	0.780251	8.39987
75	0.910227	0.867197	0.0626739	0.0471826	0.527075	0.177133	0.927866	0.109525	0.387996	0.596191	13.7504
76	0.638409	0.70034	0.539413	0.406615	0.822426	0.577678	0.921551	0.221726	0.789244	0.374201	17.8356
77	0.807959	0.387323	0.747277	0.934181	0.849272	0.831462	0.714432	0.635204	0.516139	0.624658	22.3293
78	0.502401	0.578813	0.671841	0.0294762	0.755945	0.599707	0.139001	0.143942	0.195898	0.77741	13.2854
79	0.184025	0.666707	0.31299	0.105576	0.888433	0.102233	0.479777	0.270321	0.199724	0.287736	10.4379
80	0.657643	0.947001	0.221918	0.506915	0.778463	0.936349	0.142119	0.294601	0.561007	0.64452	20.2482
81	0.673996	0.629359	0.832555	0.812997	0.773301	0.0284525	0.590407	0.617582	0.763764	0.774432	23.5862
82	0.284289	0.0767534	0.880009	0.172722	0.178987	0.359786	0.443043	0.37871	0.647522	0.100686	5.81159
83	0.6076	0.104174	0.805789	0.749719	0.398775	0.366796	0.394239	0.272189	0.599644	0.0682348	14.1499
84	0.901549	0.432199	0.881232	0.67485	0.460652	0.471639	0.292432	0.224415	0.246071	0.576721	20.9809
85	0.749443	0.480156	0.485866	0.192486	0.858866	0.133388	0.293171	0.184577	0.00282779	0.900772	14.5498
86	0.288752	0.808617	0.650491	0.687527	0.175413	0.0447295	0.959716	0.775058	0.112964	0.861265	15.335
87	0.465835	0.828546	0.892324	0.711906	0.405267	0.193493	0.837986	0.154711	0.673648	0.323852	23.6101
88	0.347196	0.532514	0.45724	0.640368	0.717092	0.460067	0.54114	0.00584319	0.268684	0.19163	17.3457
89	0.23636	0.653087	0.219155	0.349324	0.514352	0.426412	0.34352	0.0504663	0.0943199	0.809355	11.7743
90	0.879013	0.986644	0.521261	0.28428	0.180136	0.359247	0.43899	0.853785	0.683098	0.786187	7.48247
91	0.426555	0.10339	0.600405	0.967694	0.109233	0.86909	0.159324	0.802604	0.313187	0.395684	10.7935
92	0.45569	0.532342	0.745008	0.970042	0.958753	0.0885283	0.0205084	0.0530733	0.897883	0.899521	22.0871
93	0.183801	0.219853	0.778391	0.622791	0.0736379	0.461489	0.408978	0.459937	0.601827	0.835533	9.32227
94	0.563327	0.202232	0.803227	0.67256	0.071322	0.962551	0.475164	0.384509	0.358235	0.930854	12.4276
95	0.188248	0.287189	0.627518	0.261886	0.748678	0.0364959	0.721822	0.350505	0.872028	0.285149	8.18449
96	0.552738	0.675255	0.957709	0.62406	0.637806	0.432873	0.00856861	0.996042	0.363727	0.92542	22.3706
97	0.801024	0.291057	0.186029	0.729702	0.380712	0.00695418	0.698096	0.889511	0.0116807	0.886344	17.585
98	0.1767	0.639199	0.14823	0.925379	0.675694	0.870053	0.275884	0.547723	0.155202	0.828622	18.3233
99	0.452681	0.860784	0.545784	0.46125	0.856826	0.909512	0.386669	0.956111	0.174136	0.187693	17.983
100	0.247168	0.360164	0.917395	0.62788	0.367118	0.615491	0.517391	0.378799	0.501835	0.694091	15.2906
101	0.520118	0.895354	0.241415	0.67532	0.723975	0.464393	0.788231	0.176656	0.325177	0.334016	23.1626
102	0.637906	0.182003	0.243528	0.0245755	0.138114	0.417663	0.212269	0.385282	0.777828	0.129663	7.48537
103	0.523745	0.24699	0.224643	0.541743	0.897055	0.844113	0.235435	0.417174	0.739467	0.47685	15.5798
104	0.0924937	0.463442	0.941243	0.880725	0.640098	0.26642	0.214741	0.278005	0.448423	0.458269	15.564
105	0.875932	0.514849	0.971818	0.65376	0.644512	0.98498	0.798706	0.389667	0.515532	0.322451	24.8305
106	0.636656	0.740175	0.864194	0.533712	0.584288	0.0996293	0.950885	0.323755	0.576479	0.043379	22.3543
107	0.924104	0.427295	0.784142	0.138845	0.7053	0.232565	0.597114	0.00788008	0.819102	0.473045	16.0807
108	0.522729	0.79092	0.126805	0.167241	0.775899	0.925511	0.556908	0.291431	0.247962	0.193564	19.4314
109	0.211786	0.678161	0.939649	0.788265	0.72154	0.726846	0.305987	0.645644	0.154141	0.0901297	20.462
110	0.784489	0.859441	0.322695	0.381603	0.867321	0.141796	0.854648	0.39005	0.932716	0.981453	17.8053
111	0.906964	0.114199	4.68777e-05	0.154927	0.307763	0.0316532	0.267083	0.0350389	0.647548	0.478869	13.0491
112	0.7132	0.587197	0.267134	0.43474	0.314043	0.573122	0.080384	0.468185	0.663252	0.864873	16.0633
113	0.127743	0.101124	0.584998	0.0604589	0.082577	0.142289	0.769074	0.989541	0.256489	0.769121	0.827527
114	0.144468	0.564252	0.800775	0.411551	0.599291	0.448322	0.89042	0.312491	0.0355193	0.157555	12.7177
115	0.730677	0.827615	0.817747	0.393928	0.692488	0.145373	0.379874	0.938963	0.340321	0.507617	18.1159
116	0.0400871	0.925318	0.568076	0.122664	0.0676078	0.33715	0.112205	0.324096	0.106272	0.256673	4.89926
117	0.355369	0.558645	0.800129	0.390888	0.716199	0.54736	0.74045	0.446876	0.374975	0.558198	14.9789
118	0.840804	0.0674623	0.703571	0.220679	0.0064256	0.0438913	0.728296	0.0465127	0.96921	0.296372	5.69282
119	0.360914	0.739794	0.538055	0.249262	0.64684	0.20628	0.736901	0.00220922	0.764925	0.53703	11.7985
120	0.393097	0.481124	0.0843902	0.133548	0.928	0.459365	0.691745	0.768804	0.526827	0.395316	15.303
121	0.439207	0.717778	0.579765	0.408417	0.0141502	0.748942	0.445235	0.647672	0.030324	0.806149	12.6633
122	0.387466	0.568379	0.0554106	0.0343068	0.774659	0.792311	0.036516	0.539584	0.329342	0.429613	14.2298
123	0.563161	0.948708	0.873097	0.254906	0.717512	0.399924	0.650222	0.706995	0.933176	0.0894297	18.8052
124	0.424774	0.512941	0.497847	0.438924	0.261883	0.943081	0.0865962	0.292207	0.74923	0.474063	12.3881
125	0.508369	0.635246	0.596952	0.544885	0.17483	0.926294	0.974499	0.195538	0.340026	0.53766	15.313
126	0.144246	0.213122	0.792566	0.861759	0.613046	0.442789	0.568754	0.546222	0.532218	0.993528	13.6667
127	0.973147	0.519048	0.613254	0.722377	0.99311	0.473841	0.527017	0.50148	0.109087	0.123969	20.6104
128	0.0463652	0.283917	0.0502633	0.0208639	0.479455	0.390289	0.558524	0.623701	0.603411	0.35109	6.98756
129	0.793879	0.054214	0.762679	0.326097	0.0477418	0.821842	0.356162	0.480193	0.142889	0.329309	4.72509
130	0.999241	0.756143	0.0516852	0.992352	0.229984	0.578702	0.493831	0.339071	0.702672	0.540197	22.7028
131	0.56106	0.102443	0.143224	0.119584	0.726144	0.746635	0.470674	0.211604	0.963092	0.264553	10.5325
132	0.265818	0.725771	0.590649	0.31356	0.547613	0.946811	0.793753	0.690502	0.27612	0.792995	11.1367
133	0.785346	0.676628	0.906508	0.279178	0.0156992	0.609179	0.819374	0.638687	0.362115	0.380434	14.1971
134	0.74113	0.505339	0.500019	0.467274	0.251974	0.970693	0.678878	0.215066	0.235245	0.944697	13.464
135	0.772706	0.0520103	0.178952	0.0488258	0.845005	0.625596	0.376631	0.630351	0.302225	0.283138	7.95263
136	0.909529	0.317924	0.892318	0.728903	0.956611	0.254432	0.109337	0.697741	0.759771	0.609356	23.3032
137	0.226811	0.815294	0.78859	0.167648	0.641188	0.0468473	0.656098	0.413894	0.0988576	0.83505	13.1851
138	0.46272	0.943863	0.460646	0.839351	0.574214	0.762871	0.122489	0.483742	0.0807953	0.0148069	19.9353
139	0.735147	0.0290106	0.931338	0.900163	0.0407559	0.511386	0.744056	0.267567	0.32668	0.532647	12.6985
140	0.435216	0.967868	0.579494	0.0913142	0.381762	0.678351	0.926364	0.844482	0.622214	0.387011	13.2503
141	0.149882	0.806322	0.68017	0.230677	0.821129	0.892815	0.268084	0.0903681	0.214797	0.00323105	9.76618
142	0.119379	0.146135	0.903394	0.160135	0.657522	0.64745	0.427702	0.984202	0.180096	0.862918	9.03352
143	0.437942	0.880596	0.178314	0.0601557	0.267607	0.862147	0.256583	0.417489	0.668469	0.936754	13.2457
144	0.648167	0.489597	0.829569	0.91625	0.579965	0.0443661	0.919481	0.699344	0.190501	0.822875	22.379
145	0.832225	0.650421	0.150099	0.784295	0.410011	0.104331	0.118126	0.847953	0.984927	0.29644	20.4372
146	0.908109	0.252535	0.158587	0.164692	0.670024	0.827056	0.101446	0.318191	0.316653	0.931014	13.6858
147	0.97538	0.153923	0.595963	0.165882	0.976798	0.455442	0.0139049	0.447123	0.742623	0.84613	11.6287
148	0.0975437	0.892721	0.630424	0.507555	0.997052	0.748551	0.355508	0.98198	0.044991	0.263617	12.4651
149	0.428309	0.904539	0.0306337	0.529754	0.222729	0.347287	0.460768	0.457171	0.243905	0.436149	19.4864
150	0.611093	0.839868	0.60203	0.587891	0.295309	0.615935	0.0350138	0.037932	0.462065	0.132558	17.757
151	0.84104	0.99562	0.909686	0.886031	0.259237	0.1442	0.089609	0.687546	0.0487385	0.120243	19.0199
152	0.2173	0.271468	0.467529	0.678068	0.728638	0.711434	0.114216	0.339732	0.551302	0.716247	12.2017
153	0.884543	0.794247	0.0951945	0.815197	0.886736	0.735307	0.742903	0.727776	0.730928	0.652588	24.1427
154	0.613807	0.990165	0.796788	0.703416	0.67771	0.845527	0.823659	0.89501	0.116995	0.291188	21.8605
155	0.00262258	0.687294	0.185365	0.553925	0.403541	0.112988	0.400536	0.735723	0.0756249	0.28508	10.7467
156	0.52997	0.170819	0.100276	0.416706	0.906126	0.843179	0.144482	0.637054	0.495767	0.75829	15.5864
157	0.461706	0.304929	0.138082	0.285365	0.199938	0.255076	0.576553	0.773016	0.100709	0.579176	9.30639
158	0.460309	0.286074	0.1331	0.86385	0.399062	0.533636	0.599573	0.474687	0.818716	0.129542	17.5732
159	0.546248	0.551633	0.762171	0.690731	0.188687	0.257939	0.44902	0.815905	0.550494	0.910726	17.994
160	0.120834	0.688576	0.196091	0.320772	0.943652	0.772644	0.0937877	0.0443619	0.351819	0.554097	10.2896
161	0.417947	0.729499	0.0185558	0.0175198	0.204186	0.837272	0.147062	0.849692	0.756264	0.693311	13.8275
162	0.401325	0.518436	0.384041	0.590012	0.776374	0.833062	0.405917	0.326868	0.743788	0.526751	16.2562
163	0.00345808	0.0643416	0.495408	0.333894	0.549261	0.913355	0.0633928	0.567817	0.930875	0.267578	6.35113
164	0.405089	0.0779371	0.117271	0.161353	0.771248	0.518596	0.679788	0.155289	0.108608	0.456162	9.69367
165	0.78303	0.732138	0.041276	0.798474	0.672017	0.888799	0.757571	0.384539	0.83011	0.761029	25.2985
166	0.448881	0.325518	0.094923	0.998142	0.238873	0.158316	0.565959	0.169748	0.425894	0.971047	17.2754
167	0.1324	0.0189329	0.0617606	0.812189	0.174222	0.170368	0.268351	0.162572	0.684893	0.0513816	13.1888
168	0.894711	0.726169	0.849856	0.566728	0.614968	0.607427	0.951267	0.445079	0.368455	0.400148	21.6457
169	0.39829	0.00947013	0.621694	0.964248	0.179218	0.0475882	0.935296	0.426904	0.590753	0.067696	10.7446
170	0.445836	0.652514	0.879885	0.620058	0.822882	0.148236	0.782631	0.507775	0.199617	0.677342	20.6706
171	0.6569	0.195336	0.293991	0.0253549	0.595484	0.0645876	0.488733	0.993774	0.0740577	0.110427	8.61575
172	0.958022	0.253276	0.158015	0.893318	0.68018	0.748768	0.961014	0.126016	0.401282	0.840899	22.3107
173	0.989134	0.528705	0.731938	0.188752	0.206047	0.965882	0.238225	0.450117	0.814794	0.895125	13.1474
174	0.645453	0.108785	0.92048	0.240937	0.173373	0.409213	0.234711	0.247431	0.51964	0.192734	9.00844
175	0.0860517	0.180886	0.426423	0.0470658	0.306902	0.827705	0.887965	0.0529768	0.0518689	0.877099	4.6367
176	0.581682	0.783807	0.0658506	0.787729	0.74969	0.304075	0.237846	0.564484	0.1992	0.883299	25.6509
177	0.124236	0.846642	0.528892	0.358948	0.0940727	0.0485317	0.551681	0.594779	0.726187	0.637733	6.55052
178	0.775665	0.15261	0.684799	0.0825677	0.980315	0.572763	0.135545	0.0321839	0.449862	0.717227	11.3953
179	0.504956	0.565681	0.819788	0.742802	0.130165	0.0189879	0.626101	0.803434	0.138667	0.750337	18.0083
180	0.650077	0.667559	0.109285	0.744149	0.716091	0.660966	0.338929	0.442278	0.298698	0.114594	23.9073
181	0.197162	0.575203	0.55626	0.332706	0.607387	0.00612195	0.0499329	0.423378	0.521834	0.554889	10.1529
182	0.989059	0.341622	0.297691	0.119224	0.36061	0.923792	0.922658	0.499278	0.674129	0.572735	11.9876
183	0.316884	0.882928	0.444379	0.655813	0.325206	0.743078	0.770407	0.920094	0.726575	0.967568	16.4208
184	0.495297	0.282835	0.300275	0.102683	0.288957	0.350207	0.526061	0.810791	0.905096	0.51512	7.0757
185	0.634344	0.513024	0.126579	0.557002	0.0123013	0.800708	0.129737	0.179138	0.584121	0.446622	16.5657
186	0.0620666	0.0285004	0.102434	0.387273	0.771578	0.872841	0.307366	0.498153	0.840409	0.802663	11.3207
187	0.905346	0.0699438	0.490891	0.431407	0.880735	0.395988	0.946527	0.0331482	0.598775	0.580872	10.2183
188	0.546172	0.725354	0.137874	0.558473	0.526062	0.267611	0.737611	0.110183	0.714233	0.799678	20.01
189	0.186951	0.910262	0.689509	0.494317	0.408414	0.529918	0.29698	0.189401	0.670602	0.202326	13.0619
190	0.259345	0.161494	0.633734	0.14008	0.557481	0.580261	0.173228	0.156257	0.161133	0.7194	6.53817
191	0.277873	0.407673	0.566618	0.0154844	0.517856	0.280851	0.815162	0.65654	0.0975185	0.00211305	5.95877
192	0.566801	0.787027	0.49643	0.975215	0.316945	0.79341	0.164617	0.987547	0.995737	0.423962	20.1833
193	0.564042	0.706522	0.209732	0.73727	0.862779	0.370865	0.45667	0.74439	0.669871	0.734543	23.2405
194	0.152062	0.23649	0.750027	0.669918	0.517341	0.565189	0.326458	0.614859	0.567302	0.893259	11.5169
195	0.868474	0.718831	0.857143	0.0330907	0.706378	0.85288	0.457052	0.855419	0.48235	0.021094	15.0091
196	0.561941	0.692082	0.758364	0.42472	0.0629468	0.215033	0.169109	0.732818	0.949576	0.321172	15.5594
197	0.264793	0.317548	0.101507	0.832095	0.210806	0.503394	0.895828	0.0792805	0.222225	0.752971	15.1547
198	0.112371	0.928603	0.60585	0.569424	0.784022	0.0882007	0.590518	0.345963	0.780283	0.348881	13.5123
199	0.563915	0.939791	0.576048	0.513491	0.260963	0.545356	0.213094	0.252053	0.0320041	0.477887	17.0868
200	0.5696	0.133512	0.309982	0.780407	0.636905	0.205809	0.859687	0.85913	0.95878	0.972059	15.4951
201	0.541482	0.571755	0.652831	0.132	0.917717	0.433114	0.480881	0.688399	0.276344	0.0447959	14.9579
202	0.628191	0.852391	0.558287	0.889154	0.397747	0.771381	0.141207	0.429751	0.249267	0.710807	22.8187
203	0.491214	0.200168	0.765058	0.350901	0.0592977	0.723838	0.32296	0.847031	0.288468	0.864442	10.0605
204	0.418785	0.941299	0.996442	0.336502	0.374413	0.477323	0.0249018	0.650757	0.522119	0.653093	19.6252
205	0.542247	0.900895	0.851786	0.683453	0.330647	0.101054	0.39426	0.893909	0.660302	0.885474	20.119
206	0.0940773	0.425361	0.236375	0.153375	0.149199	0.559335	0.000405591	0.437667	0.423777	0.419191	3.06549
207	0.755693	0.753379	0.897541	0.780595	0.404136	0.41966	0.433687	0.907284	0.500065	0.975934	21.5264
208	0.808179	0.351851	0.659387	0.138826	0.452905	0.0536473	0.0327351	0.113207	0.939121	0.126812	12.1065
209	0.280188	0.687766	0.734831	0.280593	0.125433	0.158607	0.699784	0.504399	0.578825	0.455477	8.9317
210	0.257778	0.476366	0.236071	0.661914	0.896026	0.669759	0.569198	0.396091	0.645693	0.377377	17.3226
211	0.516203	0.200847	0.358727	0.548938	0.314054	0.297849	0.67575	0.852622	0.473345	0.955938	9.81958
212	0.540389	0.208175	0.236531	0.665822	0.366783	0.936315	0.170221	0.945608	0.391792	0.427999	12.1977
213	0.0899137	0.318	0.297622	0.659112	0.714091	0.943315	0.0364889	0.462033	0.248395	0.552692	13.7521
214	0.66288	0.607122	0.10163	0.976935	0.904971	0.77738	0.829557	0.378316	0.733318	0.369946	27.0795
215	0.0357674	0.953274	0.906164	0.205989	0.898882	0.297956	0.633988	0.320857	0.925819	0.723902	11.3425
216	0.638857	0.223441	0.383013	0.352948	0.166755	0.419502	0.814982	0.41515	0.972194	0.477862	8.89073
217	0.851204	0.284354	0.30556	0.584522	0.654299	0.892051	0.554371	0.690067	0.845325	0.460535	17.5396
218	0.896055	0.744207	0.758491	0.530043	0.0650635	0.68431	0.253945	0.703921	0.90775	0.636959	15.6088
219	0.349713	0.511929	0.102479	0.80451	0.439173	0.953683	0.0888636	0.744732	0.538205	0.743163	18.2491
220	0.636783	0.092576	0.43323	0.482107	0.553111	0.329285	0.226314	0.311602	0.859329	0.291378	10.3198
221	0.835348	0.273731	0.979752	0.937826	0.0782409	0.418925	0.891509	0.167104	0.163657	0.429714	20.8933
222	0.910267	0.80044	0.52229	0.343497	0.282547	0.0754011	0.672782	0.508861	0.387003	0.532111	13.6224
223	0.645385	0.795537	0.286577	0.395617	0.847705	0.264745	0.20231	0.771723	0.732568	0.0376578	18.6152
224	0.0454541	0.71232	0.975484	0.123695	0.131244	0.866993	0.290799	0.294901	0.296707	0.201067	8.22612
225	0.894397	0.217346	0.886749	0.281401	0.749457	0.686988	0.664316	0.394842	0.482525	0.950893	13.1066
226	0.790458	0.33023	0.215638	0.992768	0.101953	0.948206	0.0304262	0.147407	0.660526	0.00591033	18.6917
227	0.872903	0.561902	0.0866714	0.16961	0.762968	0.182012	0.988606	0.307532	0.5599	0.883004	19.7835
228	0.524878	0.446649	0.164405	0.274335	0.133637	0.828721	0.669177	0.616163	0.779615	0.459635	12.316
229	0.943459	0.48283	0.195753	0.603984	0.48874	0.466855	0.395754	0.361644	0.028757	0.482426	19.6206
230	0.531254	0.791725	0.664438	0.51986	0.0992575	0.224338	0.402864	0.624136	0.670987	0.567269	13.9469
231	0.420787	0.175605	0.0272838	0.36718	0.170857	0.479688	0.415526	0.114316	0.962518	0.611279	12.5832
232	0.7183	0.451258	0.0781347	0.114054	0.812902	0.106892	0.59648	0.344156	0.898617	0.260918	17.1666
233	0.622011	0.156244	0.834149	0.520482	0.960868	0.230139	0.0881301	0.381656	0.405744	0.115414	13.5069
234	0.748836	0.576601	0.595102	0.164362	0.690917	0.557619	0.775641	0.409217	0.00887705	0.853776	15.1458
235	0.960668	0.119752	0.165934	0.859285	0.38067	0.0299502	0.857159	0.865927	0.29683	0.47917	17.5846
236	0.0221705	0.130979	0.999652	0.983039	0.361119	0.0877818	0.364695	0.766862	0.203196	0.11353	16.1362
237	0.277892	0.0343803	0.355916	0.0535336	0.443597	0.364793	0.90731	0.966868	0.186572	0.867977	4.58151
238	0.08662	0.352506	0.727262	0.46729	0.382457	0.584421	0.333217	0.679287	0.0635912	0.355387	8.08344
239	0.151025	0.703121	0.938247	0.354221	0.816651	0.281711	0.152518	0.0945434	0.316091	0.508434	13.7395
240	0.148077	0.759688	0.873228	0.0553866	0.726557	0.0597998	0.923364	0.813177	0.412306	0.650626	9.7708
241	0.235047	0.613683	0.47405	0.298639	0.96907	0.284316	0.361881	0.307496	0.455701	0.512906	13.1132
242	0.0106171	0.393948	0.867127	0.827268	0.675659	0.0196445	0.921812	0.991751	0.528079	0.0698885	15.9389
243	0.125275	0.477996	0.461106	0.048639	0.291173	0.873412	0.699265	0.571639	0.668175	0.934312	3.26922
244	0.185323	0.142225	0.232951	0.154393	0.426541	0.594832	0.46189	0.882242	0.107738	0.472507	5.84271
245	0.99451	0.221587	0.943601	0.522588	0.291475	0.69504	0.923895	0.41675	0.173036	0.385001	17.1992
246	0.465389	0.464208	0.258413	0.164654	0.0358477	0.926589	0.0989663	0.221171	0.0688135	0.331917	6.91447
247	0.926749	0.837454	0.377597	0.0344874	0.309961	0.653787	0.00935241	0.609736	0.605637	0.00386199	8.57429
248	0.831323	0.549238	0.52645	0.122798	0.244277	0.450345	0.539549	0.417313	0.835346	0.00493794	14.8718
249	0.584516	0.527224	0.351557	0.962112	0.561712	0.661518	0.615899	0.571064	0.271254	0.221536	21.4599
250	0.574926	0.102577	0.770774	0.101377	0.225375	0.015051	0.551721	0.764924	0.432364	0.387067	6.51889
251	0.480826	0.939454	0.231253	0.501174	0.208012	0.369793	0.590334	0.808488	0.883896	0.17485	16.6437
252	0.335712	0.235453	0.136962	0.897424	0.896971	0.752861	0.468488	0.168225	0.974398	0.0434146	17.6905
253	0.144791	0.496178	0.760223	0.696513	0.261102	0.192586	0.0835797	0.0309635	0.506471	0.564406	12.7853
254	0.970417	0.737725	0.0655793	0.17843	0.107517	0.655914	0.986918	0.991413	0.830764	0.32263	13.5803
255	0.720587	0.688542	0.292063	0.694985	0.731957	0.562866	0.440157	0.876748	0.0590435	0.200379	21.0671
256	0.573261	0.320145	0.392965	0.65684	0.351109	0.899437	0.221246	0.321526	0.637161	0.286825	14.0042
257	0.942739	0.486873	0.736092	0.773503	0.809503	0.962958	0.741229	0.0295571	0.0867955	0.461816	24.5052
258	0.718099	0.378859	0.156801	0.450056	0.941724	0.596958	0.326804	0.000767693	0.797337	0.900065	18.5293
259	0.556905	0.672021	0.0897392	0.778152	0.993547	0.7269	0.0649769	0.493503	0.471579	0.00771607	24.3435
260	0.980376	0.20767	0.781219	0.789879	0.170628	0.522448	0.819437	0.257423	0.984264	0.537536	16.6673
261	0.987592	0.578006	0.738023	0.314397	0.578774	0.53536	0.214462	0.899687	0.725663	0.771367	15.9634
262	0.571708	0.815402	0.549519	0.565256	0.542303	0.614496	0.0587587	0.0138811	0.622212	0.0391351	16.9829
263	0.829015	0.392179	0.925878	0.648451	0.649603	0.910142	0.185987	0.285885	0.0512077	0.173579	21.4119
264	0.863891	0.789231	0.487976	0.442665	0.324591	0.702437	0.342352	0.0502544	0.473805	0.91406	13.8989
265	0.637819	0.538074	0.42184	0.26003	0.577209	0.643391	0.663461	0.406224	0.0355706	0.589339	11.8995
266	0.0546747	0.685173	0.499481	0.240662	0.971058	0.550689	0.414241	0.834949	0.33992	0.902217	7.19901
267	0.604654	0.619965	0.714766	0.0784585	0.534025	0.580422	0.101782	0.0133406	0.988382	0.7396	14.5295
268	0.551415	0.410222	0.99963	0.128624	0.0536133	0.663091	0.534848	0.0891839	0.25243	0.589522	13.8695
269	0.830184	0.745415	0.302601	0.244425	0.580364	0.642521	0.146641	0.857978	0.307032	0.751295	16.1706
270	0.477943	0.0217983	0.829754	0.0119682	0.602221	0.931535	0.0253088	0.590602	0.671135	0.576724	5.74807
271	0.333857	0.240195	0.143621	0.586288	0.829717	0.917979	0.338199	0.659901	0.663394	0.6408	14.7941
272	0.904326	0.243758	0.283321	0.0509667	0.101735	0.590354	0.802262	0.579678	0.612152	0.632015	8.7789
273	0.56355	0.616955	0.804975	0.234686	0.193679	0.805799	0.905452	0.899026	0.860237	0.239309	12.691
274	0.139221	0.00385829	0.825596	0.968939	0.921837	0.163796	0.62884	0.58523	0.804596	0.533165	16.5742
275	0.678271	0.386394	0.510402	0.290423	0.0184091	0.102048	0.504796	0.58196	0.719004	0.309771	11.0416
276	0.816645	0.912683	0.115571	0.722097	0.811709	0.975807	0.961406	0.95093	0.979666	0.787003	22.0309
277	0.486733	0.755394	0.0818735	0.315721	0.843312	0.666005	0.246445	0.521583	0.0523992	0.756846	20.0858
278	0.812006	0.0708083	0.858895	0.316802	0.652768	0.577898	0.626573	0.469413	0.490581	0.742143	9.86564
279	0.717951	0.152917	0.25322	0.697616	0.93992	0.173089	0.599119	0.890718	0.721797	0.0858521	15.6732
280	0.646113	0.80367	0.401573	0.489424	0.469676	0.648018	0.0110069	0.522075	0.404864	0.823013	18.0206
281	0.139814	0.245651	0.841657	0.766387	0.715065	0.332238	0.50853	0.906575	0.634528	0.226481	13.1182
282	0.0594924	0.887748	0.924097	0.999412	0.0608362	0.523216	0.89013	0.782633	0.609068	0.536243	15.5744
283	0.0256669	0.0559791	0.658659	0.0366738	0.578054	0.0635237	0.859686	0.170937	0.327283	0.9995	3.65054
284	0.416589	0.16894	0.765887	0.131653	0.501178	0.274417	0.0382287	0.135705	0.500898	0.0977211	7.05552
285	0.0971331	0.0842894	0.948211	0.987263	0.866922	0.557279	0.523506	0.453226	0.567921	0.549173	18.4234
286	0.509205	0.22658	0.585846	0.0872588	0.290104	0.445533	0.258196	0.617387	0.445033	0.674785	6.65523
287	0.806438	0.287504	0.485337	0.844667	0.423209	0.986235	0.942388	0.446662	0.41123	0.039521	16.5786
288	0.530952	0.359441	0.0267842	0.397874	0.91672	0.55029	0.8511	0.484641	0.0994628	0.360305	19.8251
289	0.447564	0.00132573	0.130842	0.70576	0.618712	0.575875	0.380544	0.405038	0.786796	0.186983	13.8966
290	0.692542	0.272133	0.0316495	0.115752	0.258368	0.974037	0.562414	0.669598	0.0135584	0.0933659	12.4039
291	0.590633	0.34234	0.430401	0.690096	0.702645	0.141623	0.375405	0.150208	0.142949	0.506247	17.1216
292	0.855968	0.761661	0.0821224	0.236512	0.166699	0.868918	0.423495	0.859242	0.141051	0.455145	15.9084
293	0.429182	0.537407	0.0690179	0.44274	0.630773	0.0980574	0.483083	0.122013	0.0438174	0.0737159	17.8535
294	0.464353	0.474219	0.763811	0.166998	0.615842	0.139216	0.317206	0.75879	0.645464	0.173174	12.6787
295	0.409687	0.687151	0.596504	0.833182	0.546393	0.737555	0.288326	0.521386	0.136975	0.717508	20.7482
296	0.0587931	0.205993	0.160248	0.689566	0.30405	0.643331	0.811579	0.347868	0.717047	0.275933	12.4263
297	0.442931	0.437928	0.620075	0.760137	0.196719	0.265539	0.933311	0.71717	0.993125	0.342998	14.5184
298	0.404321	0.589629	0.176179	0.950714	0.327184	0.464505	0.472099	0.464159	0.182014	0.530892	21.3342
299	0.220459	0.974202	0.985593	0.0320382	0.32207	0.702641	0.307971	0.144156	0.1835	0.750902	11.7022
300	0.582084	0.803575	0.511039	0.778803	0.0691138	0.44435	0.495973	0.0622386	0.787347	0.900294	18.1827
301	0.851007	0.979052	0.428032	0.323107	0.443211	0.610046	0.853999	0.113363	0.952308	0.0744578	10.8539
302	0.0875648	0.937901	0.106496	0.409635	0.640542	0.414467	0.553791	0.824041	0.165369	0.135875	14.0164
303	0.914678	0.69673	0.120757	0.410651	0.758969	0.908104	0.310944	0.410836	0.871631	0.161952	21.3396
304	0.389888	0.299663	0.485059	0.833099	0.909708	0.339058	0.946461	0.862016	0.413516	0.0340263	17.8962
305	0.443661	0.440458	0.934478	0.997451	0.2645	0.0998469	0.133326	0.892116	0.776254	0.048004	20.9281
306	0.588846	0.897011	0.458655	0.347815	0.805115	0.769599	0.758651	0.676745	0.931551	0.148539	17.8579
307	0.981637	0.886116	0.755667	0.928099	0.748131	0.169183	0.962125	0.548048	0.689194	0.405786	18.242
308	0.988506	0.623672	0.403238	0.253006	0.723519	0.536564	0.145122	0.499773	0.584568	0.733968	15.5597
309	0.0817827	0.201899	0.812821	0.840433	0.878644	0.744372	0.988972	0.855051	0.160982	0.97061	14.7739
310	0.741167	0.916649	0.898709	0.489298	0.0858311	0.860834	0.0373466	0.775025	0.26662	0.0258531	15.9684
311	0.278859	0.122217	0.206421	0.423981	0.62199	0.790989	0.157949	0.0187743	0.834212	0.239732	11.7965
312	0.220673	0.647033	0.0801656	0.0993164	0.391405	0.0691378	0.954368	0.552387	0.0397475	0.695535	10.7616
313	0.184833	0.554866	0.79929	0.22218	0.329892	0.0659098	0.248033	0.728589	0.735767	0.526892	9.54539
314	0.850806	0.942188	0.950873	0.472796	0.733178	0.108823	0.491571	0.567389	0.348555	0.712244	16.8837
315	0.81156	0.605827	0.497858	0.765928	0.158214	0.537606	0.461462	0.62725	0.476062	0.646295	18.0945
316	0.182116	0.275352	0.868475	0.512008	0.341262	0.116508	0.240597	0.0770289	0.6434	0.0914027	10.8309
317	0.564199	0.752395	0.703096	0.0557698	0.319784	0.0516508	0.768013	0.534206	0.480371	0.579573	12.7565
318	0.140033	0.978229	0.345501	0.298248	0.515835	0.806963	0.925497	0.991897	0.453259	0.107613	9.05084
319	0.619621	0.60851	0.438242	0.860217	0.685539	0.0816417	0.95162	0.704757	0.675915	0.515819	20.4808
320	0.457151	0.379011	0.571589	0.776935	0.430662	0.339602	0.311141	0.911033	0.919176	0.451175	15.73
321	0.749422	0.405098	0.0716397	0.674919	0.396995	0.524898	0.782533	0.664243	0.846632	0.402153	20.2417
322	0.272754	0.284874	0.262371	0.958293	0.366516	0.213991	0.663049	0.0424307	0.72981	0.120201	14.2832
323	0.897136	0.852104	0.641001	0.208278	0.763137	0.560176	0.659452	0.652399	0.824853	0.408875	11.3236
324	0.0574968	0.896493	0.083794	0.454491	0.421391	0.866327	0.118735	0.268023	0.26848	0.391488	14.2322
325	0.349781	0.919413	0.744841	0.0128304	0.961843	0.474651	0.133031	0.383285	0.77605	0.0301674	16.0666
326	0.235388	0.417051	0.238445	0.998525	0.977227	0.897897	0.650924	0.80208	0.306772	0.708421	20.8327
327	0.162912	0.119964	0.256892	0.281647	0.387987	0.525373	0.673135	0.940884	0.0562232	0.022916	5.69357
328	0.860296	0.801065	0.0357464	0.822139	0.275716	0.168778	0.205424	0.0517661	0.198945	0.440813	20.9459
329	0.439338	0.446045	0.335287	0.0902622	0.248125	0.642059	0.798683	0.946698	0.032625	0.961596	5.94991
330	0.0666617	0.289518	0.243243	0.454649	0.81489	0.916378	0.395532	0.871113	0.939294	0.255829	9.81672
331	0.99966	0.342763	0.724205	0.468477	0.780153	0.163543	0.914522	0.11544	0.253805	0.162647	17.9506
332	0.757499	0.0524885	0.109345	0.790125	0.0140841	0.176006	0.079642	0.257327	0.630655	0.894532	12.5542
333	0.282016	0.437823	0.0880377	0.359984	0.385717	0.231855	0.643376	0.385378	0.574618	0.367581	12.2908
334	0.853855	0.354771	0.531124	0.768377	0.470211	0.784929	0.931024	0.227711	0.837417	0.0403683	18.0555
335	0.108828	0.84703	0.99201	0.282532	0.873217	0.757655	0.39553	0.155233	0.195478	0.483568	14.6863
336	0.515216	0.581196	0.715423	0.158592	0.966573	0.290041	0.526173	0.820428	0.644812	0.0572967	15.6449
337	0.842226	0.519828	0.342735	0.679643	0.560197	0.36057	0.531144	0.776571	0.458048	0.639973	18.9561
338	0.623601	0.450057	0.922505	0.496818	0.207712	0.318035	0.652051	0.403191	0.801603	0.167267	17.6477
339	0.325859	0.950959	0.807067	0.852032	0.771387	0.451879	0.909329	0.360192	0.566903	0.751554	22.5441
340	0.88002	0.909638	0.431197	0.440217	0.270209	0.962342	0.216789	0.728256	0.602314	0.84039	10.3932
341	0.337208	0.386026	0.842854	0.989258	0.789217	0.644457	0.156525	0.773603	0.161482	0.482384	20.2679
342	0.724562	0.968549	0.334416	0.495949	0.420429	0.243745	0.856141	0.987332	0.995299	0.736162	16.5768
343	0.176379	0.167179	0.388838	0.393168	0.895435	0.991152	0.233557	0.073749	0.515971	0.570765	9.41262
344	0.459775	0.358825	0.560023	0.248992	0.00328197	0.716548	0.0225948	0.164764	0.198933	0.747157	6.43063
345	0.243106	0.553743	0.777093	0.0992475	0.541075	0.772392	0.835409	0.438045	0.198887	0.0117881	9.43787
346	0.605223	0.587725	0.404956	0.500659	0.578877	0.638513	0.574408	0.0948478	0.209278	0.0341828	16.8081
347	0.283175	0.456955	0.48585	0.30577	0.621719	0.684782	0.0529265	0.755033	0.218131	0.296033	11.6565
348	0.308776	0.995223	0.39528	0.84985	0.767615	0.230689	0.287895	0.966503	0.242477	0.893119	21.5216
349	0.393777	0.133104	0.285946	0.968185	0.227952	0.495224	0.00236773	0.681625	0.264525	0.285543	15.3969
350	0.13858	0.750374	0.591312	0.7603	0.435157	0.644239	0.515333	0.653287	0.940271	0.824109	14.3638
351	0.673959	0.416126	0.566241	0.961854	0.382628	0.808718	0.854973	0.936856	0.456151	0.24875	17.9946
352	0.0699601	0.742097	0.216935	0.297912	0.237321	0.219303	0.979537	0.501846	0.504845	0.118118	7.14938
353	0.878417	0.687377	0.740396	0.39375	0.340664	0.680667	0.217858	0.989175	0.0162189	0.891817	15.8741
354	0.405301	0.58246	0.853671	0.787929	0.391178	0.708644	0.724785	0.84733	0.957394	0.794745	19.4236
355	0.0926569	0.826748	0.393632	0.0721944	0.328595	0.898478	0.190312	0.580815	0.994635	0.0687289	3.76654
356	0.268192	0.735031	0.462479	0.608857	0.415699	0.680337	0.598032	0.431918	0.572154	0.00333222	13.7373
357	0.791261	0.405555	0.13447	0.516045	0.252885	0.0918645	0.31079	0.842312	0.266194	0.403447	17.5154
358	0.66906	0.659826	0.475641	0.997655	0.558304	0.665953	0.57847	0.552939	0.734682	0.846663	21.981
359	0.455519	0.703669	0.877498	0.0535511	0.135586	0.449652	0.0568833	0.149964	0.875478	0.848144	11.6155
360	0.555519	0.00994797	0.36419	0.808404	0.101812	0.67498	0.650716	0.368006	0.078427	0.319776	8.68792
361	0.317431	0.586137	0.220022	0.895901	0.139076	0.954704	0.742564	0.427046	0.151865	0.198083	16.7914
362	0.130715	0.0293628	0.251634	0.266301	0.479015	0.308517	0.416264	0.354493	0.156662	0.971783	4.16416
363	0.780187	0.466253	0.195831	0.430903	0.83426	0.274258	0.750679	0.862092	0.828327	0.0681104	19.7745
364	0.448229	0.0483486	0.964012	0.587305	0.00305258	0.706575	0.0143505	0.154917	0.904658	0.145065	10.5196
365	0.411366	0.663295	0.46481	0.82763	0.017788	0.621472	0.799414	0.382229	0.142323	0.579601	15.5635
366	0.848482	0.338155	0.0105039	0.682742	0.612413	0.761183	0.544834	0.44074	0.829294	0.993064	22.4692
367	0.580368	0.492141	0.499881	0.594719	0.647059	0.404539	0.739784	0.831339	0.560831	0.151149	18.4577
368	0.494634	0.0256415	0.97878	0.512422	0.647113	0.778193	0.894651	0.789437	0.357794	0.743133	12.4273
369	0.425875	0.740005	0.129481	0.97071	0.180745	0.958775	0.963773	0.669833	0.75208	0.544142	21.3934
370	0.161975	0.251961	0.13886	0.809034	0.6565	0.878644	0.640373	0.217331	0.0297934	0.135007	15.5611
371	0.786766	0.54208	0.679523	0.14456	0.285213	0.807114	0.512858	0.711088	0.547119	0.642339	14.0478
372	0.681798	0.727863	0.601114	0.645571	0.397697	0.353195	0.189713	0.559672	0.605156	0.328573	17.8953
373	0.207217	0.00907761	0.478987	0.23701	0.144084	0.72196	0.245583	0.791513	0.612046	0.0323497	1.79207
374	0.333593	0.291569	0.17691	0.618806	0.0986827	0.689768	0.329894	0.645801	0.332107	0.0116926	11.5983
375	0.657264	0.771361	0.286416	0.846977	0.331033	0.891572	0.17555	0.699738	0.153227	0.382767	21.6497
376	0.708816	0.632214	0.619777	0.8529	0.354174	0.865361	0.644413	0.96622	0.89771	0.978006	20.3101
377	0.596812	0.356471	0.764388	0.926707	0.00227268	0.0964953	0.938399	0.375937	0.0297167	0.595663	16.6203
378	0.147299	0.316133	0.44264	0.478332	0.207704	0.61819	0.17807	0.360932	0.000956713	0.886886	8.61309
379	0.486095	0.384199	0.31354	0.383805	0.362205	0.571328	0.458426	0.959017	0.9278	0.222814	11.0735
380	0.885723	0.930072	0.319309	0.824122	0.30601	0.349026	0.419785	0.453309	0.665159	0.862425	15.6324
381	0.233795	0.481572	0.996596	0.226941	0.102306	0.736382	0.57426	0.588401	0.12058	0.8878	10.1852
382	0.972206	0.482785	0.459128	0.430632	0.441802	0.386928	0.653445	0.327525	0.317	0.972754	15.465
383	0.32178	0.571433	0.0763186	0.986939	0.433858	0.00795897	0.859802	0.914473	0.117669	0.0935964	21.4558
384	0.396045	0.114265	0.320537	0.498351	0.850647	0.894797	0.0867517	0.971227	0.782597	0.0589577	11.0162
385	0.489589	0.895813	0.628654	0.143034	0.223338	0.945654	0.115789	0.374985	0.568665	0.437569	11.1112
386	0.946418	0.644983	0.424507	0.380276	0.652942	0.284309	0.294749	0.770611	0.377905	0.690794	17.2599
387	0.189145	0.735523	0.59324	0.275897	0.70675	0.375837	0.334854	0.160762	0.617563	0.824444	11.047
388	0.0565758	0.246217	0.967478	0.279914	0.191871	0.0832669	0.654899	0.760536	0.520836	0.601317	8.43961
389	0.981593	0.0584611	0.229652	0.276343	0.829072	0.607557	0.967137	0.713949	0.306	0.156282	10.7626
390	0.449472	0.899239	0.432179	0.156223	0.275076	0.767033	0.316985	0.892639	0.591477	0.373561	11.4771
391	0.653475	0.330728	0.642222	0.308374	0.0912634	0.163057	0.909692	0.496782	0.1084	0.891285	10.4045
392	0.555243	0.338052	0.167628	0.384316	0.94561	0.134765	0.0982649	0.251609	0.291046	0.547737	15.6115
393	0.70396	0.425925	0.490258	0.0209454	0.318564	0.0817345	0.394506	0.45742	0.640689	0.0479816	10.3581
394	0.788148	0.282911	0.356356	0.879411	0.445968	0.266048	0.376193	0.554369	0.157333	0.931437	18.5937
395	0.315753	0.83803	0.459726	0.414018	0.0896395	0.750772	0.961755	0.240488	0.473997	0.665715	11.6917
396	0.666412	0.964255	0.686661	0.984976	0.0459892	0.0811671	0.442396	0.686678	0.129149	0.230544	20.2887
397	0.109955	0.415558	0.751553	0.486148	0.969926	0.908886	0.417585	0.862347	0.233847	0.733338	12.3918
398	0.700378	0.693572	0.147356	0.790017	0.444344	0.109111	0.0305051	0.918341	0.774826	0.696918	23.6188
399	0.681894	0.928585	0.542654	0.12429	0.615263	0.671802	0.354834	0.584853	0.157307	0.464789	13.3902
400	0.000410601	0.90886	0.950937	0.970337	0.817745	0.368523	0.832684	0.0515924	0.101861	0.533062	18.7033
401	0.323079	0.189509	0.358327	0.353584	0.10785	0.133153	0.0505019	0.990446	0.594639	0.732396	5.53649
402	0.919031	0.137293	0.856686	0.534294	0.809095	0.21152	0.119147	0.966402	0.676309	0.119558	16.7073
403	0.0898948	0.693007	0.995769	0.922579	0.744599	0.0976298	0.455641	0.489764	0.346846	0.77872	20.1189
404	0.679273	0.705173	0.132305	0.787123	0.838325	0.182807	0.77757	0.432964	0.915202	0.6966	25.1252
405	0.230895	0.379351	0.983408	0.350042	0.345753	0.659718	0.4696	0.221014	0.286964	0.559494	14.0908
406	0.914021	0.282733	0.482073	0.65862	0.380363	0.937715	0.148384	0.727209	0.716435	0.827658	15.5276
407	0.614781	0.270707	0.031546	0.392351	0.703671	0.946748	0.0889511	0.273928	0.718636	0.319846	17.9722
408	0.65328	0.702045	0.669888	0.999033	0.361762	0.139488	0.220047	0.648727	0.698982	0.134069	23.3049
409	0.11877	0.941074	0.0390324	0.835205	0.768731	0.471414	0.683944	0.383512	0.742122	0.71549	19.234
410	0.775863	0.445793	0.662239	0.864814	0.719721	0.380875	0.18466	0.373001	0.0829198	0.854548	19.549
411	0.994035	0.592081	0.0934087	0.693017	0.72615	0.0248686	0.874073	0.518839	0.336692	0.992843	22.5859
412	0.459913	0.375724	0.828048	0.228644	0.847139	0.511992	0.612156	0.58926	0.227483	0.388019	13.0253
413	0.270596	0.437493	0.127776	0.353516	0.292041	0.49981	0.798198	0.286077	0.0918911	0.891607	12.2406
414	0.979094	0.818041	0.916476	0.853167	0.33688	0.253167	0.84601	0.796793	0.628892	0.674058	19.0882
415	0.18605	0.637593	0.0652907	0.413533	0.0256125	0.100344	0.303254	0.278446	0.855119	0.573851	11.6611
416	0.715939	0.982895	0.927367	0.00798011	0.482704	0.725565	0.294057	0.574596	0.617172	0.273151	11.8368
417	0.126318	0.729517	0.786815	0.972328	0.52631	0.415707	0.646386	0.551747	0.891737	0.832436	17.5853
418	0.189341	0.957028	0.245969	0.214953	0.0573717	0.549224	0.493399	0.91249	0.123074	0.209338	7.83823
419	0.776006	0.511375	0.952685	0.393178	0.784525	0.345322	0.926825	0.910843	0.0748388	0.71364	20.8806
420	0.883171	0.601149	0.129347	0.529557	0.152896	0.0210835	0.361993	0.342237	0.978111	0.607963	18.8234
421	0.157186	0.0505891	0.947973	0.28026	0.259927	0.843358	0.330701	0.477245	0.221448	0.106706	7.85533
422	0.98862	0.174133	0.499884	0.773145	0.519454	0.426709	0.683988	0.594293	0.140349	0.56716	14.6488
423	0.0967167	0.348338	0.290779	0.45871	0.690575	0.26889	0.0666728	0.247766	0.304373	0.223859	9.34549
424	0.298355	0.252346	0.504119	0.558282	0.0957045	0.83482	0.0355268	0.317152	0.941527	0.0241466	7.97518
425	0.797292	0.0107392	0.86812	0.48128	0.605032	0.00846868	0.0484399	0.800474	0.278164	0.145157	7.92792
426	0.148813	0.568943	0.603867	0.839388	0.837833	0.67054	0.0871539	0.142206	0.894398	0.385509	13.8301
427	0.94379	0.490257	0.233338	0.979317	0.807409	0.174864	0.00346381	0.298694	0.616275	0.800756	23.6466
428	0.309433	0.484394	0.282036	0.914465	0.492863	0.330476	0.71494	0.771027	0.475632	0.863753	16.8648
429	0.703141	0.177804	0.750039	0.790295	0.320011	0.644437	0.175803	0.714563	0.0429547	0.119594	13.9736
430	0.20482	0.276292	0.098911	0.0122294	0.451157	0.102375	0.310923	0.0674315	0.90313	0.620357	7.58173
431	0.534822	0.0446891	0.515642	0.249762	0.815716	0.991274	0.113514	0.155687	0.0707733	0.816655	6.00861
432	0.333491	0.820812	0.60695	0.653502	0.465249	0.782753	0.368065	0.508204	0.902347	0.572885	17.1382
433	0.103633	0.896038	0.303084	0.00676295	0.516395	0.85491	0.191929	0.0512168	0.899599	0.707571	4.84131
434	0.300979	0.715316	0.698845	0.414493	0.871003	0.769619	0.231148	0.204495	0.590431	0.838098	16.1285
435	0.563883	0.523198	0.798947	0.348379	0.524456	0.384062	0.584032	0.628089	0.2801	0.887117	14.5804
436	0.634851	0.796494	0.742027	0.826781	0.847711	0.641626	0.534352	0.14869	0.356942	0.233197	24.0216
437	0.00281557	0.794331	0.43244	0.593246	0.632429	0.290436	0.648926	0.25328	0.516498	0.212809	7.7695
438	0.776479	0.315445	0.561188	0.300935	0.699507	0.145221	0.929023	0.979606	0.0323375	0.563875	14.2494
439	0.390655	0.623811	0.415991	0.925007	0.772501	0.772933	0.158204	0.335684	0.000878856	0.161019	20.8888
440	0.130015	0.433319	0.754266	0.762444	0.723755	0.403191	0.0157245	0.240253	0.616	0.792203	14.5181
441	0.0931377	0.255205	0.322409	0.0221609	0.234811	0.354747	0.586035	0.0109114	0.129111	0.976691	1.49084
442	0.634723	0.545102	0.901698	0.407224	0.318036	0.0599016	0.742907	0.318915	0.220921	0.872922	19.9794
443	0.378378	0.651091	0.716242	0.994378	0.443294	0.271941	0.171566	0.536432	0.527146	0.493976	19.6883
444	0.558593	0.761957	0.848722	0.144628	0.772868	0.977834	0.121319	0.407591	0.522936	0.0230164	17.8415
445	0.082918	0.557722	0.159886	0.303839	0.430644	0.912119	0.279026	0.0660107	0.388108	0.657403	9.35412
446	0.717102	0.10435	0.651781	0.160395	0.376291	0.823348	0.696827	0.903437	0.317323	0.25542	6.75664
447	0.400048	0.438262	0.143879	0.521366	0.845853	0.666815	0.544383	0.660668	0.507786	0.627301	16.2414
448	0.21839	0.667672	0.93114	0.649034	0.579792	0.210166	0.715045	0.9679	0.867569	0.432147	16.7425
449	0.592542	0.448542	0.342698	0.289369	0.351978	0.660021	0.544789	0.0173722	0.826066	0.944836	12.5968
450	0.455634	0.969945	0.466203	0.301487	0.63676	0.0105854	0.962155	0.144546	0.637886	0.180545	17.3613
451	0.829579	0.39201	0.779191	0.544624	0.35991	0.64676	0.976771	0.43216	0.166111	0.569313	17.6232
452	0.880702	0.508808	0.858682	0.23268	0.168829	0.403471	0.250052	0.994895	0.348307	0.705687	17.2632
453	0.149874	0.558363	0.0320072	0.979453	0.950373	0.811199	0.524077	0.310283	0.457959	0.500848	21.2772
454	0.742443	0.62407	0.0701613	0.623144	0.132878	0.928843	0.855825	0.301707	0.332314	0.105877	19.358
455	0.811564	0.261442	0.495131	0.818737	0.863042	0.320226	0.788066	0.609187	0.783207	0.93794	19.7221
456	0.16755	0.815214	0.917393	0.117923	0.626413	0.441471	0.428205	0.0843719	0.942319	0.170648	12.3782
457	0.941324	0.649617	0.143027	0.273638	0.755494	0.439629	0.954259	0.567058	0.701071	0.44939	18.9454
458	0.385795	0.564112	0.769615	0.173862	0.173299	0.552822	0.111802	0.340849	0.368037	0.0291947	10.3611
459	0.470665	0.886977	0.0788214	0.412984	0.0576252	0.787263	0.425464	0.851418	0.628583	0.366788	17.8064
460	0.501035	0.771609	0.640426	0.256529	0.211238	0.594684	0.823587	0.912309	0.0440741	0.209382	13.286
461	0.383244	0.649721	0.366512	0.495046	0.99057	0.734549	0.52424	0.449341	0.728998	0.994905	18.6662
462	0.336318	0.80782	0.40789	0.393943	0.595083	0.833354	0.245361	0.223665	0.200142	0.746396	14.3724
463	0.118822	0.479326	0.0358954	0.595243	0.293015	0.419139	0.244964	0.659527	0.914185	0.235534	14.7565
464	0.394076	0.438425	0.684875	0.123074	0.433331	0.0211931	0.930894	0.84122	0.415137	0.525976	10.5178
465	0.749642	0.874716	0.406894	0.744916	0.715283	0.40982	0.951429	0.150535	0.236333	0.0702509	21.195
466	0.629861	0.272228	0.665494	0.922876	0.691367	0.910458	0.582403	0.605552	0.145992	0.976479	17.4259
467	0.85206	0.0304474	0.318528	0.267197	0.556424	0.993102	0.927695	0.306065	0.867818	0.334589	6.87372
468	0.0509814	0.583101	0.744408	0.00241037	0.733636	0.980741	0.0726613	0.363496	0.252969	0.738156	5.71682
469	0.648614	0.868776	0.549889	0.794606	0.845255	0.593867	0.625473	0.944809	0.0711748	0.477534	22.2375
470	0.975256	0.389703	0.74473	0.53168	0.382806	0.672425	0.837745	0.250624	0.00701368	0.888727	18.404
471	0.891137	0.567361	0.732163	0.963799	0.930858	0.985132	0.701954	0.21723	0.929469	0.350568	25.8786
472	0.0860059	0.479358	0.145175	0.931261	0.073224	0.770648	0.87607	0.144399	0.248182	0.851327	13.5034
473	0.383007	0.916908	0.665337	0.220752	0.167532	0.672351	0.109479	0.00125721	0.423773	0.000616314	12.7363
474	0.568618	0.155936	0.964415	0.499476	0.141068	0.666369	0.716706	0.0705368	0.0169372	0.802712	12.9438
475	0.733973	0.623118	0.93276	0.610043	0.767517	0.180941	0.46137	0.301619	0.173854	0.844377	22.3726
476	0.218527	0.839191	0.0651288	0.386059	0.511541	0.174608	0.387317	0.935314	0.175224	0.955935	15.3914
477	0.806008	0.172117	0.302855	0.822945	0.974829	0.85275	0.985057	0.708802	0.475868	0.917817	16.5603
478	0.318845	0.243385	0.0987583	0.780215	0.545005	0.272612	0.624592	0.763532	0.111803	0.68972	15.1326
479	0.864328	0.536908	0.558658	0.0395525	0.492843	0.649909	0.179192	0.948254	0.882227	0.9852	13.2269
480	0.120371	0.185082	0.808145	0.0951994	0.0378321	0.793202	0.804001	0.5137	0.711019	0.122846	4.33421
481	0.903061	0.30209	0.0823889	0.527653	0.0656218	0.194191	0.217373	0.215213	0.817535	0.0817017	17.3683
482	0.752121	0.376194	0.121254	0.244964	0.0261023	0.300446	0.193217	0.908329	0.285645	0.313588	12.9611
483	0.886992	0.212788	0.644944	0.598011	0.335635	0.402029	0.407788	0.238696	0.704119	0.490177	12.6488
484	0.766349	0.769741	0.684368	0.983723	0.984954	0.501904	0.0654244	0.737075	0.878097	0.186679	24.9937
485	0.812529	0.77277	0.488844	0.905941	0.86656	0.897631	0.037185	0.753552	0.110419	0.682129	21.2866
486	0.351563	0.446054	0.0841583	0.759351	0.68475	0.788277	0.249527	0.4511	0.558018	0.933895	16.93
487	0.435799	0.500247	0.280047	0.313896	0.686925	0.262086	0.218096	0.17405	0.437341	0.0306254	15.3672
488	0.94682	0.926185	0.936566	0.81338	0.823816	0.973751	0.566932	0.934235	0.655881	0.918494	19.131
489	0.677845	0.0650395	0.528316	0.927372	0.516139	0.0863347	0.861267	0.950961	0.629307	0.297067	14.6634
490	0.451208	0.909354	0.610963	0.138133	0.17144	0.829059	0.312183	0.608781	0.859685	0.259002	12.2589
491	0.0723815	0.358782	0.770003	0.639313	0.293017	0.425883	0.557807	0.673306	0.165922	0.235652	11.5586
492	0.738345	0.694238	0.163024	0.254484	0.780573	0.0242916	0.205445	0.40988	0.321358	0.656653	18.5144
493	0.794786	0.490673	0.76138	0.106969	0.0994544	0.621065	0.365971	0.63442	0.417316	0.438352	12.8119
494	0.993202	0.187319	0.0776651	0.286219	0.613202	0.635472	0.959525	0.779124	0.871125	0.69787	14.9832
495	0.952354	0.253935	0.0584404	0.1578	0.663814	0.379799	0.814453	0.983048	0.31212	0.609239	15.1591
496	0.473722	0.0735002	0.716208	0.573176	0.694565	0.0821781	0.207597	0.111881	0.52053	0.200799	9.61909
497	0.487018	0.912402	0.233668	0.446542	0.691525	0.104792	0.144412	0.164887	0.138941	0.0967668	19.9776
498	0.418822	0.197382	0.254567	0.0826362	0.57718	0.0690197	0.0656846	0.8893	0.678259	0.539406	7.92951
499	0.112583	0.657366	0.476645	0.320179	0.769247	0.997175	0.520978	0.0684469	0.59537	0.00799569	9.26171
500	0.980849	0.829038	0.454538	0.672374	0.93383	0.59895	0.837261	0.0727716	0.695717	0.256083	16.5377
