t	x(t-1)	x(t-2)	x(t-3)	x(t-4)	x(t-5)	x(t-6)	x(t-7)	x(t-8)	x(t-9)	x(t-10)	x(t-11)	x(t-12)	x(t-13)	x(t-14)	x(t-15)	xt
1	-1.61075	-0.656373	-0.79366	1.40025	1.33838	1.52225	0.539401	0.10209	-0.425472	0.726177	-0.108323	-0.307654	-0.268774	0.840191	-0.227897	-0.745244
2	-0.745244	-1.61075	-0.656373	-0.79366	1.40025	1.33838	1.52225	0.539401	0.10209	-0.425472	0.726177	-0.108323	-0.307654	-0.268774	0.840191	1.05773
3	1.05773	-0.745244	-1.61075	-0.656373	-0.79366	1.40025	1.33838	1.52225	0.539401	0.10209	-0.425472	0.726177	-0.108323	-0.307654	-0.268774	0.390096
4	0.390096	1.05773	-0.745244	-1.61075	-0.656373	-0.79366	1.40025	1.33838	1.52225	0.539401	0.10209	-0.425472	0.726177	-0.108323	-0.307654	1.62693
5	1.62693	0.390096	1.05773	-0.745244	-1.61075	-0.656373	-0.79366	1.40025	1.33838	1.52225	0.539401	0.10209	-0.425472	0.726177	-0.108323	1.88934
6	1.88934	1.62693	0.390096	1.05773	-0.745244	-1.61075	-0.656373	-0.79366	1.40025	1.33838	1.52225	0.539401	0.10209	-0.425472	0.726177	-0.0554582
7	-0.0554582	1.88934	1.62693	0.390096	1.05773	-0.745244	-1.61075	-0.656373	-0.79366	1.40025	1.33838	1.52225	0.539401	0.10209	-0.425472	-0.16421
8	-0.16421	-0.0554582	1.88934	1.62693	0.390096	1.05773	-0.745244	-1.61075	-0.656373	-0.79366	1.40025	1.33838	1.52225	0.539401	0.10209	0.087378
9	0.087378	-0.16421	-0.0554582	1.88934	1.62693	0.390096	1.05773	-0.745244	-1.61075	-0.656373	-0.79366	1.40025	1.33838	1.52225	0.539401	-1.28946
10	-1.28946	0.087378	-0.16421	-0.0554582	1.88934	1.62693	0.390096	1.05773	-0.745244	-1.61075	-0.656373	-0.79366	1.40025	1.33838	1.52225	-0.359966
11	-0.359966	-1.28946	0.087378	-0.16421	-0.0554582	1.88934	1.62693	0.390096	1.05773	-0.745244	-1.61075	-0.656373	-0.79366	1.40025	1.33838	-1.03849
12	-1.03849	-0.359966	-1.28946	0.087378	-0.16421	-0.0554582	1.88934	1.62693	0.390096	1.05773	-0.745244	-1.61075	-0.656373	-0.79366	1.40025	-1.0438
13	-1.0438	-1.03849	-0.359966	-1.28946	0.087378	-0.16421	-0.0554582	1.88934	1.62693	0.390096	1.05773	-0.745244	-1.61075	-0.656373	-0.79366	-1.05501
14	-1.05501	-1.0438	-1.03849	-0.359966	-1.28946	0.087378	-0.16421	-0.0554582	1.88934	1.62693	0.390096	1.05773	-0.745244	-1.61075	-0.656373	-0.306492
15	-0.306492	-1.05501	-1.0438	-1.03849	-0.359966	-1.28946	0.087378	-0.16421	-0.0554582	1.88934	1.62693	0.390096	1.05773	-0.745244	-1.61075	0.0274357
16	0.0274357	-0.306492	-1.05501	-1.0438	-1.03849	-0.359966	-1.28946	0.087378	-0.16421	-0.0554582	1.88934	1.62693	0.390096	1.05773	-0.745244	1.03315
17	1.03315	0.0274357	-0.306492	-1.05501	-1.0438	-1.03849	-0.359966	-1.28946	0.087378	-0.16421	-0.0554582	1.88934	1.62693	0.390096	1.05773	-0.0596577
18	-0.0596577	1.03315	0.0274357	-0.306492	-1.05501	-1.0438	-1.03849	-0.359966	-1.28946	0.087378	-0.16421	-0.0554582	1.88934	1.62693	0.390096	1.25632
19	1.25632	-0.0596577	1.03315	0.0274357	-0.306492	-1.05501	-1.0438	-1.03849	-0.359966	-1.28946	0.087378	-0.16421	-0.0554582	1.88934	1.62693	0.848725
20	0.848725	1.25632	-0.0596577	1.03315	0.0274357	-0.306492	-1.05501	-1.0438	-1.03849	-0.359966	-1.28946	0.087378	-0.16421	-0.0554582	1.88934	1.67618
21	1.67618	0.848725	1.25632	-0.0596577	1.03315	0.0274357	-0.306492	-1.05501	-1.0438	-1.03849	-0.359966	-1.28946	0.087378	-0.16421	-0.0554582	1.26714
22	1.26714	1.67618	0.848725	1.25632	-0.0596577	1.03315	0.0274357	-0.306492	-1.05501	-1.0438	-1.03849	-0.359966	-1.28946	0.087378	-0.16421	1.42996
23	1.42996	1.26714	1.67618	0.848725	1.25632	-0.0596577	1.03315	0.0274357	-0.306492	-1.05501	-1.0438	-1.03849	-0.359966	-1.28946	0.087378	0.675078
24	0.675078	1.42996	1.26714	1.67618	0.848725	1.25632	-0.0596577	1.03315	0.0274357	-0.306492	-1.05501	-1.0438	-1.03849	-0.359966	-1.28946	-1.84659
25	-1.84659	0.675078	1.42996	1.26714	1.67618	0.848725	1.25632	-0.0596577	1.03315	0.0274357	-0.306492	-1.05501	-1.0438	-1.03849	-0.359966	-1.19864
26	-1.19864	-1.84659	0.675078	1.42996	1.26714	1.67618	0.848725	1.25632	-0.0596577	1.03315	0.0274357	-0.306492	-1.05501	-1.0438	-1.03849	0.0160321
27	0.0160321	-1.19864	-1.84659	0.675078	1.42996	1.26714	1.67618	0.848725	1.25632	-0.0596577	1.03315	0.0274357	-0.306492	-1.05501	-1.0438	-0.90526
28	-0.90526	0.0160321	-1.19864	-1.84659	0.675078	1.42996	1.26714	1.67618	0.848725	1.25632	-0.0596577	1.03315	0.0274357	-0.306492	-1.05501	0.390519
29	0.390519	-0.90526	0.0160321	-1.19864	-1.84659	0.675078	1.42996	1.26714	1.67618	0.848725	1.25632	-0.0596577	1.03315	0.0274357	-0.306492	0.993198
30	0.993198	0.390519	-0.90526	0.0160321	-1.19864	-1.84659	0.675078	1.42996	1.26714	1.67618	0.848725	1.25632	-0.0596577	1.03315	0.0274357	1.86611
31	1.86611	0.993198	0.390519	-0.90526	0.0160321	-1.19864	-1.84659	0.675078	1.42996	1.26714	1.67618	0.848725	1.25632	-0.0596577	1.03315	2.73317
32	2.73317	1.86611	0.993198	0.390519	-0.90526	0.0160321	-1.19864	-1.84659	0.675078	1.42996	1.26714	1.67618	0.848725	1.25632	-0.0596577	1.24831
33	1.24831	2.73317	1.86611	0.993198	0.390519	-0.90526	0.0160321	-1.19864	-1.84659	0.675078	1.42996	1.26714	1.67618	0.848725	1.25632	1.28512
34	1.28512	1.24831	2.73317	1.86611	0.993198	0.390519	-0.90526	0.0160321	-1.19864	-1.84659	0.675078	1.42996	1.26714	1.67618	0.848725	0.740123
35	0.740123	1.28512	1.24831	2.73317	1.86611	0.993198	0.390519	-0.90526	0.0160321	-1.19864	-1.84659	0.675078	1.42996	1.26714	1.67618	-1.48062
36	-1.48062	0.740123	1.28512	1.24831	2.73317	1.86611	0.993198	0.390519	-0.90526	0.0160321	-1.19864	-1.84659	0.675078	1.42996	1.26714	-2.38758
37	-2.38758	-1.48062	0.740123	1.28512	1.24831	2.73317	1.86611	0.993198	0.390519	-0.90526	0.0160321	-1.19864	-1.84659	0.675078	1.42996	-0.764671
38	-0.764671	-2.38758	-1.48062	0.740123	1.28512	1.24831	2.73317	1.86611	0.993198	0.390519	-0.90526	0.0160321	-1.19864	-1.84659	0.675078	-0.345246
39	-0.345246	-0.764671	-2.38758	-1.48062	0.740123	1.28512	1.24831	2.73317	1.86611	0.993198	0.390519	-0.90526	0.0160321	-1.19864	-1.84659	2.65463
40	2.65463	-0.345246	-0.764671	-2.38758	-1.48062	0.740123	1.28512	1.24831	2.73317	1.86611	0.993198	0.390519	-0.90526	0.0160321	-1.19864	1.03217
41	1.03217	2.65463	-0.345246	-0.764671	-2.38758	-1.48062	0.740123	1.28512	1.24831	2.73317	1.86611	0.993198	0.390519	-0.90526	0.0160321	0.98544
42	0.98544	1.03217	2.65463	-0.345246	-0.764671	-2.38758	-1.48062	0.740123	1.28512	1.24831	2.73317	1.86611	0.993198	0.390519	-0.90526	-0.383757
43	-0.383757	0.98544	1.03217	2.65463	-0.345246	-0.764671	-2.38758	-1.48062	0.740123	1.28512	1.24831	2.73317	1.86611	0.993198	0.390519	-1.36217
44	-1.36217	-0.383757	0.98544	1.03217	2.65463	-0.345246	-0.764671	-2.38758	-1.48062	0.740123	1.28512	1.24831	2.73317	1.86611	0.993198	-1.38884
45	-1.38884	-1.36217	-0.383757	0.98544	1.03217	2.65463	-0.345246	-0.764671	-2.38758	-1.48062	0.740123	1.28512	1.24831	2.73317	1.86611	-1.4983
46	-1.4983	-1.38884	-1.36217	-0.383757	0.98544	1.03217	2.65463	-0.345246	-0.764671	-2.38758	-1.48062	0.740123	1.28512	1.24831	2.73317	0.0719705
47	0.0719705	-1.4983	-1.38884	-1.36217	-0.383757	0.98544	1.03217	2.65463	-0.345246	-0.764671	-2.38758	-1.48062	0.740123	1.28512	1.24831	1.77298
48	1.77298	0.0719705	-1.4983	-1.38884	-1.36217	-0.383757	0.98544	1.03217	2.65463	-0.345246	-0.764671	-2.38758	-1.48062	0.740123	1.28512	1.41972
49	1.41972	1.77298	0.0719705	-1.4983	-1.38884	-1.36217	-0.383757	0.98544	1.03217	2.65463	-0.345246	-0.764671	-2.38758	-1.48062	0.740123	2.13877
50	2.13877	1.41972	1.77298	0.0719705	-1.4983	-1.38884	-1.36217	-0.383757	0.98544	1.03217	2.65463	-0.345246	-0.764671	-2.38758	-1.48062	-1.27505
51	-1.27505	2.13877	1.41972	1.77298	0.0719705	-1.4983	-1.38884	-1.36217	-0.383757	0.98544	1.03217	2.65463	-0.345246	-0.764671	-2.38758	-2.7392
52	-2.7392	-1.27505	2.13877	1.41972	1.77298	0.0719705	-1.4983	-1.38884	-1.36217	-0.383757	0.98544	1.03217	2.65463	-0.345246	-0.764671	-3.02336
53	-3.02336	-2.7392	-1.27505	2.13877	1.41972	1.77298	0.0719705	-1.4983	-1.38884	-1.36217	-0.383757	0.98544	1.03217	2.65463	-0.345246	-2.67028
54	-2.67028	-3.02336	-2.7392	-1.27505	2.13877	1.41972	1.77298	0.0719705	-1.4983	-1.38884	-1.36217	-0.383757	0.98544	1.03217	2.65463	-1.00284
55	-1.00284	-2.67028	-3.02336	-2.7392	-1.27505	2.13877	1.41972	1.77298	0.0719705	-1.4983	-1.38884	-1.36217	-0.383757	0.98544	1.03217	-0.694096
56	-0.694096	-1.00284	-2.67028	-3.02336	-2.7392	-1.27505	2.13877	1.41972	1.77298	0.0719705	-1.4983	-1.38884	-1.36217	-0.383757	0.98544	-0.267923
57	-0.267923	-0.694096	-1.00284	-2.67028	-3.02336	-2.7392	-1.27505	2.13877	1.41972	1.77298	0.0719705	-1.4983	-1.38884	-1.36217	-0.383757	0.566498
58	0.566498	-0.267923	-0.694096	-1.00284	-2.67028	-3.02336	-2.7392	-1.27505	2.13877	1.41972	1.77298	0.0719705	-1.4983	-1.38884	-1.36217	-0.743604
59	-0.743604	0.566498	-0.267923	-0.694096	-1.00284	-2.67028	-3.02336	-2.7392	-1.27505	2.13877	1.41972	1.77298	0.0719705	-1.4983	-1.38884	-0.878815
60	-0.878815	-0.743604	0.566498	-0.267923	-0.694096	-1.00284	-2.67028	-3.02336	-2.7392	-1.27505	2.13877	1.41972	1.77298	0.0719705	-1.4983	-1.36539
61	-1.36539	-0.878815	-0.743604	0.566498	-0.267923	-0.694096	-1.00284	-2.67028	-3.02336	-2.7392	-1.27505	2.13877	1.41972	1.77298	0.0719705	-1.43409
62	-1.43409	-1.36539	-0.878815	-0.743604	0.566498	-0.267923	-0.694096	-1.00284	-2.67028	-3.02336	-2.7392	-1.27505	2.13877	1.41972	1.77298	-0.828504
63	-0.828504	-1.43409	-1.36539	-0.878815	-0.743604	0.566498	-0.267923	-0.694096	-1.00284	-2.67028	-3.02336	-2.7392	-1.27505	2.13877	1.41972	-0.265753
64	-0.265753	-0.828504	-1.43409	-1.36539	-0.878815	-0.743604	0.566498	-0.267923	-0.694096	-1.00284	-2.67028	-3.02336	-2.7392	-1.27505	2.13877	1.12585
65	1.12585	-0.265753	-0.828504	-1.43409	-1.36539	-0.878815	-0.743604	0.566498	-0.267923	-0.694096	-1.00284	-2.67028	-3.02336	-2.7392	-1.27505	2.28541
66	2.28541	1.12585	-0.265753	-0.828504	-1.43409	-1.36539	-0.878815	-0.743604	0.566498	-0.267923	-0.694096	-1.00284	-2.67028	-3.02336	-2.7392	1.30843
67	1.30843	2.28541	1.12585	-0.265753	-0.828504	-1.43409	-1.36539	-0.878815	-0.743604	0.566498	-0.267923	-0.694096	-1.00284	-2.67028	-3.02336	2.58267
68	2.58267	1.30843	2.28541	1.12585	-0.265753	-0.828504	-1.43409	-1.36539	-0.878815	-0.743604	0.566498	-0.267923	-0.694096	-1.00284	-2.67028	0.24831
69	0.24831	2.58267	1.30843	2.28541	1.12585	-0.265753	-0.828504	-1.43409	-1.36539	-0.878815	-0.743604	0.566498	-0.267923	-0.694096	-1.00284	-0.245187
70	-0.245187	0.24831	2.58267	1.30843	2.28541	1.12585	-0.265753	-0.828504	-1.43409	-1.36539	-0.878815	-0.743604	0.566498	-0.267923	-0.694096	-1.14548
71	-1.14548	-0.245187	0.24831	2.58267	1.30843	2.28541	1.12585	-0.265753	-0.828504	-1.43409	-1.36539	-0.878815	-0.743604	0.566498	-0.267923	-1.60075
72	-1.60075	-1.14548	-0.245187	0.24831	2.58267	1.30843	2.28541	1.12585	-0.265753	-0.828504	-1.43409	-1.36539	-0.878815	-0.743604	0.566498	-2.1172
73	-2.1172	-1.60075	-1.14548	-0.245187	0.24831	2.58267	1.30843	2.28541	1.12585	-0.265753	-0.828504	-1.43409	-1.36539	-0.878815	-0.743604	-1.36849
74	-1.36849	-2.1172	-1.60075	-1.14548	-0.245187	0.24831	2.58267	1.30843	2.28541	1.12585	-0.265753	-0.828504	-1.43409	-1.36539	-0.878815	-0.0421214
75	-0.0421214	-1.36849	-2.1172	-1.60075	-1.14548	-0.245187	0.24831	2.58267	1.30843	2.28541	1.12585	-0.265753	-0.828504	-1.43409	-1.36539	-1.47362
76	-1.47362	-0.0421214	-1.36849	-2.1172	-1.60075	-1.14548	-0.245187	0.24831	2.58267	1.30843	2.28541	1.12585	-0.265753	-0.828504	-1.43409	0.584497
77	0.584497	-1.47362	-0.0421214	-1.36849	-2.1172	-1.60075	-1.14548	-0.245187	0.24831	2.58267	1.30843	2.28541	1.12585	-0.265753	-0.828504	1.00819
78	1.00819	0.584497	-1.47362	-0.0421214	-1.36849	-2.1172	-1.60075	-1.14548	-0.245187	0.24831	2.58267	1.30843	2.28541	1.12585	-0.265753	3.04571
79	3.04571	1.00819	0.584497	-1.47362	-0.0421214	-1.36849	-2.1172	-1.60075	-1.14548	-0.245187	0.24831	2.58267	1.30843	2.28541	1.12585	2.86635
80	2.86635	3.04571	1.00819	0.584497	-1.47362	-0.0421214	-1.36849	-2.1172	-1.60075	-1.14548	-0.245187	0.24831	2.58267	1.30843	2.28541	0.268221
81	0.268221	2.86635	3.04571	1.00819	0.584497	-1.47362	-0.0421214	-1.36849	-2.1172	-1.60075	-1.14548	-0.245187	0.24831	2.58267	1.30843	-0.38122
82	-0.38122	0.268221	2.86635	3.04571	1.00819	0.584497	-1.47362	-0.0421214	-1.36849	-2.1172	-1.60075	-1.14548	-0.245187	0.24831	2.58267	-1.80203
83	-1.80203	-0.38122	0.268221	2.86635	3.04571	1.00819	0.584497	-1.47362	-0.0421214	-1.36849	-2.1172	-1.60075	-1.14548	-0.245187	0.24831	-3.54733
84	-3.54733	-1.80203	-0.38122	0.268221	2.86635	3.04571	1.00819	0.584497	-1.47362	-0.0421214	-1.36849	-2.1172	-1.60075	-1.14548	-0.245187	-0.393365
85	-0.393365	-3.54733	-1.80203	-0.38122	0.268221	2.86635	3.04571	1.00819	0.584497	-1.47362	-0.0421214	-1.36849	-2.1172	-1.60075	-1.14548	-1.43433
86	-1.43433	-0.393365	-3.54733	-1.80203	-0.38122	0.268221	2.86635	3.04571	1.00819	0.584497	-1.47362	-0.0421214	-1.36849	-2.1172	-1.60075	-0.948514
87	-0.948514	-1.43433	-0.393365	-3.54733	-1.80203	-0.38122	0.268221	2.86635	3.04571	1.00819	0.584497	-1.47362	-0.0421214	-1.36849	-2.1172	2.09063
88	2.09063	-0.948514	-1.43433	-0.393365	-3.54733	-1.80203	-0.38122	0.268221	2.86635	3.04571	1.00819	0.584497	-1.47362	-0.0421214	-1.36849	0.900769
89	0.900769	2.09063	-0.948514	-1.43433	-0.393365	-3.54733	-1.80203	-0.38122	0.268221	2.86635	3.04571	1.00819	0.584497	-1.47362	-0.0421214	1.59374
90	1.59374	0.900769	2.09063	-0.948514	-1.43433	-0.393365	-3.54733	-1.80203	-0.38122	0.268221	2.86635	3.04571	1.00819	0.584497	-1.47362	-0.0561378
91	-0.0561378	1.59374	0.900769	2.09063	-0.948514	-1.43433	-0.393365	-3.54733	-1.80203	-0.38122	0.268221	2.86635	3.04571	1.00819	0.584497	-2.68328
92	-2.68328	-0.0561378	1.59374	0.900769	2.09063	-0.948514	-1.43433	-0.393365	-3.54733	-1.80203	-0.38122	0.268221	2.86635	3.04571	1.00819	-2.5505
93	-2.5505	-2.68328	-0.0561378	1.59374	0.900769	2.09063	-0.948514	-1.43433	-0.393365	-3.54733	-1.80203	-0.38122	0.268221	2.86635	3.04571	-2.14979
94	-2.14979	-2.5505	-2.68328	-0.0561378	1.59374	0.900769	2.09063	-0.948514	-1.43433	-0.393365	-3.54733	-1.80203	-0.38122	0.268221	2.86635	-1.17385
95	-1.17385	-2.14979	-2.5505	-2.68328	-0.0561378	1.59374	0.900769	2.09063	-0.948514	-1.43433	-0.393365	-3.54733	-1.80203	-0.38122	0.268221	1.50628
96	1.50628	-1.17385	-2.14979	-2.5505	-2.68328	-0.0561378	1.59374	0.900769	2.09063	-0.948514	-1.43433	-0.393365	-3.54733	-1.80203	-0.38122	1.66278
97	1.66278	1.50628	-1.17385	-2.14979	-2.5505	-2.68328	-0.0561378	1.59374	0.900769	2.09063	-0.948514	-1.43433	-0.393365	-3.54733	-1.80203	0.633095
98	0.633095	1.66278	1.50628	-1.17385	-2.14979	-2.5505	-2.68328	-0.0561378	1.59374	0.900769	2.09063	-0.948514	-1.43433	-0.393365	-3.54733	0.408336
99	0.408336	0.633095	1.66278	1.50628	-1.17385	-2.14979	-2.5505	-2.68328	-0.0561378	1.59374	0.900769	2.09063	-0.948514	-1.43433	-0.393365	1.31859
100	1.31859	0.408336	0.633095	1.66278	1.50628	-1.17385	-2.14979	-2.5505	-2.68328	-0.0561378	1.59374	0.900769	2.09063	-0.948514	-1.43433	-2.05362
101	-2.05362	1.31859	0.408336	0.633095	1.66278	1.50628	-1.17385	-2.14979	-2.5505	-2.68328	-0.0561378	1.59374	0.900769	2.09063	-0.948514	-3.25414
102	-3.25414	-2.05362	1.31859	0.408336	0.633095	1.66278	1.50628	-1.17385	-2.14979	-2.5505	-2.68328	-0.0561378	1.59374	0.900769	2.09063	-1.5297
103	-1.5297	-3.25414	-2.05362	1.31859	0.408336	0.633095	1.66278	1.50628	-1.17385	-2.14979	-2.5505	-2.68328	-0.0561378	1.59374	0.900769	-1.01095
104	-1.01095	-1.5297	-3.25414	-2.05362	1.31859	0.408336	0.633095	1.66278	1.50628	-1.17385	-2.14979	-2.5505	-2.68328	-0.0561378	1.59374	2.31815
105	2.31815	-1.01095	-1.5297	-3.25414	-2.05362	1.31859	0.408336	0.633095	1.66278	1.50628	-1.17385	-2.14979	-2.5505	-2.68328	-0.0561378	1.54784
106	1.54784	2.31815	-1.01095	-1.5297	-3.25414	-2.05362	1.31859	0.408336	0.633095	1.66278	1.50628	-1.17385	-2.14979	-2.5505	-2.68328	1.02978
107	1.02978	1.54784	2.31815	-1.01095	-1.5297	-3.25414	-2.05362	1.31859	0.408336	0.633095	1.66278	1.50628	-1.17385	-2.14979	-2.5505	1.66576
108	1.66576	1.02978	1.54784	2.31815	-1.01095	-1.5297	-3.25414	-2.05362	1.31859	0.408336	0.633095	1.66278	1.50628	-1.17385	-2.14979	0.236987
109	0.236987	1.66576	1.02978	1.54784	2.31815	-1.01095	-1.5297	-3.25414	-2.05362	1.31859	0.408336	0.633095	1.66278	1.50628	-1.17385	1.44084
110	1.44084	0.236987	1.66576	1.02978	1.54784	2.31815	-1.01095	-1.5297	-3.25414	-2.05362	1.31859	0.408336	0.633095	1.66278	1.50628	2.04282
111	2.04282	1.44084	0.236987	1.66576	1.02978	1.54784	2.31815	-1.01095	-1.5297	-3.25414	-2.05362	1.31859	0.408336	0.633095	1.66278	-1.00303
112	-1.00303	2.04282	1.44084	0.236987	1.66576	1.02978	1.54784	2.31815	-1.01095	-1.5297	-3.25414	-2.05362	1.31859	0.408336	0.633095	-0.361074
113	-0.361074	-1.00303	2.04282	1.44084	0.236987	1.66576	1.02978	1.54784	2.31815	-1.01095	-1.5297	-3.25414	-2.05362	1.31859	0.408336	-0.00416694
114	-0.00416694	-0.361074	-1.00303	2.04282	1.44084	0.236987	1.66576	1.02978	1.54784	2.31815	-1.01095	-1.5297	-3.25414	-2.05362	1.31859	2.19666
115	2.19666	-0.00416694	-0.361074	-1.00303	2.04282	1.44084	0.236987	1.66576	1.02978	1.54784	2.31815	-1.01095	-1.5297	-3.25414	-2.05362	1.03301
116	1.03301	2.19666	-0.00416694	-0.361074	-1.00303	2.04282	1.44084	0.236987	1.66576	1.02978	1.54784	2.31815	-1.01095	-1.5297	-3.25414	0.154758
117	0.154758	1.03301	2.19666	-0.00416694	-0.361074	-1.00303	2.04282	1.44084	0.236987	1.66576	1.02978	1.54784	2.31815	-1.01095	-1.5297	-0.731254
118	-0.731254	0.154758	1.03301	2.19666	-0.00416694	-0.361074	-1.00303	2.04282	1.44084	0.236987	1.66576	1.02978	1.54784	2.31815	-1.01095	-1.38361
119	-1.38361	-0.731254	0.154758	1.03301	2.19666	-0.00416694	-0.361074	-1.00303	2.04282	1.44084	0.236987	1.66576	1.02978	1.54784	2.31815	-1.54354
120	-1.54354	-1.38361	-0.731254	0.154758	1.03301	2.19666	-0.00416694	-0.361074	-1.00303	2.04282	1.44084	0.236987	1.66576	1.02978	1.54784	-1.41329
121	-1.41329	-1.54354	-1.38361	-0.731254	0.154758	1.03301	2.19666	-0.00416694	-0.361074	-1.00303	2.04282	1.44084	0.236987	1.66576	1.02978	-2.4036
122	-2.4036	-1.41329	-1.54354	-1.38361	-0.731254	0.154758	1.03301	2.19666	-0.00416694	-0.361074	-1.00303	2.04282	1.44084	0.236987	1.66576	-1.84101
123	-1.84101	-2.4036	-1.41329	-1.54354	-1.38361	-0.731254	0.154758	1.03301	2.19666	-0.00416694	-0.361074	-1.00303	2.04282	1.44084	0.236987	-0.648583
124	-0.648583	-1.84101	-2.4036	-1.41329	-1.54354	-1.38361	-0.731254	0.154758	1.03301	2.19666	-0.00416694	-0.361074	-1.00303	2.04282	1.44084	-1.63927
125	-1.63927	-0.648583	-1.84101	-2.4036	-1.41329	-1.54354	-1.38361	-0.731254	0.154758	1.03301	2.19666	-0.00416694	-0.361074	-1.00303	2.04282	-0.528041
126	-0.528041	-1.63927	-0.648583	-1.84101	-2.4036	-1.41329	-1.54354	-1.38361	-0.731254	0.154758	1.03301	2.19666	-0.00416694	-0.361074	-1.00303	0.371576
127	0.371576	-0.528041	-1.63927	-0.648583	-1.84101	-2.4036	-1.41329	-1.54354	-1.38361	-0.731254	0.154758	1.03301	2.19666	-0.00416694	-0.361074	0.476073
128	0.476073	0.371576	-0.528041	-1.63927	-0.648583	-1.84101	-2.4036	-1.41329	-1.54354	-1.38361	-0.731254	0.154758	1.03301	2.19666	-0.00416694	0.721124
129	0.721124	0.476073	0.371576	-0.528041	-1.63927	-0.648583	-1.84101	-2.4036	-1.41329	-1.54354	-1.38361	-0.731254	0.154758	1.03301	2.19666	1.02153
130	1.02153	0.721124	0.476073	0.371576	-0.528041	-1.63927	-0.648583	-1.84101	-2.4036	-1.41329	-1.54354	-1.38361	-0.731254	0.154758	1.03301	-0.965984
131	-0.965984	1.02153	0.721124	0.476073	0.371576	-0.528041	-1.63927	-0.648583	-1.84101	-2.4036	-1.41329	-1.54354	-1.38361	-0.731254	0.154758	-0.227643
132	-0.227643	-0.965984	1.02153	0.721124	0.476073	0.371576	-0.528041	-1.63927	-0.648583	-1.84101	-2.4036	-1.41329	-1.54354	-1.38361	-0.731254	-0.330096
133	-0.330096	-0.227643	-0.965984	1.02153	0.721124	0.476073	0.371576	-0.528041	-1.63927	-0.648583	-1.84101	-2.4036	-1.41329	-1.54354	-1.38361	-0.19714
134	-0.19714	-0.330096	-0.227643	-0.965984	1.02153	0.721124	0.476073	0.371576	-0.528041	-1.63927	-0.648583	-1.84101	-2.4036	-1.41329	-1.54354	0.712444
135	0.712444	-0.19714	-0.330096	-0.227643	-0.965984	1.02153	0.721124	0.476073	0.371576	-0.528041	-1.63927	-0.648583	-1.84101	-2.4036	-1.41329	0.247979
136	0.247979	0.712444	-0.19714	-0.330096	-0.227643	-0.965984	1.02153	0.721124	0.476073	0.371576	-0.528041	-1.63927	-0.648583	-1.84101	-2.4036	1.56183
137	1.56183	0.247979	0.712444	-0.19714	-0.330096	-0.227643	-0.965984	1.02153	0.721124	0.476073	0.371576	-0.528041	-1.63927	-0.648583	-1.84101	1.65853
138	1.65853	1.56183	0.247979	0.712444	-0.19714	-0.330096	-0.227643	-0.965984	1.02153	0.721124	0.476073	0.371576	-0.528041	-1.63927	-0.648583	0.98595
139	0.98595	1.65853	1.56183	0.247979	0.712444	-0.19714	-0.330096	-0.227643	-0.965984	1.02153	0.721124	0.476073	0.371576	-0.528041	-1.63927	-1.34268
140	-1.34268	0.98595	1.65853	1.56183	0.247979	0.712444	-0.19714	-0.330096	-0.227643	-0.965984	1.02153	0.721124	0.476073	0.371576	-0.528041	-2.62987
141	-2.62987	-1.34268	0.98595	1.65853	1.56183	0.247979	0.712444	-0.19714	-0.330096	-0.227643	-0.965984	1.02153	0.721124	0.476073	0.371576	-3.75033
142	-3.75033	-2.62987	-1.34268	0.98595	1.65853	1.56183	0.247979	0.712444	-0.19714	-0.330096	-0.227643	-0.965984	1.02153	0.721124	0.476073	-2.66798
143	-2.66798	-3.75033	-2.62987	-1.34268	0.98595	1.65853	1.56183	0.247979	0.712444	-0.19714	-0.330096	-0.227643	-0.965984	1.02153	0.721124	-2.13813
144	-2.13813	-2.66798	-3.75033	-2.62987	-1.34268	0.98595	1.65853	1.56183	0.247979	0.712444	-0.19714	-0.330096	-0.227643	-0.965984	1.02153	-2.58013
145	-2.58013	-2.13813	-2.66798	-3.75033	-2.62987	-1.34268	0.98595	1.65853	1.56183	0.247979	0.712444	-0.19714	-0.330096	-0.227643	-0.965984	1.68492
146	1.68492	-2.58013	-2.13813	-2.66798	-3.75033	-2.62987	-1.34268	0.98595	1.65853	1.56183	0.247979	0.712444	-0.19714	-0.330096	-0.227643	2.39135
147	2.39135	1.68492	-2.58013	-2.13813	-2.66798	-3.75033	-2.62987	-1.34268	0.98595	1.65853	1.56183	0.247979	0.712444	-0.19714	-0.330096	2.98335
148	2.98335	2.39135	1.68492	-2.58013	-2.13813	-2.66798	-3.75033	-2.62987	-1.34268	0.98595	1.65853	1.56183	0.247979	0.712444	-0.19714	1.6454
149	1.6454	2.98335	2.39135	1.68492	-2.58013	-2.13813	-2.66798	-3.75033	-2.62987	-1.34268	0.98595	1.65853	1.56183	0.247979	0.712444	-0.0198134
150	-0.0198134	1.6454	2.98335	2.39135	1.68492	-2.58013	-2.13813	-2.66798	-3.75033	-2.62987	-1.34268	0.98595	1.65853	1.56183	0.247979	-1.96331
151	-1.96331	-0.0198134	1.6454	2.98335	2.39135	1.68492	-2.58013	-2.13813	-2.66798	-3.75033	-2.62987	-1.34268	0.98595	1.65853	1.56183	-1.99182
152	-1.99182	-1.96331	-0.0198134	1.6454	2.98335	2.39135	1.68492	-2.58013	-2.13813	-2.66798	-3.75033	-2.62987	-1.34268	0.98595	1.65853	-4.46093
153	-4.46093	-1.99182	-1.96331	-0.0198134	1.6454	2.98335	2.39135	1.68492	-2.58013	-2.13813	-2.66798	-3.75033	-2.62987	-1.34268	0.98595	-2.98241
154	-2.98241	-4.46093	-1.99182	-1.96331	-0.0198134	1.6454	2.98335	2.39135	1.68492	-2.58013	-2.13813	-2.66798	-3.75033	-2.62987	-1.34268	0.240538
155	0.240538	-2.98241	-4.46093	-1.99182	-1.96331	-0.0198134	1.6454	2.98335	2.39135	1.68492	-2.58013	-2.13813	-2.66798	-3.75033	-2.62987	1.17587
156	1.17587	0.240538	-2.98241	-4.46093	-1.99182	-1.96331	-0.0198134	1.6454	2.98335	2.39135	1.68492	-2.58013	-2.13813	-2.66798	-3.75033	3.62085
157	3.62085	1.17587	0.240538	-2.98241	-4.46093	-1.99182	-1.96331	-0.0198134	1.6454	2.98335	2.39135	1.68492	-2.58013	-2.13813	-2.66798	4.10009
158	4.10009	3.62085	1.17587	0.240538	-2.98241	-4.46093	-1.99182	-1.96331	-0.0198134	1.6454	2.98335	2.39135	1.68492	-2.58013	-2.13813	3.51174
159	3.51174	4.10009	3.62085	1.17587	0.240538	-2.98241	-4.46093	-1.99182	-1.96331	-0.0198134	1.6454	2.98335	2.39135	1.68492	-2.58013	1.73741
160	1.73741	3.51174	4.10009	3.62085	1.17587	0.240538	-2.98241	-4.46093	-1.99182	-1.96331	-0.0198134	1.6454	2.98335	2.39135	1.68492	-0.661257
161	-0.661257	1.73741	3.51174	4.10009	3.62085	1.17587	0.240538	-2.98241	-4.46093	-1.99182	-1.96331	-0.0198134	1.6454	2.98335	2.39135	-1.45553
162	-1.45553	-0.661257	1.73741	3.51174	4.10009	3.62085	1.17587	0.240538	-2.98241	-4.46093	-1.99182	-1.96331	-0.0198134	1.6454	2.98335	-0.152296
163	-0.152296	-1.45553	-0.661257	1.73741	3.51174	4.10009	3.62085	1.17587	0.240538	-2.98241	-4.46093	-1.99182	-1.96331	-0.0198134	1.6454	-1.68082
164	-1.68082	-0.152296	-1.45553	-0.661257	1.73741	3.51174	4.10009	3.62085	1.17587	0.240538	-2.98241	-4.46093	-1.99182	-1.96331	-0.0198134	-1.85471
165	-1.85471	-1.68082	-0.152296	-1.45553	-0.661257	1.73741	3.51174	4.10009	3.62085	1.17587	0.240538	-2.98241	-4.46093	-1.99182	-1.96331	-1.03731
166	-1.03731	-1.85471	-1.68082	-0.152296	-1.45553	-0.661257	1.73741	3.51174	4.10009	3.62085	1.17587	0.240538	-2.98241	-4.46093	-1.99182	-1.05564
167	-1.05564	-1.03731	-1.85471	-1.68082	-0.152296	-1.45553	-0.661257	1.73741	3.51174	4.10009	3.62085	1.17587	0.240538	-2.98241	-4.46093	-0.405124
168	-0.405124	-1.05564	-1.03731	-1.85471	-1.68082	-0.152296	-1.45553	-0.661257	1.73741	3.51174	4.10009	3.62085	1.17587	0.240538	-2.98241	1.04928
169	1.04928	-0.405124	-1.05564	-1.03731	-1.85471	-1.68082	-0.152296	-1.45553	-0.661257	1.73741	3.51174	4.10009	3.62085	1.17587	0.240538	-0.369307
170	-0.369307	1.04928	-0.405124	-1.05564	-1.03731	-1.85471	-1.68082	-0.152296	-1.45553	-0.661257	1.73741	3.51174	4.10009	3.62085	1.17587	2.05103
171	2.05103	-0.369307	1.04928	-0.405124	-1.05564	-1.03731	-1.85471	-1.68082	-0.152296	-1.45553	-0.661257	1.73741	3.51174	4.10009	3.62085	1.12921
172	1.12921	2.05103	-0.369307	1.04928	-0.405124	-1.05564	-1.03731	-1.85471	-1.68082	-0.152296	-1.45553	-0.661257	1.73741	3.51174	4.10009	0.300743
173	0.300743	1.12921	2.05103	-0.369307	1.04928	-0.405124	-1.05564	-1.03731	-1.85471	-1.68082	-0.152296	-1.45553	-0.661257	1.73741	3.51174	1.04793
174	1.04793	0.300743	1.12921	2.05103	-0.369307	1.04928	-0.405124	-1.05564	-1.03731	-1.85471	-1.68082	-0.152296	-1.45553	-0.661257	1.73741	-0.300934
175	-0.300934	1.04793	0.300743	1.12921	2.05103	-0.369307	1.04928	-0.405124	-1.05564	-1.03731	-1.85471	-1.68082	-0.152296	-1.45553	-0.661257	-2.65273
176	-2.65273	-0.300934	1.04793	0.300743	1.12921	2.05103	-0.369307	1.04928	-0.405124	-1.05564	-1.03731	-1.85471	-1.68082	-0.152296	-1.45553	-3.33331
177	-3.33331	-2.65273	-0.300934	1.04793	0.300743	1.12921	2.05103	-0.369307	1.04928	-0.405124	-1.05564	-1.03731	-1.85471	-1.68082	-0.152296	-2.78411
178	-2.78411	-3.33331	-2.65273	-0.300934	1.04793	0.300743	1.12921	2.05103	-0.369307	1.04928	-0.405124	-1.05564	-1.03731	-1.85471	-1.68082	-0.883208
179	-0.883208	-2.78411	-3.33331	-2.65273	-0.300934	1.04793	0.300743	1.12921	2.05103	-0.369307	1.04928	-0.405124	-1.05564	-1.03731	-1.85471	1.59811
180	1.59811	-0.883208	-2.78411	-3.33331	-2.65273	-0.300934	1.04793	0.300743	1.12921	2.05103	-0.369307	1.04928	-0.405124	-1.05564	-1.03731	3.6637
181	3.6637	1.59811	-0.883208	-2.78411	-3.33331	-2.65273	-0.300934	1.04793	0.300743	1.12921	2.05103	-0.369307	1.04928	-0.405124	-1.05564	5.59119
182	5.59119	3.6637	1.59811	-0.883208	-2.78411	-3.33331	-2.65273	-0.300934	1.04793	0.300743	1.12921	2.05103	-0.369307	1.04928	-0.405124	4.93194
183	4.93194	5.59119	3.6637	1.59811	-0.883208	-2.78411	-3.33331	-2.65273	-0.300934	1.04793	0.300743	1.12921	2.05103	-0.369307	1.04928	2.24624
184	2.24624	4.93194	5.59119	3.6637	1.59811	-0.883208	-2.78411	-3.33331	-2.65273	-0.300934	1.04793	0.300743	1.12921	2.05103	-0.369307	0.849565
185	0.849565	2.24624	4.93194	5.59119	3.6637	1.59811	-0.883208	-2.78411	-3.33331	-2.65273	-0.300934	1.04793	0.300743	1.12921	2.05103	-0.64163
186	-0.64163	0.849565	2.24624	4.93194	5.59119	3.6637	1.59811	-0.883208	-2.78411	-3.33331	-2.65273	-0.300934	1.04793	0.300743	1.12921	-1.8184
187	-1.8184	-0.64163	0.849565	2.24624	4.93194	5.59119	3.6637	1.59811	-0.883208	-2.78411	-3.33331	-2.65273	-0.300934	1.04793	0.300743	-3.194
188	-3.194	-1.8184	-0.64163	0.849565	2.24624	4.93194	5.59119	3.6637	1.59811	-0.883208	-2.78411	-3.33331	-2.65273	-0.300934	1.04793	1.61932
189	1.61932	-3.194	-1.8184	-0.64163	0.849565	2.24624	4.93194	5.59119	3.6637	1.59811	-0.883208	-2.78411	-3.33331	-2.65273	-0.300934	3.4824
190	3.4824	1.61932	-3.194	-1.8184	-0.64163	0.849565	2.24624	4.93194	5.59119	3.6637	1.59811	-0.883208	-2.78411	-3.33331	-2.65273	2.49958
191	2.49958	3.4824	1.61932	-3.194	-1.8184	-0.64163	0.849565	2.24624	4.93194	5.59119	3.6637	1.59811	-0.883208	-2.78411	-3.33331	2.01636
192	2.01636	2.49958	3.4824	1.61932	-3.194	-1.8184	-0.64163	0.849565	2.24624	4.93194	5.59119	3.6637	1.59811	-0.883208	-2.78411	2.54756
193	2.54756	2.01636	2.49958	3.4824	1.61932	-3.194	-1.8184	-0.64163	0.849565	2.24624	4.93194	5.59119	3.6637	1.59811	-0.883208	-0.438355
194	-0.438355	2.54756	2.01636	2.49958	3.4824	1.61932	-3.194	-1.8184	-0.64163	0.849565	2.24624	4.93194	5.59119	3.6637	1.59811	-1.4256
195	-1.4256	-0.438355	2.54756	2.01636	2.49958	3.4824	1.61932	-3.194	-1.8184	-0.64163	0.849565	2.24624	4.93194	5.59119	3.6637	-2.51074
196	-2.51074	-1.4256	-0.438355	2.54756	2.01636	2.49958	3.4824	1.61932	-3.194	-1.8184	-0.64163	0.849565	2.24624	4.93194	5.59119	-2.60718
197	-2.60718	-2.51074	-1.4256	-0.438355	2.54756	2.01636	2.49958	3.4824	1.61932	-3.194	-1.8184	-0.64163	0.849565	2.24624	4.93194	-3.7232
198	-3.7232	-2.60718	-2.51074	-1.4256	-0.438355	2.54756	2.01636	2.49958	3.4824	1.61932	-3.194	-1.8184	-0.64163	0.849565	2.24624	-1.43745
199	-1.43745	-3.7232	-2.60718	-2.51074	-1.4256	-0.438355	2.54756	2.01636	2.49958	3.4824	1.61932	-3.194	-1.8184	-0.64163	0.849565	0.977739
200	0.977739	-1.43745	-3.7232	-2.60718	-2.51074	-1.4256	-0.438355	2.54756	2.01636	2.49958	3.4824	1.61932	-3.194	-1.8184	-0.64163	1.41234
201	1.41234	0.977739	-1.43745	-3.7232	-2.60718	-2.51074	-1.4256	-0.438355	2.54756	2.01636	2.49958	3.4824	1.61932	-3.194	-1.8184	2.3923
202	2.3923	1.41234	0.977739	-1.43745	-3.7232	-2.60718	-2.51074	-1.4256	-0.438355	2.54756	2.01636	2.49958	3.4824	1.61932	-3.194	0.611776
203	0.611776	2.3923	1.41234	0.977739	-1.43745	-3.7232	-2.60718	-2.51074	-1.4256	-0.438355	2.54756	2.01636	2.49958	3.4824	1.61932	-1.80361
204	-1.80361	0.611776	2.3923	1.41234	0.977739	-1.43745	-3.7232	-2.60718	-2.51074	-1.4256	-0.438355	2.54756	2.01636	2.49958	3.4824	-1.50724
205	-1.50724	-1.80361	0.611776	2.3923	1.41234	0.977739	-1.43745	-3.7232	-2.60718	-2.51074	-1.4256	-0.438355	2.54756	2.01636	2.49958	-2.28523
206	-2.28523	-1.50724	-1.80361	0.611776	2.3923	1.41234	0.977739	-1.43745	-3.7232	-2.60718	-2.51074	-1.4256	-0.438355	2.54756	2.01636	-2.10042
207	-2.10042	-2.28523	-1.50724	-1.80361	0.611776	2.3923	1.41234	0.977739	-1.43745	-3.7232	-2.60718	-2.51074	-1.4256	-0.438355	2.54756	0.15392
208	0.15392	-2.10042	-2.28523	-1.50724	-1.80361	0.611776	2.3923	1.41234	0.977739	-1.43745	-3.7232	-2.60718	-2.51074	-1.4256	-0.438355	1.499
209	1.499	0.15392	-2.10042	-2.28523	-1.50724	-1.80361	0.611776	2.3923	1.41234	0.977739	-1.43745	-3.7232	-2.60718	-2.51074	-1.4256	2.51321
210	2.51321	1.499	0.15392	-2.10042	-2.28523	-1.50724	-1.80361	0.611776	2.3923	1.41234	0.977739	-1.43745	-3.7232	-2.60718	-2.51074	1.38043
211	1.38043	2.51321	1.499	0.15392	-2.10042	-2.28523	-1.50724	-1.80361	0.611776	2.3923	1.41234	0.977739	-1.43745	-3.7232	-2.60718	2.77817
212	2.77817	1.38043	2.51321	1.499	0.15392	-2.10042	-2.28523	-1.50724	-1.80361	0.611776	2.3923	1.41234	0.977739	-1.43745	-3.7232	1.23833
213	1.23833	2.77817	1.38043	2.51321	1.499	0.15392	-2.10042	-2.28523	-1.50724	-1.80361	0.611776	2.3923	1.41234	0.977739	-1.43745	0.23068
214	0.23068	1.23833	2.77817	1.38043	2.51321	1.499	0.15392	-2.10042	-2.28523	-1.50724	-1.80361	0.611776	2.3923	1.41234	0.977739	-0.0599918
215	-0.0599918	0.23068	1.23833	2.77817	1.38043	2.51321	1.499	0.15392	-2.10042	-2.28523	-1.50724	-1.80361	0.611776	2.3923	1.41234	-0.370743
216	-0.370743	-0.0599918	0.23068	1.23833	2.77817	1.38043	2.51321	1.499	0.15392	-2.10042	-2.28523	-1.50724	-1.80361	0.611776	2.3923	-2.83294
217	-2.83294	-0.370743	-0.0599918	0.23068	1.23833	2.77817	1.38043	2.51321	1.499	0.15392	-2.10042	-2.28523	-1.50724	-1.80361	0.611776	-2.37637
218	-2.37637	-2.83294	-0.370743	-0.0599918	0.23068	1.23833	2.77817	1.38043	2.51321	1.499	0.15392	-2.10042	-2.28523	-1.50724	-1.80361	-2.21768
219	-2.21768	-2.37637	-2.83294	-0.370743	-0.0599918	0.23068	1.23833	2.77817	1.38043	2.51321	1.499	0.15392	-2.10042	-2.28523	-1.50724	-0.426343
220	-0.426343	-2.21768	-2.37637	-2.83294	-0.370743	-0.0599918	0.23068	1.23833	2.77817	1.38043	2.51321	1.499	0.15392	-2.10042	-2.28523	1.34497
221	1.34497	-0.426343	-2.21768	-2.37637	-2.83294	-0.370743	-0.0599918	0.23068	1.23833	2.77817	1.38043	2.51321	1.499	0.15392	-2.10042	-0.451034
222	-0.451034	1.34497	-0.426343	-2.21768	-2.37637	-2.83294	-0.370743	-0.0599918	0.23068	1.23833	2.77817	1.38043	2.51321	1.499	0.15392	0.0305443
223	0.0305443	-0.451034	1.34497	-0.426343	-2.21768	-2.37637	-2.83294	-0.370743	-0.0599918	0.23068	1.23833	2.77817	1.38043	2.51321	1.499	-0.29917
224	-0.29917	0.0305443	-0.451034	1.34497	-0.426343	-2.21768	-2.37637	-2.83294	-0.370743	-0.0599918	0.23068	1.23833	2.77817	1.38043	2.51321	-2.36359
225	-2.36359	-0.29917	0.0305443	-0.451034	1.34497	-0.426343	-2.21768	-2.37637	-2.83294	-0.370743	-0.0599918	0.23068	1.23833	2.77817	1.38043	-1.34658
226	-1.34658	-2.36359	-0.29917	0.0305443	-0.451034	1.34497	-0.426343	-2.21768	-2.37637	-2.83294	-0.370743	-0.0599918	0.23068	1.23833	2.77817	-1.93408
227	-1.93408	-1.34658	-2.36359	-0.29917	0.0305443	-0.451034	1.34497	-0.426343	-2.21768	-2.37637	-2.83294	-0.370743	-0.0599918	0.23068	1.23833	-1.75301
228	-1.75301	-1.93408	-1.34658	-2.36359	-0.29917	0.0305443	-0.451034	1.34497	-0.426343	-2.21768	-2.37637	-2.83294	-0.370743	-0.0599918	0.23068	2.13173
229	2.13173	-1.75301	-1.93408	-1.34658	-2.36359	-0.29917	0.0305443	-0.451034	1.34497	-0.426343	-2.21768	-2.37637	-2.83294	-0.370743	-0.0599918	1.38357
230	1.38357	2.13173	-1.75301	-1.93408	-1.34658	-2.36359	-0.29917	0.0305443	-0.451034	1.34497	-0.426343	-2.21768	-2.37637	-2.83294	-0.370743	1.765
231	1.765	1.38357	2.13173	-1.75301	-1.93408	-1.34658	-2.36359	-0.29917	0.0305443	-0.451034	1.34497	-0.426343	-2.21768	-2.37637	-2.83294	2.35775
232	2.35775	1.765	1.38357	2.13173	-1.75301	-1.93408	-1.34658	-2.36359	-0.29917	0.0305443	-0.451034	1.34497	-0.426343	-2.21768	-2.37637	1.20501
233	1.20501	2.35775	1.765	1.38357	2.13173	-1.75301	-1.93408	-1.34658	-2.36359	-0.29917	0.0305443	-0.451034	1.34497	-0.426343	-2.21768	-2.73208
234	-2.73208	1.20501	2.35775	1.765	1.38357	2.13173	-1.75301	-1.93408	-1.34658	-2.36359	-0.29917	0.0305443	-0.451034	1.34497	-0.426343	-3.1807
235	-3.1807	-2.73208	1.20501	2.35775	1.765	1.38357	2.13173	-1.75301	-1.93408	-1.34658	-2.36359	-0.29917	0.0305443	-0.451034	1.34497	-1.91226
236	-1.91226	-3.1807	-2.73208	1.20501	2.35775	1.765	1.38357	2.13173	-1.75301	-1.93408	-1.34658	-2.36359	-0.29917	0.0305443	-0.451034	-1.51197
237	-1.51197	-1.91226	-3.1807	-2.73208	1.20501	2.35775	1.765	1.38357	2.13173	-1.75301	-1.93408	-1.34658	-2.36359	-0.29917	0.0305443	-0.344102
238	-0.344102	-1.51197	-1.91226	-3.1807	-2.73208	1.20501	2.35775	1.765	1.38357	2.13173	-1.75301	-1.93408	-1.34658	-2.36359	-0.29917	0.346894
239	0.346894	-0.344102	-1.51197	-1.91226	-3.1807	-2.73208	1.20501	2.35775	1.765	1.38357	2.13173	-1.75301	-1.93408	-1.34658	-2.36359	1.27511
240	1.27511	0.346894	-0.344102	-1.51197	-1.91226	-3.1807	-2.73208	1.20501	2.35775	1.765	1.38357	2.13173	-1.75301	-1.93408	-1.34658	0.860266
241	0.860266	1.27511	0.346894	-0.344102	-1.51197	-1.91226	-3.1807	-2.73208	1.20501	2.35775	1.765	1.38357	2.13173	-1.75301	-1.93408	1.62479
242	1.62479	0.860266	1.27511	0.346894	-0.344102	-1.51197	-1.91226	-3.1807	-2.73208	1.20501	2.35775	1.765	1.38357	2.13173	-1.75301	1.00787
243	1.00787	1.62479	0.860266	1.27511	0.346894	-0.344102	-1.51197	-1.91226	-3.1807	-2.73208	1.20501	2.35775	1.765	1.38357	2.13173	-0.151676
244	-0.151676	1.00787	1.62479	0.860266	1.27511	0.346894	-0.344102	-1.51197	-1.91226	-3.1807	-2.73208	1.20501	2.35775	1.765	1.38357	-2.83505
245	-2.83505	-0.151676	1.00787	1.62479	0.860266	1.27511	0.346894	-0.344102	-1.51197	-1.91226	-3.1807	-2.73208	1.20501	2.35775	1.765	-2.46122
246	-2.46122	-2.83505	-0.151676	1.00787	1.62479	0.860266	1.27511	0.346894	-0.344102	-1.51197	-1.91226	-3.1807	-2.73208	1.20501	2.35775	-1.07527
247	-1.07527	-2.46122	-2.83505	-0.151676	1.00787	1.62479	0.860266	1.27511	0.346894	-0.344102	-1.51197	-1.91226	-3.1807	-2.73208	1.20501	0.443853
248	0.443853	-1.07527	-2.46122	-2.83505	-0.151676	1.00787	1.62479	0.860266	1.27511	0.346894	-0.344102	-1.51197	-1.91226	-3.1807	-2.73208	0.0913466
249	0.0913466	0.443853	-1.07527	-2.46122	-2.83505	-0.151676	1.00787	1.62479	0.860266	1.27511	0.346894	-0.344102	-1.51197	-1.91226	-3.1807	0.382683
250	0.382683	0.0913466	0.443853	-1.07527	-2.46122	-2.83505	-0.151676	1.00787	1.62479	0.860266	1.27511	0.346894	-0.344102	-1.51197	-1.91226	-1.22806
251	-1.22806	0.382683	0.0913466	0.443853	-1.07527	-2.46122	-2.83505	-0.151676	1.00787	1.62479	0.860266	1.27511	0.346894	-0.344102	-1.51197	0.803702
252	0.803702	-1.22806	0.382683	0.0913466	0.443853	-1.07527	-2.46122	-2.83505	-0.151676	1.00787	1.62479	0.860266	1.27511	0.346894	-0.344102	0.411497
253	0.411497	0.803702	-1.22806	0.382683	0.0913466	0.443853	-1.07527	-2.46122	-2.83505	-0.151676	1.00787	1.62479	0.860266	1.27511	0.346894	0.356465
254	0.356465	0.411497	0.803702	-1.22806	0.382683	0.0913466	0.443853	-1.07527	-2.46122	-2.83505	-0.151676	1.00787	1.62479	0.860266	1.27511	0.715614
255	0.715614	0.356465	0.411497	0.803702	-1.22806	0.382683	0.0913466	0.443853	-1.07527	-2.46122	-2.83505	-0.151676	1.00787	1.62479	0.860266	-1.67862
256	-1.67862	0.715614	0.356465	0.411497	0.803702	-1.22806	0.382683	0.0913466	0.443853	-1.07527	-2.46122	-2.83505	-0.151676	1.00787	1.62479	-1.68421
257	-1.68421	-1.67862	0.715614	0.356465	0.411497	0.803702	-1.22806	0.382683	0.0913466	0.443853	-1.07527	-2.46122	-2.83505	-0.151676	1.00787	-1.13817
258	-1.13817	-1.68421	-1.67862	0.715614	0.356465	0.411497	0.803702	-1.22806	0.382683	0.0913466	0.443853	-1.07527	-2.46122	-2.83505	-0.151676	-1.07076
259	-1.07076	-1.13817	-1.68421	-1.67862	0.715614	0.356465	0.411497	0.803702	-1.22806	0.382683	0.0913466	0.443853	-1.07527	-2.46122	-2.83505	-1.40698
260	-1.40698	-1.07076	-1.13817	-1.68421	-1.67862	0.715614	0.356465	0.411497	0.803702	-1.22806	0.382683	0.0913466	0.443853	-1.07527	-2.46122	-0.320617
261	-0.320617	-1.40698	-1.07076	-1.13817	-1.68421	-1.67862	0.715614	0.356465	0.411497	0.803702	-1.22806	0.382683	0.0913466	0.443853	-1.07527	2.59699
262	2.59699	-0.320617	-1.40698	-1.07076	-1.13817	-1.68421	-1.67862	0.715614	0.356465	0.411497	0.803702	-1.22806	0.382683	0.0913466	0.443853	0.395187
263	0.395187	2.59699	-0.320617	-1.40698	-1.07076	-1.13817	-1.68421	-1.67862	0.715614	0.356465	0.411497	0.803702	-1.22806	0.382683	0.0913466	1.71382
264	1.71382	0.395187	2.59699	-0.320617	-1.40698	-1.07076	-1.13817	-1.68421	-1.67862	0.715614	0.356465	0.411497	0.803702	-1.22806	0.382683	-0.222351
265	-0.222351	1.71382	0.395187	2.59699	-0.320617	-1.40698	-1.07076	-1.13817	-1.68421	-1.67862	0.715614	0.356465	0.411497	0.803702	-1.22806	1.43048
266	1.43048	-0.222351	1.71382	0.395187	2.59699	-0.320617	-1.40698	-1.07076	-1.13817	-1.68421	-1.67862	0.715614	0.356465	0.411497	0.803702	1.67943
267	1.67943	1.43048	-0.222351	1.71382	0.395187	2.59699	-0.320617	-1.40698	-1.07076	-1.13817	-1.68421	-1.67862	0.715614	0.356465	0.411497	1.40371
268	1.40371	1.67943	1.43048	-0.222351	1.71382	0.395187	2.59699	-0.320617	-1.40698	-1.07076	-1.13817	-1.68421	-1.67862	0.715614	0.356465	1.18084
269	1.18084	1.40371	1.67943	1.43048	-0.222351	1.71382	0.395187	2.59699	-0.320617	-1.40698	-1.07076	-1.13817	-1.68421	-1.67862	0.715614	0.173858
270	0.173858	1.18084	1.40371	1.67943	1.43048	-0.222351	1.71382	0.395187	2.59699	-0.320617	-1.40698	-1.07076	-1.13817	-1.68421	-1.67862	-2.73806
271	-2.73806	0.173858	1.18084	1.40371	1.67943	1.43048	-0.222351	1.71382	0.395187	2.59699	-0.320617	-1.40698	-1.07076	-1.13817	-1.68421	-3.62657
272	-3.62657	-2.73806	0.173858	1.18084	1.40371	1.67943	1.43048	-0.222351	1.71382	0.395187	2.59699	-0.320617	-1.40698	-1.07076	-1.13817	-1.91182
273	-1.91182	-3.62657	-2.73806	0.173858	1.18084	1.40371	1.67943	1.43048	-0.222351	1.71382	0.395187	2.59699	-0.320617	-1.40698	-1.07076	-1.593
274	-1.593	-1.91182	-3.62657	-2.73806	0.173858	1.18084	1.40371	1.67943	1.43048	-0.222351	1.71382	0.395187	2.59699	-0.320617	-1.40698	-0.413486
275	-0.413486	-1.593	-1.91182	-3.62657	-2.73806	0.173858	1.18084	1.40371	1.67943	1.43048	-0.222351	1.71382	0.395187	2.59699	-0.320617	2.31031
276	2.31031	-0.413486	-1.593	-1.91182	-3.62657	-2.73806	0.173858	1.18084	1.40371	1.67943	1.43048	-0.222351	1.71382	0.395187	2.59699	3.01818
277	3.01818	2.31031	-0.413486	-1.593	-1.91182	-3.62657	-2.73806	0.173858	1.18084	1.40371	1.67943	1.43048	-0.222351	1.71382	0.395187	-0.304135
278	-0.304135	3.01818	2.31031	-0.413486	-1.593	-1.91182	-3.62657	-2.73806	0.173858	1.18084	1.40371	1.67943	1.43048	-0.222351	1.71382	-1.34693
279	-1.34693	-0.304135	3.01818	2.31031	-0.413486	-1.593	-1.91182	-3.62657	-2.73806	0.173858	1.18084	1.40371	1.67943	1.43048	-0.222351	-3.04505
280	-3.04505	-1.34693	-0.304135	3.01818	2.31031	-0.413486	-1.593	-1.91182	-3.62657	-2.73806	0.173858	1.18084	1.40371	1.67943	1.43048	-3.25184
281	-3.25184	-3.04505	-1.34693	-0.304135	3.01818	2.31031	-0.413486	-1.593	-1.91182	-3.62657	-2.73806	0.173858	1.18084	1.40371	1.67943	-1.73944
282	-1.73944	-3.25184	-3.04505	-1.34693	-0.304135	3.01818	2.31031	-0.413486	-1.593	-1.91182	-3.62657	-2.73806	0.173858	1.18084	1.40371	-0.50841
283	-0.50841	-1.73944	-3.25184	-3.04505	-1.34693	-0.304135	3.01818	2.31031	-0.413486	-1.593	-1.91182	-3.62657	-2.73806	0.173858	1.18084	2.33676
284	2.33676	-0.50841	-1.73944	-3.25184	-3.04505	-1.34693	-0.304135	3.01818	2.31031	-0.413486	-1.593	-1.91182	-3.62657	-2.73806	0.173858	2.5198
285	2.5198	2.33676	-0.50841	-1.73944	-3.25184	-3.04505	-1.34693	-0.304135	3.01818	2.31031	-0.413486	-1.593	-1.91182	-3.62657	-2.73806	2.93777
286	2.93777	2.5198	2.33676	-0.50841	-1.73944	-3.25184	-3.04505	-1.34693	-0.304135	3.01818	2.31031	-0.413486	-1.593	-1.91182	-3.62657	2.07935
287	2.07935	2.93777	2.5198	2.33676	-0.50841	-1.73944	-3.25184	-3.04505	-1.34693	-0.304135	3.01818	2.31031	-0.413486	-1.593	-1.91182	-0.95715
288	-0.95715	2.07935	2.93777	2.5198	2.33676	-0.50841	-1.73944	-3.25184	-3.04505	-1.34693	-0.304135	3.01818	2.31031	-0.413486	-1.593	0.811905
289	0.811905	-0.95715	2.07935	2.93777	2.5198	2.33676	-0.50841	-1.73944	-3.25184	-3.04505	-1.34693	-0.304135	3.01818	2.31031	-0.413486	-1.21383
290	-1.21383	0.811905	-0.95715	2.07935	2.93777	2.5198	2.33676	-0.50841	-1.73944	-3.25184	-3.04505	-1.34693	-0.304135	3.01818	2.31031	-1.2807
291	-1.2807	-1.21383	0.811905	-0.95715	2.07935	2.93777	2.5198	2.33676	-0.50841	-1.73944	-3.25184	-3.04505	-1.34693	-0.304135	3.01818	1.26861
292	1.26861	-1.2807	-1.21383	0.811905	-0.95715	2.07935	2.93777	2.5198	2.33676	-0.50841	-1.73944	-3.25184	-3.04505	-1.34693	-0.304135	1.87905
293	1.87905	1.26861	-1.2807	-1.21383	0.811905	-0.95715	2.07935	2.93777	2.5198	2.33676	-0.50841	-1.73944	-3.25184	-3.04505	-1.34693	0.950103
294	0.950103	1.87905	1.26861	-1.2807	-1.21383	0.811905	-0.95715	2.07935	2.93777	2.5198	2.33676	-0.50841	-1.73944	-3.25184	-3.04505	1.20243
295	1.20243	0.950103	1.87905	1.26861	-1.2807	-1.21383	0.811905	-0.95715	2.07935	2.93777	2.5198	2.33676	-0.50841	-1.73944	-3.25184	0.710438
296	0.710438	1.20243	0.950103	1.87905	1.26861	-1.2807	-1.21383	0.811905	-0.95715	2.07935	2.93777	2.5198	2.33676	-0.50841	-1.73944	-2.29373
297	-2.29373	0.710438	1.20243	0.950103	1.87905	1.26861	-1.2807	-1.21383	0.811905	-0.95715	2.07935	2.93777	2.5198	2.33676	-0.50841	-2.36124
298	-2.36124	-2.29373	0.710438	1.20243	0.950103	1.87905	1.26861	-1.2807	-1.21383	0.811905	-0.95715	2.07935	2.93777	2.5198	2.33676	-1.30749
299	-1.30749	-2.36124	-2.29373	0.710438	1.20243	0.950103	1.87905	1.26861	-1.2807	-1.21383	0.811905	-0.95715	2.07935	2.93777	2.5198	-1.13585
300	-1.13585	-1.30749	-2.36124	-2.29373	0.710438	1.20243	0.950103	1.87905	1.26861	-1.2807	-1.21383	0.811905	-0.95715	2.07935	2.93777	0.930283
301	0.930283	-1.13585	-1.30749	-2.36124	-2.29373	0.710438	1.20243	0.950103	1.87905	1.26861	-1.2807	-1.21383	0.811905	-0.95715	2.07935	1.46075
302	1.46075	0.930283	-1.13585	-1.30749	-2.36124	-2.29373	0.710438	1.20243	0.950103	1.87905	1.26861	-1.2807	-1.21383	0.811905	-0.95715	2.26567
303	2.26567	1.46075	0.930283	-1.13585	-1.30749	-2.36124	-2.29373	0.710438	1.20243	0.950103	1.87905	1.26861	-1.2807	-1.21383	0.811905	0.924886
304	0.924886	2.26567	1.46075	0.930283	-1.13585	-1.30749	-2.36124	-2.29373	0.710438	1.20243	0.950103	1.87905	1.26861	-1.2807	-1.21383	1.9871
305	1.9871	0.924886	2.26567	1.46075	0.930283	-1.13585	-1.30749	-2.36124	-2.29373	0.710438	1.20243	0.950103	1.87905	1.26861	-1.2807	-1.22611
306	-1.22611	1.9871	0.924886	2.26567	1.46075	0.930283	-1.13585	-1.30749	-2.36124	-2.29373	0.710438	1.20243	0.950103	1.87905	1.26861	-2.72317
307	-2.72317	-1.22611	1.9871	0.924886	2.26567	1.46075	0.930283	-1.13585	-1.30749	-2.36124	-2.29373	0.710438	1.20243	0.950103	1.87905	-2.61581
308	-2.61581	-2.72317	-1.22611	1.9871	0.924886	2.26567	1.46075	0.930283	-1.13585	-1.30749	-2.36124	-2.29373	0.710438	1.20243	0.950103	-2.79246
309	-2.79246	-2.61581	-2.72317	-1.22611	1.9871	0.924886	2.26567	1.46075	0.930283	-1.13585	-1.30749	-2.36124	-2.29373	0.710438	1.20243	-1.30177
310	-1.30177	-2.79246	-2.61581	-2.72317	-1.22611	1.9871	0.924886	2.26567	1.46075	0.930283	-1.13585	-1.30749	-2.36124	-2.29373	0.710438	0.969412
311	0.969412	-1.30177	-2.79246	-2.61581	-2.72317	-1.22611	1.9871	0.924886	2.26567	1.46075	0.930283	-1.13585	-1.30749	-2.36124	-2.29373	3.34265
312	3.34265	0.969412	-1.30177	-2.79246	-2.61581	-2.72317	-1.22611	1.9871	0.924886	2.26567	1.46075	0.930283	-1.13585	-1.30749	-2.36124	2.58261
313	2.58261	3.34265	0.969412	-1.30177	-2.79246	-2.61581	-2.72317	-1.22611	1.9871	0.924886	2.26567	1.46075	0.930283	-1.13585	-1.30749	2.59257
314	2.59257	2.58261	3.34265	0.969412	-1.30177	-2.79246	-2.61581	-2.72317	-1.22611	1.9871	0.924886	2.26567	1.46075	0.930283	-1.13585	1.33796
315	1.33796	2.59257	2.58261	3.34265	0.969412	-1.30177	-2.79246	-2.61581	-2.72317	-1.22611	1.9871	0.924886	2.26567	1.46075	0.930283	-0.909141
316	-0.909141	1.33796	2.59257	2.58261	3.34265	0.969412	-1.30177	-2.79246	-2.61581	-2.72317	-1.22611	1.9871	0.924886	2.26567	1.46075	-1.11104
317	-1.11104	-0.909141	1.33796	2.59257	2.58261	3.34265	0.969412	-1.30177	-2.79246	-2.61581	-2.72317	-1.22611	1.9871	0.924886	2.26567	-2.33087
318	-2.33087	-1.11104	-0.909141	1.33796	2.59257	2.58261	3.34265	0.969412	-1.30177	-2.79246	-2.61581	-2.72317	-1.22611	1.9871	0.924886	-3.73573
319	-3.73573	-2.33087	-1.11104	-0.909141	1.33796	2.59257	2.58261	3.34265	0.969412	-1.30177	-2.79246	-2.61581	-2.72317	-1.22611	1.9871	-1.78658
320	-1.78658	-3.73573	-2.33087	-1.11104	-0.909141	1.33796	2.59257	2.58261	3.34265	0.969412	-1.30177	-2.79246	-2.61581	-2.72317	-1.22611	-1.20754
321	-1.20754	-1.78658	-3.73573	-2.33087	-1.11104	-0.909141	1.33796	2.59257	2.58261	3.34265	0.969412	-1.30177	-2.79246	-2.61581	-2.72317	0.950796
322	0.950796	-1.20754	-1.78658	-3.73573	-2.33087	-1.11104	-0.909141	1.33796	2.59257	2.58261	3.34265	0.969412	-1.30177	-2.79246	-2.61581	2.3049
323	2.3049	0.950796	-1.20754	-1.78658	-3.73573	-2.33087	-1.11104	-0.909141	1.33796	2.59257	2.58261	3.34265	0.969412	-1.30177	-2.79246	4.23685
324	4.23685	2.3049	0.950796	-1.20754	-1.78658	-3.73573	-2.33087	-1.11104	-0.909141	1.33796	2.59257	2.58261	3.34265	0.969412	-1.30177	2.21545
325	2.21545	4.23685	2.3049	0.950796	-1.20754	-1.78658	-3.73573	-2.33087	-1.11104	-0.909141	1.33796	2.59257	2.58261	3.34265	0.969412	-0.54718
326	-0.54718	2.21545	4.23685	2.3049	0.950796	-1.20754	-1.78658	-3.73573	-2.33087	-1.11104	-0.909141	1.33796	2.59257	2.58261	3.34265	-1.73956
327	-1.73956	-0.54718	2.21545	4.23685	2.3049	0.950796	-1.20754	-1.78658	-3.73573	-2.33087	-1.11104	-0.909141	1.33796	2.59257	2.58261	-1.81978
328	-1.81978	-1.73956	-0.54718	2.21545	4.23685	2.3049	0.950796	-1.20754	-1.78658	-3.73573	-2.33087	-1.11104	-0.909141	1.33796	2.59257	-1.20881
329	-1.20881	-1.81978	-1.73956	-0.54718	2.21545	4.23685	2.3049	0.950796	-1.20754	-1.78658	-3.73573	-2.33087	-1.11104	-0.909141	1.33796	-1.06337
330	-1.06337	-1.20881	-1.81978	-1.73956	-0.54718	2.21545	4.23685	2.3049	0.950796	-1.20754	-1.78658	-3.73573	-2.33087	-1.11104	-0.909141	-0.967386
331	-0.967386	-1.06337	-1.20881	-1.81978	-1.73956	-0.54718	2.21545	4.23685	2.3049	0.950796	-1.20754	-1.78658	-3.73573	-2.33087	-1.11104	-0.766091
332	-0.766091	-0.967386	-1.06337	-1.20881	-1.81978	-1.73956	-0.54718	2.21545	4.23685	2.3049	0.950796	-1.20754	-1.78658	-3.73573	-2.33087	1.57634
333	1.57634	-0.766091	-0.967386	-1.06337	-1.20881	-1.81978	-1.73956	-0.54718	2.21545	4.23685	2.3049	0.950796	-1.20754	-1.78658	-3.73573	3.7323
334	3.7323	1.57634	-0.766091	-0.967386	-1.06337	-1.20881	-1.81978	-1.73956	-0.54718	2.21545	4.23685	2.3049	0.950796	-1.20754	-1.78658	3.31857
335	3.31857	3.7323	1.57634	-0.766091	-0.967386	-1.06337	-1.20881	-1.81978	-1.73956	-0.54718	2.21545	4.23685	2.3049	0.950796	-1.20754	1.89985
336	1.89985	3.31857	3.7323	1.57634	-0.766091	-0.967386	-1.06337	-1.20881	-1.81978	-1.73956	-0.54718	2.21545	4.23685	2.3049	0.950796	2.62206
337	2.62206	1.89985	3.31857	3.7323	1.57634	-0.766091	-0.967386	-1.06337	-1.20881	-1.81978	-1.73956	-0.54718	2.21545	4.23685	2.3049	-0.956265
338	-0.956265	2.62206	1.89985	3.31857	3.7323	1.57634	-0.766091	-0.967386	-1.06337	-1.20881	-1.81978	-1.73956	-0.54718	2.21545	4.23685	-4.24755
339	-4.24755	-0.956265	2.62206	1.89985	3.31857	3.7323	1.57634	-0.766091	-0.967386	-1.06337	-1.20881	-1.81978	-1.73956	-0.54718	2.21545	-5.16075
340	-5.16075	-4.24755	-0.956265	2.62206	1.89985	3.31857	3.7323	1.57634	-0.766091	-0.967386	-1.06337	-1.20881	-1.81978	-1.73956	-0.54718	-4.504
341	-4.504	-5.16075	-4.24755	-0.956265	2.62206	1.89985	3.31857	3.7323	1.57634	-0.766091	-0.967386	-1.06337	-1.20881	-1.81978	-1.73956	-0.963679
342	-0.963679	-4.504	-5.16075	-4.24755	-0.956265	2.62206	1.89985	3.31857	3.7323	1.57634	-0.766091	-0.967386	-1.06337	-1.20881	-1.81978	1.17444
343	1.17444	-0.963679	-4.504	-5.16075	-4.24755	-0.956265	2.62206	1.89985	3.31857	3.7323	1.57634	-0.766091	-0.967386	-1.06337	-1.20881	1.95642
344	1.95642	1.17444	-0.963679	-4.504	-5.16075	-4.24755	-0.956265	2.62206	1.89985	3.31857	3.7323	1.57634	-0.766091	-0.967386	-1.06337	1.85797
345	1.85797	1.95642	1.17444	-0.963679	-4.504	-5.16075	-4.24755	-0.956265	2.62206	1.89985	3.31857	3.7323	1.57634	-0.766091	-0.967386	0.578948
346	0.578948	1.85797	1.95642	1.17444	-0.963679	-4.504	-5.16075	-4.24755	-0.956265	2.62206	1.89985	3.31857	3.7323	1.57634	-0.766091	0.92016
347	0.92016	0.578948	1.85797	1.95642	1.17444	-0.963679	-4.504	-5.16075	-4.24755	-0.956265	2.62206	1.89985	3.31857	3.7323	1.57634	-0.190143
348	-0.190143	0.92016	0.578948	1.85797	1.95642	1.17444	-0.963679	-4.504	-5.16075	-4.24755	-0.956265	2.62206	1.89985	3.31857	3.7323	-0.0396226
349	-0.0396226	-0.190143	0.92016	0.578948	1.85797	1.95642	1.17444	-0.963679	-4.504	-5.16075	-4.24755	-0.956265	2.62206	1.89985	3.31857	-1.60012
350	-1.60012	-0.0396226	-0.190143	0.92016	0.578948	1.85797	1.95642	1.17444	-0.963679	-4.504	-5.16075	-4.24755	-0.956265	2.62206	1.89985	-1.41377
351	-1.41377	-1.60012	-0.0396226	-0.190143	0.92016	0.578948	1.85797	1.95642	1.17444	-0.963679	-4.504	-5.16075	-4.24755	-0.956265	2.62206	0.781361
352	0.781361	-1.41377	-1.60012	-0.0396226	-0.190143	0.92016	0.578948	1.85797	1.95642	1.17444	-0.963679	-4.504	-5.16075	-4.24755	-0.956265	0.0317919
353	0.0317919	0.781361	-1.41377	-1.60012	-0.0396226	-0.190143	0.92016	0.578948	1.85797	1.95642	1.17444	-0.963679	-4.504	-5.16075	-4.24755	1.62121
354	1.62121	0.0317919	0.781361	-1.41377	-1.60012	-0.0396226	-0.190143	0.92016	0.578948	1.85797	1.95642	1.17444	-0.963679	-4.504	-5.16075	1.57994
355	1.57994	1.62121	0.0317919	0.781361	-1.41377	-1.60012	-0.0396226	-0.190143	0.92016	0.578948	1.85797	1.95642	1.17444	-0.963679	-4.504	0.088826
356	0.088826	1.57994	1.62121	0.0317919	0.781361	-1.41377	-1.60012	-0.0396226	-0.190143	0.92016	0.578948	1.85797	1.95642	1.17444	-0.963679	-0.388629
357	-0.388629	0.088826	1.57994	1.62121	0.0317919	0.781361	-1.41377	-1.60012	-0.0396226	-0.190143	0.92016	0.578948	1.85797	1.95642	1.17444	0.957553
358	0.957553	-0.388629	0.088826	1.57994	1.62121	0.0317919	0.781361	-1.41377	-1.60012	-0.0396226	-0.190143	0.92016	0.578948	1.85797	1.95642	0.291478
359	0.291478	0.957553	-0.388629	0.088826	1.57994	1.62121	0.0317919	0.781361	-1.41377	-1.60012	-0.0396226	-0.190143	0.92016	0.578948	1.85797	0.672629
360	0.672629	0.291478	0.957553	-0.388629	0.088826	1.57994	1.62121	0.0317919	0.781361	-1.41377	-1.60012	-0.0396226	-0.190143	0.92016	0.578948	0.316729
361	0.316729	0.672629	0.291478	0.957553	-0.388629	0.088826	1.57994	1.62121	0.0317919	0.781361	-1.41377	-1.60012	-0.0396226	-0.190143	0.92016	-2.22487
362	-2.22487	0.316729	0.672629	0.291478	0.957553	-0.388629	0.088826	1.57994	1.62121	0.0317919	0.781361	-1.41377	-1.60012	-0.0396226	-0.190143	-0.941441
363	-0.941441	-2.22487	0.316729	0.672629	0.291478	0.957553	-0.388629	0.088826	1.57994	1.62121	0.0317919	0.781361	-1.41377	-1.60012	-0.0396226	-0.763668
364	-0.763668	-0.941441	-2.22487	0.316729	0.672629	0.291478	0.957553	-0.388629	0.088826	1.57994	1.62121	0.0317919	0.781361	-1.41377	-1.60012	0.845253
365	0.845253	-0.763668	-0.941441	-2.22487	0.316729	0.672629	0.291478	0.957553	-0.388629	0.088826	1.57994	1.62121	0.0317919	0.781361	-1.41377	0.629893
366	0.629893	0.845253	-0.763668	-0.941441	-2.22487	0.316729	0.672629	0.291478	0.957553	-0.388629	0.088826	1.57994	1.62121	0.0317919	0.781361	1.61016
367	1.61016	0.629893	0.845253	-0.763668	-0.941441	-2.22487	0.316729	0.672629	0.291478	0.957553	-0.388629	0.088826	1.57994	1.62121	0.0317919	-0.521277
368	-0.521277	1.61016	0.629893	0.845253	-0.763668	-0.941441	-2.22487	0.316729	0.672629	0.291478	0.957553	-0.388629	0.088826	1.57994	1.62121	0.146885
369	0.146885	-0.521277	1.61016	0.629893	0.845253	-0.763668	-0.941441	-2.22487	0.316729	0.672629	0.291478	0.957553	-0.388629	0.088826	1.57994	-0.510391
370	-0.510391	0.146885	-0.521277	1.61016	0.629893	0.845253	-0.763668	-0.941441	-2.22487	0.316729	0.672629	0.291478	0.957553	-0.388629	0.088826	-2.88471
371	-2.88471	-0.510391	0.146885	-0.521277	1.61016	0.629893	0.845253	-0.763668	-0.941441	-2.22487	0.316729	0.672629	0.291478	0.957553	-0.388629	-1.54559
372	-1.54559	-2.88471	-0.510391	0.146885	-0.521277	1.61016	0.629893	0.845253	-0.763668	-0.941441	-2.22487	0.316729	0.672629	0.291478	0.957553	-0.643677
373	-0.643677	-1.54559	-2.88471	-0.510391	0.146885	-0.521277	1.61016	0.629893	0.845253	-0.763668	-0.941441	-2.22487	0.316729	0.672629	0.291478	-0.359909
374	-0.359909	-0.643677	-1.54559	-2.88471	-0.510391	0.146885	-0.521277	1.61016	0.629893	0.845253	-0.763668	-0.941441	-2.22487	0.316729	0.672629	-1.32957
375	-1.32957	-0.359909	-0.643677	-1.54559	-2.88471	-0.510391	0.146885	-0.521277	1.61016	0.629893	0.845253	-0.763668	-0.941441	-2.22487	0.316729	-0.154812
376	-0.154812	-1.32957	-0.359909	-0.643677	-1.54559	-2.88471	-0.510391	0.146885	-0.521277	1.61016	0.629893	0.845253	-0.763668	-0.941441	-2.22487	2.41616
377	2.41616	-0.154812	-1.32957	-0.359909	-0.643677	-1.54559	-2.88471	-0.510391	0.146885	-0.521277	1.61016	0.629893	0.845253	-0.763668	-0.941441	2.00049
378	2.00049	2.41616	-0.154812	-1.32957	-0.359909	-0.643677	-1.54559	-2.88471	-0.510391	0.146885	-0.521277	1.61016	0.629893	0.845253	-0.763668	0.397106
379	0.397106	2.00049	2.41616	-0.154812	-1.32957	-0.359909	-0.643677	-1.54559	-2.88471	-0.510391	0.146885	-0.521277	1.61016	0.629893	0.845253	-1.03309
380	-1.03309	0.397106	2.00049	2.41616	-0.154812	-1.32957	-0.359909	-0.643677	-1.54559	-2.88471	-0.510391	0.146885	-0.521277	1.61016	0.629893	-1.55568
381	-1.55568	-1.03309	0.397106	2.00049	2.41616	-0.154812	-1.32957	-0.359909	-0.643677	-1.54559	-2.88471	-0.510391	0.146885	-0.521277	1.61016	-1.62618
382	-1.62618	-1.55568	-1.03309	0.397106	2.00049	2.41616	-0.154812	-1.32957	-0.359909	-0.643677	-1.54559	-2.88471	-0.510391	0.146885	-0.521277	-2.79043
383	-2.79043	-1.62618	-1.55568	-1.03309	0.397106	2.00049	2.41616	-0.154812	-1.32957	-0.359909	-0.643677	-1.54559	-2.88471	-0.510391	0.146885	-1.63122
384	-1.63122	-2.79043	-1.62618	-1.55568	-1.03309	0.397106	2.00049	2.41616	-0.154812	-1.32957	-0.359909	-0.643677	-1.54559	-2.88471	-0.510391	0.632227
385	0.632227	-1.63122	-2.79043	-1.62618	-1.55568	-1.03309	0.397106	2.00049	2.41616	-0.154812	-1.32957	-0.359909	-0.643677	-1.54559	-2.88471	1.27669
386	1.27669	0.632227	-1.63122	-2.79043	-1.62618	-1.55568	-1.03309	0.397106	2.00049	2.41616	-0.154812	-1.32957	-0.359909	-0.643677	-1.54559	2.20742
387	2.20742	1.27669	0.632227	-1.63122	-2.79043	-1.62618	-1.55568	-1.03309	0.397106	2.00049	2.41616	-0.154812	-1.32957	-0.359909	-0.643677	2.7747
388	2.7747	2.20742	1.27669	0.632227	-1.63122	-2.79043	-1.62618	-1.55568	-1.03309	0.397106	2.00049	2.41616	-0.154812	-1.32957	-0.359909	2.67135
389	2.67135	2.7747	2.20742	1.27669	0.632227	-1.63122	-2.79043	-1.62618	-1.55568	-1.03309	0.397106	2.00049	2.41616	-0.154812	-1.32957	1.34714
390	1.34714	2.67135	2.7747	2.20742	1.27669	0.632227	-1.63122	-2.79043	-1.62618	-1.55568	-1.03309	0.397106	2.00049	2.41616	-0.154812	0.465907
391	0.465907	1.34714	2.67135	2.7747	2.20742	1.27669	0.632227	-1.63122	-2.79043	-1.62618	-1.55568	-1.03309	0.397106	2.00049	2.41616	-0.82187
392	-0.82187	0.465907	1.34714	2.67135	2.7747	2.20742	1.27669	0.632227	-1.63122	-2.79043	-1.62618	-1.55568	-1.03309	0.397106	2.00049	-1.97122
393	-1.97122	-0.82187	0.465907	1.34714	2.67135	2.7747	2.20742	1.27669	0.632227	-1.63122	-2.79043	-1.62618	-1.55568	-1.03309	0.397106	-2.78973
394	-2.78973	-1.97122	-0.82187	0.465907	1.34714	2.67135	2.7747	2.20742	1.27669	0.632227	-1.63122	-2.79043	-1.62618	-1.55568	-1.03309	1.36317
395	1.36317	-2.78973	-1.97122	-0.82187	0.465907	1.34714	2.67135	2.7747	2.20742	1.27669	0.632227	-1.63122	-2.79043	-1.62618	-1.55568	0.226573
396	0.226573	1.36317	-2.78973	-1.97122	-0.82187	0.465907	1.34714	2.67135	2.7747	2.20742	1.27669	0.632227	-1.63122	-2.79043	-1.62618	0.716969
397	0.716969	0.226573	1.36317	-2.78973	-1.97122	-0.82187	0.465907	1.34714	2.67135	2.7747	2.20742	1.27669	0.632227	-1.63122	-2.79043	0.929012
398	0.929012	0.716969	0.226573	1.36317	-2.78973	-1.97122	-0.82187	0.465907	1.34714	2.67135	2.7747	2.20742	1.27669	0.632227	-1.63122	0.150187
399	0.150187	0.929012	0.716969	0.226573	1.36317	-2.78973	-1.97122	-0.82187	0.465907	1.34714	2.67135	2.7747	2.20742	1.27669	0.632227	1.47983
400	1.47983	0.150187	0.929012	0.716969	0.226573	1.36317	-2.78973	-1.97122	-0.82187	0.465907	1.34714	2.67135	2.7747	2.20742	1.27669	0.923975
401	0.923975	1.47983	0.150187	0.929012	0.716969	0.226573	1.36317	-2.78973	-1.97122	-0.82187	0.465907	1.34714	2.67135	2.7747	2.20742	-1.1128
402	-1.1128	0.923975	1.47983	0.150187	0.929012	0.716969	0.226573	1.36317	-2.78973	-1.97122	-0.82187	0.465907	1.34714	2.67135	2.7747	-1.40047
403	-1.40047	-1.1128	0.923975	1.47983	0.150187	0.929012	0.716969	0.226573	1.36317	-2.78973	-1.97122	-0.82187	0.465907	1.34714	2.67135	0.0331838
404	0.0331838	-1.40047	-1.1128	0.923975	1.47983	0.150187	0.929012	0.716969	0.226573	1.36317	-2.78973	-1.97122	-0.82187	0.465907	1.34714	-0.795234
405	-0.795234	0.0331838	-1.40047	-1.1128	0.923975	1.47983	0.150187	0.929012	0.716969	0.226573	1.36317	-2.78973	-1.97122	-0.82187	0.465907	0.63285
406	0.63285	-0.795234	0.0331838	-1.40047	-1.1128	0.923975	1.47983	0.150187	0.929012	0.716969	0.226573	1.36317	-2.78973	-1.97122	-0.82187	0.551061
407	0.551061	0.63285	-0.795234	0.0331838	-1.40047	-1.1128	0.923975	1.47983	0.150187	0.929012	0.716969	0.226573	1.36317	-2.78973	-1.97122	1.0673
408	1.0673	0.551061	0.63285	-0.795234	0.0331838	-1.40047	-1.1128	0.923975	1.47983	0.150187	0.929012	0.716969	0.226573	1.36317	-2.78973	-0.201841
409	-0.201841	1.0673	0.551061	0.63285	-0.795234	0.0331838	-1.40047	-1.1128	0.923975	1.47983	0.150187	0.929012	0.716969	0.226573	1.36317	-1.48592
410	-1.48592	-0.201841	1.0673	0.551061	0.63285	-0.795234	0.0331838	-1.40047	-1.1128	0.923975	1.47983	0.150187	0.929012	0.716969	0.226573	-1.23934
411	-1.23934	-1.48592	-0.201841	1.0673	0.551061	0.63285	-0.795234	0.0331838	-1.40047	-1.1128	0.923975	1.47983	0.150187	0.929012	0.716969	-1.51465
412	-1.51465	-1.23934	-1.48592	-0.201841	1.0673	0.551061	0.63285	-0.795234	0.0331838	-1.40047	-1.1128	0.923975	1.47983	0.150187	0.929012	-0.564215
413	-0.564215	-1.51465	-1.23934	-1.48592	-0.201841	1.0673	0.551061	0.63285	-0.795234	0.0331838	-1.40047	-1.1128	0.923975	1.47983	0.150187	-0.254367
414	-0.254367	-0.564215	-1.51465	-1.23934	-1.48592	-0.201841	1.0673	0.551061	0.63285	-0.795234	0.0331838	-1.40047	-1.1128	0.923975	1.47983	0.882682
415	0.882682	-0.254367	-0.564215	-1.51465	-1.23934	-1.48592	-0.201841	1.0673	0.551061	0.63285	-0.795234	0.0331838	-1.40047	-1.1128	0.923975	2.15194
416	2.15194	0.882682	-0.254367	-0.564215	-1.51465	-1.23934	-1.48592	-0.201841	1.0673	0.551061	0.63285	-0.795234	0.0331838	-1.40047	-1.1128	2.56719
417	2.56719	2.15194	0.882682	-0.254367	-0.564215	-1.51465	-1.23934	-1.48592	-0.201841	1.0673	0.551061	0.63285	-0.795234	0.0331838	-1.40047	2.09953
418	2.09953	2.56719	2.15194	0.882682	-0.254367	-0.564215	-1.51465	-1.23934	-1.48592	-0.201841	1.0673	0.551061	0.63285	-0.795234	0.0331838	0.492839
419	0.492839	2.09953	2.56719	2.15194	0.882682	-0.254367	-0.564215	-1.51465	-1.23934	-1.48592	-0.201841	1.0673	0.551061	0.63285	-0.795234	-0.810443
420	-0.810443	0.492839	2.09953	2.56719	2.15194	0.882682	-0.254367	-0.564215	-1.51465	-1.23934	-1.48592	-0.201841	1.0673	0.551061	0.63285	-1.74984
421	-1.74984	-0.810443	0.492839	2.09953	2.56719	2.15194	0.882682	-0.254367	-0.564215	-1.51465	-1.23934	-1.48592	-0.201841	1.0673	0.551061	-1.84191
422	-1.84191	-1.74984	-0.810443	0.492839	2.09953	2.56719	2.15194	0.882682	-0.254367	-0.564215	-1.51465	-1.23934	-1.48592	-0.201841	1.0673	-2.77188
423	-2.77188	-1.84191	-1.74984	-0.810443	0.492839	2.09953	2.56719	2.15194	0.882682	-0.254367	-0.564215	-1.51465	-1.23934	-1.48592	-0.201841	-0.375731
424	-0.375731	-2.77188	-1.84191	-1.74984	-0.810443	0.492839	2.09953	2.56719	2.15194	0.882682	-0.254367	-0.564215	-1.51465	-1.23934	-1.48592	-0.318452
425	-0.318452	-0.375731	-2.77188	-1.84191	-1.74984	-0.810443	0.492839	2.09953	2.56719	2.15194	0.882682	-0.254367	-0.564215	-1.51465	-1.23934	2.6618
426	2.6618	-0.318452	-0.375731	-2.77188	-1.84191	-1.74984	-0.810443	0.492839	2.09953	2.56719	2.15194	0.882682	-0.254367	-0.564215	-1.51465	3.20236
427	3.20236	2.6618	-0.318452	-0.375731	-2.77188	-1.84191	-1.74984	-0.810443	0.492839	2.09953	2.56719	2.15194	0.882682	-0.254367	-0.564215	-0.518949
428	-0.518949	3.20236	2.6618	-0.318452	-0.375731	-2.77188	-1.84191	-1.74984	-0.810443	0.492839	2.09953	2.56719	2.15194	0.882682	-0.254367	0.514889
429	0.514889	-0.518949	3.20236	2.6618	-0.318452	-0.375731	-2.77188	-1.84191	-1.74984	-0.810443	0.492839	2.09953	2.56719	2.15194	0.882682	-0.631201
430	-0.631201	0.514889	-0.518949	3.20236	2.6618	-0.318452	-0.375731	-2.77188	-1.84191	-1.74984	-0.810443	0.492839	2.09953	2.56719	2.15194	-0.646096
431	-0.646096	-0.631201	0.514889	-0.518949	3.20236	2.6618	-0.318452	-0.375731	-2.77188	-1.84191	-1.74984	-0.810443	0.492839	2.09953	2.56719	0.665574
432	0.665574	-0.646096	-0.631201	0.514889	-0.518949	3.20236	2.6618	-0.318452	-0.375731	-2.77188	-1.84191	-1.74984	-0.810443	0.492839	2.09953	1.05034
433	1.05034	0.665574	-0.646096	-0.631201	0.514889	-0.518949	3.20236	2.6618	-0.318452	-0.375731	-2.77188	-1.84191	-1.74984	-0.810443	0.492839	2.70784
434	2.70784	1.05034	0.665574	-0.646096	-0.631201	0.514889	-0.518949	3.20236	2.6618	-0.318452	-0.375731	-2.77188	-1.84191	-1.74984	-0.810443	1.40843
435	1.40843	2.70784	1.05034	0.665574	-0.646096	-0.631201	0.514889	-0.518949	3.20236	2.6618	-0.318452	-0.375731	-2.77188	-1.84191	-1.74984	-1.66757
436	-1.66757	1.40843	2.70784	1.05034	0.665574	-0.646096	-0.631201	0.514889	-0.518949	3.20236	2.6618	-0.318452	-0.375731	-2.77188	-1.84191	0.522407
437	0.522407	-1.66757	1.40843	2.70784	1.05034	0.665574	-0.646096	-0.631201	0.514889	-0.518949	3.20236	2.6618	-0.318452	-0.375731	-2.77188	0.236292
438	0.236292	0.522407	-1.66757	1.40843	2.70784	1.05034	0.665574	-0.646096	-0.631201	0.514889	-0.518949	3.20236	2.6618	-0.318452	-0.375731	0.951
439	0.951	0.236292	0.522407	-1.66757	1.40843	2.70784	1.05034	0.665574	-0.646096	-0.631201	0.514889	-0.518949	3.20236	2.6618	-0.318452	1.43839
440	1.43839	0.951	0.236292	0.522407	-1.66757	1.40843	2.70784	1.05034	0.665574	-0.646096	-0.631201	0.514889	-0.518949	3.20236	2.6618	2.07463
441	2.07463	1.43839	0.951	0.236292	0.522407	-1.66757	1.40843	2.70784	1.05034	0.665574	-0.646096	-0.631201	0.514889	-0.518949	3.20236	2.55227
442	2.55227	2.07463	1.43839	0.951	0.236292	0.522407	-1.66757	1.40843	2.70784	1.05034	0.665574	-0.646096	-0.631201	0.514889	-0.518949	1.64153
443	1.64153	2.55227	2.07463	1.43839	0.951	0.236292	0.522407	-1.66757	1.40843	2.70784	1.05034	0.665574	-0.646096	-0.631201	0.514889	1.85423
444	1.85423	1.64153	2.55227	2.07463	1.43839	0.951	0.236292	0.522407	-1.66757	1.40843	2.70784	1.05034	0.665574	-0.646096	-0.631201	-0.261039
445	-0.261039	1.85423	1.64153	2.55227	2.07463	1.43839	0.951	0.236292	0.522407	-1.66757	1.40843	2.70784	1.05034	0.665574	-0.646096	-2.277
446	-2.277	-0.261039	1.85423	1.64153	2.55227	2.07463	1.43839	0.951	0.236292	0.522407	-1.66757	1.40843	2.70784	1.05034	0.665574	-1.96463
447	-1.96463	-2.277	-0.261039	1.85423	1.64153	2.55227	2.07463	1.43839	0.951	0.236292	0.522407	-1.66757	1.40843	2.70784	1.05034	-1.6223
448	-1.6223	-1.96463	-2.277	-0.261039	1.85423	1.64153	2.55227	2.07463	1.43839	0.951	0.236292	0.522407	-1.66757	1.40843	2.70784	-0.232865
449	-0.232865	-1.6223	-1.96463	-2.277	-0.261039	1.85423	1.64153	2.55227	2.07463	1.43839	0.951	0.236292	0.522407	-1.66757	1.40843	1.03597
450	1.03597	-0.232865	-1.6223	-1.96463	-2.277	-0.261039	1.85423	1.64153	2.55227	2.07463	1.43839	0.951	0.236292	0.522407	-1.66757	-0.685717
451	-0.685717	1.03597	-0.232865	-1.6223	-1.96463	-2.277	-0.261039	1.85423	1.64153	2.55227	2.07463	1.43839	0.951	0.236292	0.522407	0.138797
452	0.138797	-0.685717	1.03597	-0.232865	-1.6223	-1.96463	-2.277	-0.261039	1.85423	1.64153	2.55227	2.07463	1.43839	0.951	0.236292	0.848245
453	0.848245	0.138797	-0.685717	1.03597	-0.232865	-1.6223	-1.96463	-2.277	-0.261039	1.85423	1.64153	2.55227	2.07463	1.43839	0.951	0.706106
454	0.706106	0.848245	0.138797	-0.685717	1.03597	-0.232865	-1.6223	-1.96463	-2.277	-0.261039	1.85423	1.64153	2.55227	2.07463	1.43839	0.27607
455	0.27607	0.706106	0.848245	0.138797	-0.685717	1.03597	-0.232865	-1.6223	-1.96463	-2.277	-0.261039	1.85423	1.64153	2.55227	2.07463	-0.222653
456	-0.222653	0.27607	0.706106	0.848245	0.138797	-0.685717	1.03597	-0.232865	-1.6223	-1.96463	-2.277	-0.261039	1.85423	1.64153	2.55227	-0.388401
457	-0.388401	-0.222653	0.27607	0.706106	0.848245	0.138797	-0.685717	1.03597	-0.232865	-1.6223	-1.96463	-2.277	-0.261039	1.85423	1.64153	-1.88538
458	-1.88538	-0.388401	-0.222653	0.27607	0.706106	0.848245	0.138797	-0.685717	1.03597	-0.232865	-1.6223	-1.96463	-2.277	-0.261039	1.85423	-0.884392
459	-0.884392	-1.88538	-0.388401	-0.222653	0.27607	0.706106	0.848245	0.138797	-0.685717	1.03597	-0.232865	-1.6223	-1.96463	-2.277	-0.261039	-0.43896
460	-0.43896	-0.884392	-1.88538	-0.388401	-0.222653	0.27607	0.706106	0.848245	0.138797	-0.685717	1.03597	-0.232865	-1.6223	-1.96463	-2.277	0.53215
461	0.53215	-0.43896	-0.884392	-1.88538	-0.388401	-0.222653	0.27607	0.706106	0.848245	0.138797	-0.685717	1.03597	-0.232865	-1.6223	-1.96463	0.461342
462	0.461342	0.53215	-0.43896	-0.884392	-1.88538	-0.388401	-0.222653	0.27607	0.706106	0.848245	0.138797	-0.685717	1.03597	-0.232865	-1.6223	-0.411187
463	-0.411187	0.461342	0.53215	-0.43896	-0.884392	-1.88538	-0.388401	-0.222653	0.27607	0.706106	0.848245	0.138797	-0.685717	1.03597	-0.232865	-0.550244
464	-0.550244	-0.411187	0.461342	0.53215	-0.43896	-0.884392	-1.88538	-0.388401	-0.222653	0.27607	0.706106	0.848245	0.138797	-0.685717	1.03597	0.804716
465	0.804716	-0.550244	-0.411187	0.461342	0.53215	-0.43896	-0.884392	-1.88538	-0.388401	-0.222653	0.27607	0.706106	0.848245	0.138797	-0.685717	0.120338
466	0.120338	0.804716	-0.550244	-0.411187	0.461342	0.53215	-0.43896	-0.884392	-1.88538	-0.388401	-0.222653	0.27607	0.706106	0.848245	0.138797	-1.5542
467	-1.5542	0.120338	0.804716	-0.550244	-0.411187	0.461342	0.53215	-0.43896	-0.884392	-1.88538	-0.388401	-0.222653	0.27607	0.706106	0.848245	-0.0458226
468	-0.0458226	-1.5542	0.120338	0.804716	-0.550244	-0.411187	0.461342	0.53215	-0.43896	-0.884392	-1.88538	-0.388401	-0.222653	0.27607	0.706106	-0.841526
469	-0.841526	-0.0458226	-1.5542	0.120338	0.804716	-0.550244	-0.411187	0.461342	0.53215	-0.43896	-0.884392	-1.88538	-0.388401	-0.222653	0.27607	0.0541917
470	0.0541917	-0.841526	-0.0458226	-1.5542	0.120338	0.804716	-0.550244	-0.411187	0.461342	0.53215	-0.43896	-0.884392	-1.88538	-0.388401	-0.222653	1.03158
471	1.03158	0.0541917	-0.841526	-0.0458226	-1.5542	0.120338	0.804716	-0.550244	-0.411187	0.461342	0.53215	-0.43896	-0.884392	-1.88538	-0.388401	-0.456546
472	-0.456546	1.03158	0.0541917	-0.841526	-0.0458226	-1.5542	0.120338	0.804716	-0.550244	-0.411187	0.461342	0.53215	-0.43896	-0.884392	-1.88538	0.501963
473	0.501963	-0.456546	1.03158	0.0541917	-0.841526	-0.0458226	-1.5542	0.120338	0.804716	-0.550244	-0.411187	0.461342	0.53215	-0.43896	-0.884392	-0.483375
474	-0.483375	0.501963	-0.456546	1.03158	0.0541917	-0.841526	-0.0458226	-1.5542	0.120338	0.804716	-0.550244	-0.411187	0.461342	0.53215	-0.43896	-1.11376
475	-1.11376	-0.483375	0.501963	-0.456546	1.03158	0.0541917	-0.841526	-0.0458226	-1.5542	0.120338	0.804716	-0.550244	-0.411187	0.461342	0.53215	-0.816417
476	-0.816417	-1.11376	-0.483375	0.501963	-0.456546	1.03158	0.0541917	-0.841526	-0.0458226	-1.5542	0.120338	0.804716	-0.550244	-0.411187	0.461342	-0.38457
477	-0.38457	-0.816417	-1.11376	-0.483375	0.501963	-0.456546	1.03158	0.0541917	-0.841526	-0.0458226	-1.5542	0.120338	0.804716	-0.550244	-0.411187	-1.10131
478	-1.10131	-0.38457	-0.816417	-1.11376	-0.483375	0.501963	-0.456546	1.03158	0.0541917	-0.841526	-0.0458226	-1.5542	0.120338	0.804716	-0.550244	0.401364
479	0.401364	-1.10131	-0.38457	-0.816417	-1.11376	-0.483375	0.501963	-0.456546	1.03158	0.0541917	-0.841526	-0.0458226	-1.5542	0.120338	0.804716	-0.460233
480	-0.460233	0.401364	-1.10131	-0.38457	-0.816417	-1.11376	-0.483375	0.501963	-0.456546	1.03158	0.0541917	-0.841526	-0.0458226	-1.5542	0.120338	0.296984
481	0.296984	-0.460233	0.401364	-1.10131	-0.38457	-0.816417	-1.11376	-0.483375	0.501963	-0.456546	1.03158	0.0541917	-0.841526	-0.0458226	-1.5542	0.665649
482	0.665649	0.296984	-0.460233	0.401364	-1.10131	-0.38457	-0.816417	-1.11376	-0.483375	0.501963	-0.456546	1.03158	0.0541917	-0.841526	-0.0458226	0.0381051
483	0.0381051	0.665649	0.296984	-0.460233	0.401364	-1.10131	-0.38457	-0.816417	-1.11376	-0.483375	0.501963	-0.456546	1.03158	0.0541917	-0.841526	1.01067
484	1.01067	0.0381051	0.665649	0.296984	-0.460233	0.401364	-1.10131	-0.38457	-0.816417	-1.11376	-0.483375	0.501963	-0.456546	1.03158	0.0541917	0.779282
485	0.779282	1.01067	0.0381051	0.665649	0.296984	-0.460233	0.401364	-1.10131	-0.38457	-0.816417	-1.11376	-0.483375	0.501963	-0.456546	1.03158	0.46363
486	0.46363	0.779282	1.01067	0.0381051	0.665649	0.296984	-0.460233	0.401364	-1.10131	-0.38457	-0.816417	-1.11376	-0.483375	0.501963	-0.456546	-0.501937
487	-0.501937	0.46363	0.779282	1.01067	0.0381051	0.665649	0.296984	-0.460233	0.401364	-1.10131	-0.38457	-0.816417	-1.11376	-0.483375	0.501963	-1.07323
488	-1.07323	-0.501937	0.46363	0.779282	1.01067	0.0381051	0.665649	0.296984	-0.460233	0.401364	-1.10131	-0.38457	-0.816417	-1.11376	-0.483375	-1.42661
489	-1.42661	-1.07323	-0.501937	0.46363	0.779282	1.01067	0.0381051	0.665649	0.296984	-0.460233	0.401364	-1.10131	-0.38457	-0.816417	-1.11376	-1.67153
490	-1.67153	-1.42661	-1.07323	-0.501937	0.46363	0.779282	1.01067	0.0381051	0.665649	0.296984	-0.460233	0.401364	-1.10131	-0.38457	-0.816417	-0.742417
491	-0.742417	-1.67153	-1.42661	-1.07323	-0.501937	0.46363	0.779282	1.01067	0.0381051	0.665649	0.296984	-0.460233	0.401364	-1.10131	-0.38457	-2.00913
492	-2.00913	-0.742417	-1.67153	-1.42661	-1.07323	-0.501937	0.46363	0.779282	1.01067	0.0381051	0.665649	0.296984	-0.460233	0.401364	-1.10131	-1.26829
493	-1.26829	-2.00913	-0.742417	-1.67153	-1.42661	-1.07323	-0.501937	0.46363	0.779282	1.01067	0.0381051	0.665649	0.296984	-0.460233	0.401364	-0.319759
494	-0.319759	-1.26829	-2.00913	-0.742417	-1.67153	-1.42661	-1.07323	-0.501937	0.46363	0.779282	1.01067	0.0381051	0.665649	0.296984	-0.460233	-0.444965
495	-0.444965	-0.319759	-1.26829	-2.00913	-0.742417	-1.67153	-1.42661	-1.07323	-0.501937	0.46363	0.779282	1.01067	0.0381051	0.665649	0.296984	0.499913
496	0.499913	-0.444965	-0.319759	-1.26829	-2.00913	-0.742417	-1.67153	-1.42661	-1.07323	-0.501937	0.46363	0.779282	1.01067	0.0381051	0.665649	2.22096
497	2.22096	0.499913	-0.444965	-0.319759	-1.26829	-2.00913	-0.742417	-1.67153	-1.42661	-1.07323	-0.501937	0.46363	0.779282	1.01067	0.0381051	0.291471
498	0.291471	2.22096	0.499913	-0.444965	-0.319759	-1.26829	-2.00913	-0.742417	-1.67153	-1.42661	-1.07323	-0.501937	0.46363	0.779282	1.01067	-1.0168
499	-1.0168	0.291471	2.22096	0.499913	-0.444965	-0.319759	-1.26829	-2.00913	-0.742417	-1.67153	-1.42661	-1.07323	-0.501937	0.46363	0.779282	-0.431429
500	-0.431429	-1.0168	0.291471	2.22096	0.499913	-0.444965	-0.319759	-1.26829	-2.00913	-0.742417	-1.67153	-1.42661	-1.07323	-0.501937	0.46363	-1.46352
