t	x(t-1)	x(t-2)	x(t-3)	x(t-4)	x(t-5)	x(t-6)	x(t-7)	x(t-8)	x(t-9)	x(t-10)	x(t-11)	x(t-12)	x(t-13)	x(t-14)	x(t-15)	xt
1	0.353629	-1.50982	-0.700647	2.61113	0.148606	3.12587	-0.383778	-3.36386	-0.376677	-1.06157	0.264676	0.815793	-2.86252	-0.303052	-0.74321	-0.444258
2	-0.444258	0.353629	-1.50982	-0.700647	2.61113	0.148606	3.12587	-0.383778	-3.36386	-0.376677	-1.06157	0.264676	0.815793	-2.86252	-0.303052	3.09667
3	3.09667	-0.444258	0.353629	-1.50982	-0.700647	2.61113	0.148606	3.12587	-0.383778	-3.36386	-0.376677	-1.06157	0.264676	0.815793	-2.86252	1.76427
4	1.76427	3.09667	-0.444258	0.353629	-1.50982	-0.700647	2.61113	0.148606	3.12587	-0.383778	-3.36386	-0.376677	-1.06157	0.264676	0.815793	-0.4249
5	-0.4249	1.76427	3.09667	-0.444258	0.353629	-1.50982	-0.700647	2.61113	0.148606	3.12587	-0.383778	-3.36386	-0.376677	-1.06157	0.264676	0.791837
6	0.791837	-0.4249	1.76427	3.09667	-0.444258	0.353629	-1.50982	-0.700647	2.61113	0.148606	3.12587	-0.383778	-3.36386	-0.376677	-1.06157	-3.14989
7	-3.14989	0.791837	-0.4249	1.76427	3.09667	-0.444258	0.353629	-1.50982	-0.700647	2.61113	0.148606	3.12587	-0.383778	-3.36386	-0.376677	-1.94298
8	-1.94298	-3.14989	0.791837	-0.4249	1.76427	3.09667	-0.444258	0.353629	-1.50982	-0.700647	2.61113	0.148606	3.12587	-0.383778	-3.36386	1.02356
9	1.02356	-1.94298	-3.14989	0.791837	-0.4249	1.76427	3.09667	-0.444258	0.353629	-1.50982	-0.700647	2.61113	0.148606	3.12587	-0.383778	-0.391231
10	-0.391231	1.02356	-1.94298	-3.14989	0.791837	-0.4249	1.76427	3.09667	-0.444258	0.353629	-1.50982	-0.700647	2.61113	0.148606	3.12587	2.91582
11	2.91582	-0.391231	1.02356	-1.94298	-3.14989	0.791837	-0.4249	1.76427	3.09667	-0.444258	0.353629	-1.50982	-0.700647	2.61113	0.148606	1.50072
12	1.50072	2.91582	-0.391231	1.02356	-1.94298	-3.14989	0.791837	-0.4249	1.76427	3.09667	-0.444258	0.353629	-1.50982	-0.700647	2.61113	-0.276574
13	-0.276574	1.50072	2.91582	-0.391231	1.02356	-1.94298	-3.14989	0.791837	-0.4249	1.76427	3.09667	-0.444258	0.353629	-1.50982	-0.700647	1.34306
14	1.34306	-0.276574	1.50072	2.91582	-0.391231	1.02356	-1.94298	-3.14989	0.791837	-0.4249	1.76427	3.09667	-0.444258	0.353629	-1.50982	-2.73718
15	-2.73718	1.34306	-0.276574	1.50072	2.91582	-0.391231	1.02356	-1.94298	-3.14989	0.791837	-0.4249	1.76427	3.09667	-0.444258	0.353629	0.956967
16	0.956967	-2.73718	1.34306	-0.276574	1.50072	2.91582	-0.391231	1.02356	-1.94298	-3.14989	0.791837	-0.4249	1.76427	3.09667	-0.444258	2.611
17	2.611	0.956967	-2.73718	1.34306	-0.276574	1.50072	2.91582	-0.391231	1.02356	-1.94298	-3.14989	0.791837	-0.4249	1.76427	3.09667	-1.36097
18	-1.36097	2.611	0.956967	-2.73718	1.34306	-0.276574	1.50072	2.91582	-0.391231	1.02356	-1.94298	-3.14989	0.791837	-0.4249	1.76427	2.96762
19	2.96762	-1.36097	2.611	0.956967	-2.73718	1.34306	-0.276574	1.50072	2.91582	-0.391231	1.02356	-1.94298	-3.14989	0.791837	-0.4249	1.35621
20	1.35621	2.96762	-1.36097	2.611	0.956967	-2.73718	1.34306	-0.276574	1.50072	2.91582	-0.391231	1.02356	-1.94298	-3.14989	0.791837	-1.93417
21	-1.93417	1.35621	2.96762	-1.36097	2.611	0.956967	-2.73718	1.34306	-0.276574	1.50072	2.91582	-0.391231	1.02356	-1.94298	-3.14989	0.526831
22	0.526831	-1.93417	1.35621	2.96762	-1.36097	2.611	0.956967	-2.73718	1.34306	-0.276574	1.50072	2.91582	-0.391231	1.02356	-1.94298	-2.90339
23	-2.90339	0.526831	-1.93417	1.35621	2.96762	-1.36097	2.611	0.956967	-2.73718	1.34306	-0.276574	1.50072	2.91582	-0.391231	1.02356	-1.71514
24	-1.71514	-2.90339	0.526831	-1.93417	1.35621	2.96762	-1.36097	2.611	0.956967	-2.73718	1.34306	-0.276574	1.50072	2.91582	-0.391231	1.70096
25	1.70096	-1.71514	-2.90339	0.526831	-1.93417	1.35621	2.96762	-1.36097	2.611	0.956967	-2.73718	1.34306	-0.276574	1.50072	2.91582	-0.3109
26	-0.3109	1.70096	-1.71514	-2.90339	0.526831	-1.93417	1.35621	2.96762	-1.36097	2.611	0.956967	-2.73718	1.34306	-0.276574	1.50072	3.33792
27	3.33792	-0.3109	1.70096	-1.71514	-2.90339	0.526831	-1.93417	1.35621	2.96762	-1.36097	2.611	0.956967	-2.73718	1.34306	-0.276574	0.96772
28	0.96772	3.33792	-0.3109	1.70096	-1.71514	-2.90339	0.526831	-1.93417	1.35621	2.96762	-1.36097	2.611	0.956967	-2.73718	1.34306	0.938369
29	0.938369	0.96772	3.33792	-0.3109	1.70096	-1.71514	-2.90339	0.526831	-1.93417	1.35621	2.96762	-1.36097	2.611	0.956967	-2.73718	0.331488
30	0.331488	0.938369	0.96772	3.33792	-0.3109	1.70096	-1.71514	-2.90339	0.526831	-1.93417	1.35621	2.96762	-1.36097	2.611	0.956967	-2.19403
31	-2.19403	0.331488	0.938369	0.96772	3.33792	-0.3109	1.70096	-1.71514	-2.90339	0.526831	-1.93417	1.35621	2.96762	-1.36097	2.611	-1.61573
32	-1.61573	-2.19403	0.331488	0.938369	0.96772	3.33792	-0.3109	1.70096	-1.71514	-2.90339	0.526831	-1.93417	1.35621	2.96762	-1.36097	-0.824866
33	-0.824866	-1.61573	-2.19403	0.331488	0.938369	0.96772	3.33792	-0.3109	1.70096	-1.71514	-2.90339	0.526831	-1.93417	1.35621	2.96762	-1.76098
34	-1.76098	-0.824866	-1.61573	-2.19403	0.331488	0.938369	0.96772	3.33792	-0.3109	1.70096	-1.71514	-2.90339	0.526831	-1.93417	1.35621	2.23079
35	2.23079	-1.76098	-0.824866	-1.61573	-2.19403	0.331488	0.938369	0.96772	3.33792	-0.3109	1.70096	-1.71514	-2.90339	0.526831	-1.93417	-0.485127
36	-0.485127	2.23079	-1.76098	-0.824866	-1.61573	-2.19403	0.331488	0.938369	0.96772	3.33792	-0.3109	1.70096	-1.71514	-2.90339	0.526831	-1.09871
37	-1.09871	-0.485127	2.23079	-1.76098	-0.824866	-1.61573	-2.19403	0.331488	0.938369	0.96772	3.33792	-0.3109	1.70096	-1.71514	-2.90339	0.235462
38	0.235462	-1.09871	-0.485127	2.23079	-1.76098	-0.824866	-1.61573	-2.19403	0.331488	0.938369	0.96772	3.33792	-0.3109	1.70096	-1.71514	-3.26603
39	-3.26603	0.235462	-1.09871	-0.485127	2.23079	-1.76098	-0.824866	-1.61573	-2.19403	0.331488	0.938369	0.96772	3.33792	-0.3109	1.70096	0.0770828
40	0.0770828	-3.26603	0.235462	-1.09871	-0.485127	2.23079	-1.76098	-0.824866	-1.61573	-2.19403	0.331488	0.938369	0.96772	3.33792	-0.3109	1.24225
41	1.24225	0.0770828	-3.26603	0.235462	-1.09871	-0.485127	2.23079	-1.76098	-0.824866	-1.61573	-2.19403	0.331488	0.938369	0.96772	3.33792	0.953262
42	0.953262	1.24225	0.0770828	-3.26603	0.235462	-1.09871	-0.485127	2.23079	-1.76098	-0.824866	-1.61573	-2.19403	0.331488	0.938369	0.96772	4.52027
43	4.52027	0.953262	1.24225	0.0770828	-3.26603	0.235462	-1.09871	-0.485127	2.23079	-1.76098	-0.824866	-1.61573	-2.19403	0.331488	0.938369	-0.487122
44	-0.487122	4.52027	0.953262	1.24225	0.0770828	-3.26603	0.235462	-1.09871	-0.485127	2.23079	-1.76098	-0.824866	-1.61573	-2.19403	0.331488	3.36374
45	3.36374	-0.487122	4.52027	0.953262	1.24225	0.0770828	-3.26603	0.235462	-1.09871	-0.485127	2.23079	-1.76098	-0.824866	-1.61573	-2.19403	0.871774
46	0.871774	3.36374	-0.487122	4.52027	0.953262	1.24225	0.0770828	-3.26603	0.235462	-1.09871	-0.485127	2.23079	-1.76098	-0.824866	-1.61573	-3.53638
47	-3.53638	0.871774	3.36374	-0.487122	4.52027	0.953262	1.24225	0.0770828	-3.26603	0.235462	-1.09871	-0.485127	2.23079	-1.76098	-0.824866	1.67659
48	1.67659	-3.53638	0.871774	3.36374	-0.487122	4.52027	0.953262	1.24225	0.0770828	-3.26603	0.235462	-1.09871	-0.485127	2.23079	-1.76098	0.338683
49	0.338683	1.67659	-3.53638	0.871774	3.36374	-0.487122	4.52027	0.953262	1.24225	0.0770828	-3.26603	0.235462	-1.09871	-0.485127	2.23079	-1.93589
50	-1.93589	0.338683	1.67659	-3.53638	0.871774	3.36374	-0.487122	4.52027	0.953262	1.24225	0.0770828	-3.26603	0.235462	-1.09871	-0.485127	1.09208
51	1.09208	-1.93589	0.338683	1.67659	-3.53638	0.871774	3.36374	-0.487122	4.52027	0.953262	1.24225	0.0770828	-3.26603	0.235462	-1.09871	-0.596721
52	-0.596721	1.09208	-1.93589	0.338683	1.67659	-3.53638	0.871774	3.36374	-0.487122	4.52027	0.953262	1.24225	0.0770828	-3.26603	0.235462	-0.61856
53	-0.61856	-0.596721	1.09208	-1.93589	0.338683	1.67659	-3.53638	0.871774	3.36374	-0.487122	4.52027	0.953262	1.24225	0.0770828	-3.26603	-1.54149
54	-1.54149	-0.61856	-0.596721	1.09208	-1.93589	0.338683	1.67659	-3.53638	0.871774	3.36374	-0.487122	4.52027	0.953262	1.24225	0.0770828	-1.9633
55	-1.9633	-1.54149	-0.61856	-0.596721	1.09208	-1.93589	0.338683	1.67659	-3.53638	0.871774	3.36374	-0.487122	4.52027	0.953262	1.24225	0.351484
56	0.351484	-1.9633	-1.54149	-0.61856	-0.596721	1.09208	-1.93589	0.338683	1.67659	-3.53638	0.871774	3.36374	-0.487122	4.52027	0.953262	0.352438
57	0.352438	0.351484	-1.9633	-1.54149	-0.61856	-0.596721	1.09208	-1.93589	0.338683	1.67659	-3.53638	0.871774	3.36374	-0.487122	4.52027	1.40383
58	1.40383	0.352438	0.351484	-1.9633	-1.54149	-0.61856	-0.596721	1.09208	-1.93589	0.338683	1.67659	-3.53638	0.871774	3.36374	-0.487122	2.40259
59	2.40259	1.40383	0.352438	0.351484	-1.9633	-1.54149	-0.61856	-0.596721	1.09208	-1.93589	0.338683	1.67659	-3.53638	0.871774	3.36374	-0.693323
60	-0.693323	2.40259	1.40383	0.352438	0.351484	-1.9633	-1.54149	-0.61856	-0.596721	1.09208	-1.93589	0.338683	1.67659	-3.53638	0.871774	-0.579331
61	-0.579331	-0.693323	2.40259	1.40383	0.352438	0.351484	-1.9633	-1.54149	-0.61856	-0.596721	1.09208	-1.93589	0.338683	1.67659	-3.53638	0.683668
62	0.683668	-0.579331	-0.693323	2.40259	1.40383	0.352438	0.351484	-1.9633	-1.54149	-0.61856	-0.596721	1.09208	-1.93589	0.338683	1.67659	-0.260922
63	-0.260922	0.683668	-0.579331	-0.693323	2.40259	1.40383	0.352438	0.351484	-1.9633	-1.54149	-0.61856	-0.596721	1.09208	-1.93589	0.338683	3.13333
64	3.13333	-0.260922	0.683668	-0.579331	-0.693323	2.40259	1.40383	0.352438	0.351484	-1.9633	-1.54149	-0.61856	-0.596721	1.09208	-1.93589	1.54129
65	1.54129	3.13333	-0.260922	0.683668	-0.579331	-0.693323	2.40259	1.40383	0.352438	0.351484	-1.9633	-1.54149	-0.61856	-0.596721	1.09208	-0.417065
66	-0.417065	1.54129	3.13333	-0.260922	0.683668	-0.579331	-0.693323	2.40259	1.40383	0.352438	0.351484	-1.9633	-1.54149	-0.61856	-0.596721	0.588928
67	0.588928	-0.417065	1.54129	3.13333	-0.260922	0.683668	-0.579331	-0.693323	2.40259	1.40383	0.352438	0.351484	-1.9633	-1.54149	-0.61856	-1.81218
68	-1.81218	0.588928	-0.417065	1.54129	3.13333	-0.260922	0.683668	-0.579331	-0.693323	2.40259	1.40383	0.352438	0.351484	-1.9633	-1.54149	0.452961
69	0.452961	-1.81218	0.588928	-0.417065	1.54129	3.13333	-0.260922	0.683668	-0.579331	-0.693323	2.40259	1.40383	0.352438	0.351484	-1.9633	-0.495279
70	-0.495279	0.452961	-1.81218	0.588928	-0.417065	1.54129	3.13333	-0.260922	0.683668	-0.579331	-0.693323	2.40259	1.40383	0.352438	0.351484	-1.20543
71	-1.20543	-0.495279	0.452961	-1.81218	0.588928	-0.417065	1.54129	3.13333	-0.260922	0.683668	-0.579331	-0.693323	2.40259	1.40383	0.352438	0.0174603
72	0.0174603	-1.20543	-0.495279	0.452961	-1.81218	0.588928	-0.417065	1.54129	3.13333	-0.260922	0.683668	-0.579331	-0.693323	2.40259	1.40383	-1.11159
73	-1.11159	0.0174603	-1.20543	-0.495279	0.452961	-1.81218	0.588928	-0.417065	1.54129	3.13333	-0.260922	0.683668	-0.579331	-0.693323	2.40259	-1.17236
74	-1.17236	-1.11159	0.0174603	-1.20543	-0.495279	0.452961	-1.81218	0.588928	-0.417065	1.54129	3.13333	-0.260922	0.683668	-0.579331	-0.693323	0.424417
75	0.424417	-1.17236	-1.11159	0.0174603	-1.20543	-0.495279	0.452961	-1.81218	0.588928	-0.417065	1.54129	3.13333	-0.260922	0.683668	-0.579331	-1.33255
76	-1.33255	0.424417	-1.17236	-1.11159	0.0174603	-1.20543	-0.495279	0.452961	-1.81218	0.588928	-0.417065	1.54129	3.13333	-0.260922	0.683668	1.99177
77	1.99177	-1.33255	0.424417	-1.17236	-1.11159	0.0174603	-1.20543	-0.495279	0.452961	-1.81218	0.588928	-0.417065	1.54129	3.13333	-0.260922	2.37913
78	2.37913	1.99177	-1.33255	0.424417	-1.17236	-1.11159	0.0174603	-1.20543	-0.495279	0.452961	-1.81218	0.588928	-0.417065	1.54129	3.13333	0.21339
79	0.21339	2.37913	1.99177	-1.33255	0.424417	-1.17236	-1.11159	0.0174603	-1.20543	-0.495279	0.452961	-1.81218	0.588928	-0.417065	1.54129	0.995557
80	0.995557	0.21339	2.37913	1.99177	-1.33255	0.424417	-1.17236	-1.11159	0.0174603	-1.20543	-0.495279	0.452961	-1.81218	0.588928	-0.417065	-2.16314
81	-2.16314	0.995557	0.21339	2.37913	1.99177	-1.33255	0.424417	-1.17236	-1.11159	0.0174603	-1.20543	-0.495279	0.452961	-1.81218	0.588928	-2.04752
82	-2.04752	-2.16314	0.995557	0.21339	2.37913	1.99177	-1.33255	0.424417	-1.17236	-1.11159	0.0174603	-1.20543	-0.495279	0.452961	-1.81218	-0.692713
83	-0.692713	-2.04752	-2.16314	0.995557	0.21339	2.37913	1.99177	-1.33255	0.424417	-1.17236	-1.11159	0.0174603	-1.20543	-0.495279	0.452961	-0.195118
84	-0.195118	-0.692713	-2.04752	-2.16314	0.995557	0.21339	2.37913	1.99177	-1.33255	0.424417	-1.17236	-1.11159	0.0174603	-1.20543	-0.495279	1.06002
85	1.06002	-0.195118	-0.692713	-2.04752	-2.16314	0.995557	0.21339	2.37913	1.99177	-1.33255	0.424417	-1.17236	-1.11159	0.0174603	-1.20543	-1.41157
86	-1.41157	1.06002	-0.195118	-0.692713	-2.04752	-2.16314	0.995557	0.21339	2.37913	1.99177	-1.33255	0.424417	-1.17236	-1.11159	0.0174603	-1.77677
87	-1.77677	-1.41157	1.06002	-0.195118	-0.692713	-2.04752	-2.16314	0.995557	0.21339	2.37913	1.99177	-1.33255	0.424417	-1.17236	-1.11159	0.223908
88	0.223908	-1.77677	-1.41157	1.06002	-0.195118	-0.692713	-2.04752	-2.16314	0.995557	0.21339	2.37913	1.99177	-1.33255	0.424417	-1.17236	-0.416547
89	-0.416547	0.223908	-1.77677	-1.41157	1.06002	-0.195118	-0.692713	-2.04752	-2.16314	0.995557	0.21339	2.37913	1.99177	-1.33255	0.424417	0.120452
90	0.120452	-0.416547	0.223908	-1.77677	-1.41157	1.06002	-0.195118	-0.692713	-2.04752	-2.16314	0.995557	0.21339	2.37913	1.99177	-1.33255	2.53998
91	2.53998	0.120452	-0.416547	0.223908	-1.77677	-1.41157	1.06002	-0.195118	-0.692713	-2.04752	-2.16314	0.995557	0.21339	2.37913	1.99177	1.29694
92	1.29694	2.53998	0.120452	-0.416547	0.223908	-1.77677	-1.41157	1.06002	-0.195118	-0.692713	-2.04752	-2.16314	0.995557	0.21339	2.37913	1.23855
93	1.23855	1.29694	2.53998	0.120452	-0.416547	0.223908	-1.77677	-1.41157	1.06002	-0.195118	-0.692713	-2.04752	-2.16314	0.995557	0.21339	-1.25564
94	-1.25564	1.23855	1.29694	2.53998	0.120452	-0.416547	0.223908	-1.77677	-1.41157	1.06002	-0.195118	-0.692713	-2.04752	-2.16314	0.995557	-0.489252
95	-0.489252	-1.25564	1.23855	1.29694	2.53998	0.120452	-0.416547	0.223908	-1.77677	-1.41157	1.06002	-0.195118	-0.692713	-2.04752	-2.16314	-0.171799
96	-0.171799	-0.489252	-1.25564	1.23855	1.29694	2.53998	0.120452	-0.416547	0.223908	-1.77677	-1.41157	1.06002	-0.195118	-0.692713	-2.04752	-0.999913
97	-0.999913	-0.171799	-0.489252	-1.25564	1.23855	1.29694	2.53998	0.120452	-0.416547	0.223908	-1.77677	-1.41157	1.06002	-0.195118	-0.692713	1.26069
98	1.26069	-0.999913	-0.171799	-0.489252	-1.25564	1.23855	1.29694	2.53998	0.120452	-0.416547	0.223908	-1.77677	-1.41157	1.06002	-0.195118	-1.71136
99	-1.71136	1.26069	-0.999913	-0.171799	-0.489252	-1.25564	1.23855	1.29694	2.53998	0.120452	-0.416547	0.223908	-1.77677	-1.41157	1.06002	-0.73372
100	-0.73372	-1.71136	1.26069	-0.999913	-0.171799	-0.489252	-1.25564	1.23855	1.29694	2.53998	0.120452	-0.416547	0.223908	-1.77677	-1.41157	-0.802526
101	-0.802526	-0.73372	-1.71136	1.26069	-0.999913	-0.171799	-0.489252	-1.25564	1.23855	1.29694	2.53998	0.120452	-0.416547	0.223908	-1.77677	-1.08915
102	-1.08915	-0.802526	-0.73372	-1.71136	1.26069	-0.999913	-0.171799	-0.489252	-1.25564	1.23855	1.29694	2.53998	0.120452	-0.416547	0.223908	1.94233
103	1.94233	-1.08915	-0.802526	-0.73372	-1.71136	1.26069	-0.999913	-0.171799	-0.489252	-1.25564	1.23855	1.29694	2.53998	0.120452	-0.416547	0.772925
104	0.772925	1.94233	-1.08915	-0.802526	-0.73372	-1.71136	1.26069	-0.999913	-0.171799	-0.489252	-1.25564	1.23855	1.29694	2.53998	0.120452	1.80796
105	1.80796	0.772925	1.94233	-1.08915	-0.802526	-0.73372	-1.71136	1.26069	-0.999913	-0.171799	-0.489252	-1.25564	1.23855	1.29694	2.53998	2.60786
106	2.60786	1.80796	0.772925	1.94233	-1.08915	-0.802526	-0.73372	-1.71136	1.26069	-0.999913	-0.171799	-0.489252	-1.25564	1.23855	1.29694	-0.218942
107	-0.218942	2.60786	1.80796	0.772925	1.94233	-1.08915	-0.802526	-0.73372	-1.71136	1.26069	-0.999913	-0.171799	-0.489252	-1.25564	1.23855	-0.444635
108	-0.444635	-0.218942	2.60786	1.80796	0.772925	1.94233	-1.08915	-0.802526	-0.73372	-1.71136	1.26069	-0.999913	-0.171799	-0.489252	-1.25564	-1.50373
109	-1.50373	-0.444635	-0.218942	2.60786	1.80796	0.772925	1.94233	-1.08915	-0.802526	-0.73372	-1.71136	1.26069	-0.999913	-0.171799	-0.489252	-1.84641
110	-1.84641	-1.50373	-0.444635	-0.218942	2.60786	1.80796	0.772925	1.94233	-1.08915	-0.802526	-0.73372	-1.71136	1.26069	-0.999913	-0.171799	0.120377
111	0.120377	-1.84641	-1.50373	-0.444635	-0.218942	2.60786	1.80796	0.772925	1.94233	-1.08915	-0.802526	-0.73372	-1.71136	1.26069	-0.999913	-0.321961
112	-0.321961	0.120377	-1.84641	-1.50373	-0.444635	-0.218942	2.60786	1.80796	0.772925	1.94233	-1.08915	-0.802526	-0.73372	-1.71136	1.26069	1.99806
113	1.99806	-0.321961	0.120377	-1.84641	-1.50373	-0.444635	-0.218942	2.60786	1.80796	0.772925	1.94233	-1.08915	-0.802526	-0.73372	-1.71136	0.239318
114	0.239318	1.99806	-0.321961	0.120377	-1.84641	-1.50373	-0.444635	-0.218942	2.60786	1.80796	0.772925	1.94233	-1.08915	-0.802526	-0.73372	0.00616415
115	0.00616415	0.239318	1.99806	-0.321961	0.120377	-1.84641	-1.50373	-0.444635	-0.218942	2.60786	1.80796	0.772925	1.94233	-1.08915	-0.802526	-0.61938
116	-0.61938	0.00616415	0.239318	1.99806	-0.321961	0.120377	-1.84641	-1.50373	-0.444635	-0.218942	2.60786	1.80796	0.772925	1.94233	-1.08915	-3.27116
117	-3.27116	-0.61938	0.00616415	0.239318	1.99806	-0.321961	0.120377	-1.84641	-1.50373	-0.444635	-0.218942	2.60786	1.80796	0.772925	1.94233	-1.63593
118	-1.63593	-3.27116	-0.61938	0.00616415	0.239318	1.99806	-0.321961	0.120377	-1.84641	-1.50373	-0.444635	-0.218942	2.60786	1.80796	0.772925	0.572877
119	0.572877	-1.63593	-3.27116	-0.61938	0.00616415	0.239318	1.99806	-0.321961	0.120377	-1.84641	-1.50373	-0.444635	-0.218942	2.60786	1.80796	1.26842
120	1.26842	0.572877	-1.63593	-3.27116	-0.61938	0.00616415	0.239318	1.99806	-0.321961	0.120377	-1.84641	-1.50373	-0.444635	-0.218942	2.60786	0.878794
121	0.878794	1.26842	0.572877	-1.63593	-3.27116	-0.61938	0.00616415	0.239318	1.99806	-0.321961	0.120377	-1.84641	-1.50373	-0.444635	-0.218942	0.624034
122	0.624034	0.878794	1.26842	0.572877	-1.63593	-3.27116	-0.61938	0.00616415	0.239318	1.99806	-0.321961	0.120377	-1.84641	-1.50373	-0.444635	-1.03272
123	-1.03272	0.624034	0.878794	1.26842	0.572877	-1.63593	-3.27116	-0.61938	0.00616415	0.239318	1.99806	-0.321961	0.120377	-1.84641	-1.50373	0.910923
124	0.910923	-1.03272	0.624034	0.878794	1.26842	0.572877	-1.63593	-3.27116	-0.61938	0.00616415	0.239318	1.99806	-0.321961	0.120377	-1.84641	0.173208
125	0.173208	0.910923	-1.03272	0.624034	0.878794	1.26842	0.572877	-1.63593	-3.27116	-0.61938	0.00616415	0.239318	1.99806	-0.321961	0.120377	-1.03647
126	-1.03647	0.173208	0.910923	-1.03272	0.624034	0.878794	1.26842	0.572877	-1.63593	-3.27116	-0.61938	0.00616415	0.239318	1.99806	-0.321961	-0.435422
127	-0.435422	-1.03647	0.173208	0.910923	-1.03272	0.624034	0.878794	1.26842	0.572877	-1.63593	-3.27116	-0.61938	0.00616415	0.239318	1.99806	-1.62387
128	-1.62387	-0.435422	-1.03647	0.173208	0.910923	-1.03272	0.624034	0.878794	1.26842	0.572877	-1.63593	-3.27116	-0.61938	0.00616415	0.239318	-0.107862
129	-0.107862	-1.62387	-0.435422	-1.03647	0.173208	0.910923	-1.03272	0.624034	0.878794	1.26842	0.572877	-1.63593	-3.27116	-0.61938	0.00616415	-0.127031
130	-0.127031	-0.107862	-1.62387	-0.435422	-1.03647	0.173208	0.910923	-1.03272	0.624034	0.878794	1.26842	0.572877	-1.63593	-3.27116	-0.61938	-0.622944
131	-0.622944	-0.127031	-0.107862	-1.62387	-0.435422	-1.03647	0.173208	0.910923	-1.03272	0.624034	0.878794	1.26842	0.572877	-1.63593	-3.27116	1.4184
132	1.4184	-0.622944	-0.127031	-0.107862	-1.62387	-0.435422	-1.03647	0.173208	0.910923	-1.03272	0.624034	0.878794	1.26842	0.572877	-1.63593	-1.97523
133	-1.97523	1.4184	-0.622944	-0.127031	-0.107862	-1.62387	-0.435422	-1.03647	0.173208	0.910923	-1.03272	0.624034	0.878794	1.26842	0.572877	-1.21885
134	-1.21885	-1.97523	1.4184	-0.622944	-0.127031	-0.107862	-1.62387	-0.435422	-1.03647	0.173208	0.910923	-1.03272	0.624034	0.878794	1.26842	0.427937
135	0.427937	-1.21885	-1.97523	1.4184	-0.622944	-0.127031	-0.107862	-1.62387	-0.435422	-1.03647	0.173208	0.910923	-1.03272	0.624034	0.878794	-0.905564
136	-0.905564	0.427937	-1.21885	-1.97523	1.4184	-0.622944	-0.127031	-0.107862	-1.62387	-0.435422	-1.03647	0.173208	0.910923	-1.03272	0.624034	1.48482
137	1.48482	-0.905564	0.427937	-1.21885	-1.97523	1.4184	-0.622944	-0.127031	-0.107862	-1.62387	-0.435422	-1.03647	0.173208	0.910923	-1.03272	2.38956
138	2.38956	1.48482	-0.905564	0.427937	-1.21885	-1.97523	1.4184	-0.622944	-0.127031	-0.107862	-1.62387	-0.435422	-1.03647	0.173208	0.910923	-0.649208
139	-0.649208	2.38956	1.48482	-0.905564	0.427937	-1.21885	-1.97523	1.4184	-0.622944	-0.127031	-0.107862	-1.62387	-0.435422	-1.03647	0.173208	-0.456416
140	-0.456416	-0.649208	2.38956	1.48482	-0.905564	0.427937	-1.21885	-1.97523	1.4184	-0.622944	-0.127031	-0.107862	-1.62387	-0.435422	-1.03647	-0.892679
141	-0.892679	-0.456416	-0.649208	2.38956	1.48482	-0.905564	0.427937	-1.21885	-1.97523	1.4184	-0.622944	-0.127031	-0.107862	-1.62387	-0.435422	-0.221982
142	-0.221982	-0.892679	-0.456416	-0.649208	2.38956	1.48482	-0.905564	0.427937	-1.21885	-1.97523	1.4184	-0.622944	-0.127031	-0.107862	-1.62387	1.41672
143	1.41672	-0.221982	-0.892679	-0.456416	-0.649208	2.38956	1.48482	-0.905564	0.427937	-1.21885	-1.97523	1.4184	-0.622944	-0.127031	-0.107862	0.210108
144	0.210108	1.41672	-0.221982	-0.892679	-0.456416	-0.649208	2.38956	1.48482	-0.905564	0.427937	-1.21885	-1.97523	1.4184	-0.622944	-0.127031	-0.310221
145	-0.310221	0.210108	1.41672	-0.221982	-0.892679	-0.456416	-0.649208	2.38956	1.48482	-0.905564	0.427937	-1.21885	-1.97523	1.4184	-0.622944	-0.487914
146	-0.487914	-0.310221	0.210108	1.41672	-0.221982	-0.892679	-0.456416	-0.649208	2.38956	1.48482	-0.905564	0.427937	-1.21885	-1.97523	1.4184	-1.24639
147	-1.24639	-0.487914	-0.310221	0.210108	1.41672	-0.221982	-0.892679	-0.456416	-0.649208	2.38956	1.48482	-0.905564	0.427937	-1.21885	-1.97523	0.274671
148	0.274671	-1.24639	-0.487914	-0.310221	0.210108	1.41672	-0.221982	-0.892679	-0.456416	-0.649208	2.38956	1.48482	-0.905564	0.427937	-1.21885	2.01672
149	2.01672	0.274671	-1.24639	-0.487914	-0.310221	0.210108	1.41672	-0.221982	-0.892679	-0.456416	-0.649208	2.38956	1.48482	-0.905564	0.427937	1.05843
150	1.05843	2.01672	0.274671	-1.24639	-0.487914	-0.310221	0.210108	1.41672	-0.221982	-0.892679	-0.456416	-0.649208	2.38956	1.48482	-0.905564	-0.0480802
151	-0.0480802	1.05843	2.01672	0.274671	-1.24639	-0.487914	-0.310221	0.210108	1.41672	-0.221982	-0.892679	-0.456416	-0.649208	2.38956	1.48482	-1.75727
152	-1.75727	-0.0480802	1.05843	2.01672	0.274671	-1.24639	-0.487914	-0.310221	0.210108	1.41672	-0.221982	-0.892679	-0.456416	-0.649208	2.38956	-0.799776
153	-0.799776	-1.75727	-0.0480802	1.05843	2.01672	0.274671	-1.24639	-0.487914	-0.310221	0.210108	1.41672	-0.221982	-0.892679	-0.456416	-0.649208	-0.013797
154	-0.013797	-0.799776	-1.75727	-0.0480802	1.05843	2.01672	0.274671	-1.24639	-0.487914	-0.310221	0.210108	1.41672	-0.221982	-0.892679	-0.456416	1.67161
155	1.67161	-0.013797	-0.799776	-1.75727	-0.0480802	1.05843	2.01672	0.274671	-1.24639	-0.487914	-0.310221	0.210108	1.41672	-0.221982	-0.892679	5.54794
156	5.54794	1.67161	-0.013797	-0.799776	-1.75727	-0.0480802	1.05843	2.01672	0.274671	-1.24639	-0.487914	-0.310221	0.210108	1.41672	-0.221982	1.14528
157	1.14528	5.54794	1.67161	-0.013797	-0.799776	-1.75727	-0.0480802	1.05843	2.01672	0.274671	-1.24639	-0.487914	-0.310221	0.210108	1.41672	-0.739343
158	-0.739343	1.14528	5.54794	1.67161	-0.013797	-0.799776	-1.75727	-0.0480802	1.05843	2.01672	0.274671	-1.24639	-0.487914	-0.310221	0.210108	-0.859366
159	-0.859366	-0.739343	1.14528	5.54794	1.67161	-0.013797	-0.799776	-1.75727	-0.0480802	1.05843	2.01672	0.274671	-1.24639	-0.487914	-0.310221	-3.93625
160	-3.93625	-0.859366	-0.739343	1.14528	5.54794	1.67161	-0.013797	-0.799776	-1.75727	-0.0480802	1.05843	2.01672	0.274671	-1.24639	-0.487914	-1.93095
161	-1.93095	-3.93625	-0.859366	-0.739343	1.14528	5.54794	1.67161	-0.013797	-0.799776	-1.75727	-0.0480802	1.05843	2.01672	0.274671	-1.24639	-1.07519
162	-1.07519	-1.93095	-3.93625	-0.859366	-0.739343	1.14528	5.54794	1.67161	-0.013797	-0.799776	-1.75727	-0.0480802	1.05843	2.01672	0.274671	0.753259
163	0.753259	-1.07519	-1.93095	-3.93625	-0.859366	-0.739343	1.14528	5.54794	1.67161	-0.013797	-0.799776	-1.75727	-0.0480802	1.05843	2.01672	1.23973
164	1.23973	0.753259	-1.07519	-1.93095	-3.93625	-0.859366	-0.739343	1.14528	5.54794	1.67161	-0.013797	-0.799776	-1.75727	-0.0480802	1.05843	-2.83957
165	-2.83957	1.23973	0.753259	-1.07519	-1.93095	-3.93625	-0.859366	-0.739343	1.14528	5.54794	1.67161	-0.013797	-0.799776	-1.75727	-0.0480802	-1.13735
166	-1.13735	-2.83957	1.23973	0.753259	-1.07519	-1.93095	-3.93625	-0.859366	-0.739343	1.14528	5.54794	1.67161	-0.013797	-0.799776	-1.75727	-0.100418
167	-0.100418	-1.13735	-2.83957	1.23973	0.753259	-1.07519	-1.93095	-3.93625	-0.859366	-0.739343	1.14528	5.54794	1.67161	-0.013797	-0.799776	1.1361
168	1.1361	-0.100418	-1.13735	-2.83957	1.23973	0.753259	-1.07519	-1.93095	-3.93625	-0.859366	-0.739343	1.14528	5.54794	1.67161	-0.013797	4.41801
169	4.41801	1.1361	-0.100418	-1.13735	-2.83957	1.23973	0.753259	-1.07519	-1.93095	-3.93625	-0.859366	-0.739343	1.14528	5.54794	1.67161	3.95934
170	3.95934	4.41801	1.1361	-0.100418	-1.13735	-2.83957	1.23973	0.753259	-1.07519	-1.93095	-3.93625	-0.859366	-0.739343	1.14528	5.54794	0.636721
171	0.636721	3.95934	4.41801	1.1361	-0.100418	-1.13735	-2.83957	1.23973	0.753259	-1.07519	-1.93095	-3.93625	-0.859366	-0.739343	1.14528	-0.262013
172	-0.262013	0.636721	3.95934	4.41801	1.1361	-0.100418	-1.13735	-2.83957	1.23973	0.753259	-1.07519	-1.93095	-3.93625	-0.859366	-0.739343	-5.13257
173	-5.13257	-0.262013	0.636721	3.95934	4.41801	1.1361	-0.100418	-1.13735	-2.83957	1.23973	0.753259	-1.07519	-1.93095	-3.93625	-0.859366	-4.14385
174	-4.14385	-5.13257	-0.262013	0.636721	3.95934	4.41801	1.1361	-0.100418	-1.13735	-2.83957	1.23973	0.753259	-1.07519	-1.93095	-3.93625	-0.709264
175	-0.709264	-4.14385	-5.13257	-0.262013	0.636721	3.95934	4.41801	1.1361	-0.100418	-1.13735	-2.83957	1.23973	0.753259	-1.07519	-1.93095	-1.10073
176	-1.10073	-0.709264	-4.14385	-5.13257	-0.262013	0.636721	3.95934	4.41801	1.1361	-0.100418	-1.13735	-2.83957	1.23973	0.753259	-1.07519	1.28946
177	1.28946	-1.10073	-0.709264	-4.14385	-5.13257	-0.262013	0.636721	3.95934	4.41801	1.1361	-0.100418	-1.13735	-2.83957	1.23973	0.753259	0.815313
178	0.815313	1.28946	-1.10073	-0.709264	-4.14385	-5.13257	-0.262013	0.636721	3.95934	4.41801	1.1361	-0.100418	-1.13735	-2.83957	1.23973	-2.06473
179	-2.06473	0.815313	1.28946	-1.10073	-0.709264	-4.14385	-5.13257	-0.262013	0.636721	3.95934	4.41801	1.1361	-0.100418	-1.13735	-2.83957	-0.387615
180	-0.387615	-2.06473	0.815313	1.28946	-1.10073	-0.709264	-4.14385	-5.13257	-0.262013	0.636721	3.95934	4.41801	1.1361	-0.100418	-1.13735	-1.30989
181	-1.30989	-0.387615	-2.06473	0.815313	1.28946	-1.10073	-0.709264	-4.14385	-5.13257	-0.262013	0.636721	3.95934	4.41801	1.1361	-0.100418	1.09598
182	1.09598	-1.30989	-0.387615	-2.06473	0.815313	1.28946	-1.10073	-0.709264	-4.14385	-5.13257	-0.262013	0.636721	3.95934	4.41801	1.1361	3.09555
183	3.09555	1.09598	-1.30989	-0.387615	-2.06473	0.815313	1.28946	-1.10073	-0.709264	-4.14385	-5.13257	-0.262013	0.636721	3.95934	4.41801	0.891711
184	0.891711	3.09555	1.09598	-1.30989	-0.387615	-2.06473	0.815313	1.28946	-1.10073	-0.709264	-4.14385	-5.13257	-0.262013	0.636721	3.95934	2.37384
185	2.37384	0.891711	3.09555	1.09598	-1.30989	-0.387615	-2.06473	0.815313	1.28946	-1.10073	-0.709264	-4.14385	-5.13257	-0.262013	0.636721	-2.385
186	-2.385	2.37384	0.891711	3.09555	1.09598	-1.30989	-0.387615	-2.06473	0.815313	1.28946	-1.10073	-0.709264	-4.14385	-5.13257	-0.262013	-3.02811
187	-3.02811	-2.385	2.37384	0.891711	3.09555	1.09598	-1.30989	-0.387615	-2.06473	0.815313	1.28946	-1.10073	-0.709264	-4.14385	-5.13257	0.871588
188	0.871588	-3.02811	-2.385	2.37384	0.891711	3.09555	1.09598	-1.30989	-0.387615	-2.06473	0.815313	1.28946	-1.10073	-0.709264	-4.14385	-1.2676
189	-1.2676	0.871588	-3.02811	-2.385	2.37384	0.891711	3.09555	1.09598	-1.30989	-0.387615	-2.06473	0.815313	1.28946	-1.10073	-0.709264	-0.0130263
190	-0.0130263	-1.2676	0.871588	-3.02811	-2.385	2.37384	0.891711	3.09555	1.09598	-1.30989	-0.387615	-2.06473	0.815313	1.28946	-1.10073	2.01869
191	2.01869	-0.0130263	-1.2676	0.871588	-3.02811	-2.385	2.37384	0.891711	3.09555	1.09598	-1.30989	-0.387615	-2.06473	0.815313	1.28946	-2.3161
192	-2.3161	2.01869	-0.0130263	-1.2676	0.871588	-3.02811	-2.385	2.37384	0.891711	3.09555	1.09598	-1.30989	-0.387615	-2.06473	0.815313	1.30294
193	1.30294	-2.3161	2.01869	-0.0130263	-1.2676	0.871588	-3.02811	-2.385	2.37384	0.891711	3.09555	1.09598	-1.30989	-0.387615	-2.06473	-0.719076
194	-0.719076	1.30294	-2.3161	2.01869	-0.0130263	-1.2676	0.871588	-3.02811	-2.385	2.37384	0.891711	3.09555	1.09598	-1.30989	-0.387615	0.153582
195	0.153582	-0.719076	1.30294	-2.3161	2.01869	-0.0130263	-1.2676	0.871588	-3.02811	-2.385	2.37384	0.891711	3.09555	1.09598	-1.30989	3.77637
196	3.77637	0.153582	-0.719076	1.30294	-2.3161	2.01869	-0.0130263	-1.2676	0.871588	-3.02811	-2.385	2.37384	0.891711	3.09555	1.09598	-0.939504
197	-0.939504	3.77637	0.153582	-0.719076	1.30294	-2.3161	2.01869	-0.0130263	-1.2676	0.871588	-3.02811	-2.385	2.37384	0.891711	3.09555	1.1478
198	1.1478	-0.939504	3.77637	0.153582	-0.719076	1.30294	-2.3161	2.01869	-0.0130263	-1.2676	0.871588	-3.02811	-2.385	2.37384	0.891711	1.86828
199	1.86828	1.1478	-0.939504	3.77637	0.153582	-0.719076	1.30294	-2.3161	2.01869	-0.0130263	-1.2676	0.871588	-3.02811	-2.385	2.37384	-3.04604
200	-3.04604	1.86828	1.1478	-0.939504	3.77637	0.153582	-0.719076	1.30294	-2.3161	2.01869	-0.0130263	-1.2676	0.871588	-3.02811	-2.385	0.220049
201	0.220049	-3.04604	1.86828	1.1478	-0.939504	3.77637	0.153582	-0.719076	1.30294	-2.3161	2.01869	-0.0130263	-1.2676	0.871588	-3.02811	-1.07249
202	-1.07249	0.220049	-3.04604	1.86828	1.1478	-0.939504	3.77637	0.153582	-0.719076	1.30294	-2.3161	2.01869	-0.0130263	-1.2676	0.871588	-1.06903
203	-1.06903	-1.07249	0.220049	-3.04604	1.86828	1.1478	-0.939504	3.77637	0.153582	-0.719076	1.30294	-2.3161	2.01869	-0.0130263	-1.2676	1.83161
204	1.83161	-1.06903	-1.07249	0.220049	-3.04604	1.86828	1.1478	-0.939504	3.77637	0.153582	-0.719076	1.30294	-2.3161	2.01869	-0.0130263	-1.69274
205	-1.69274	1.83161	-1.06903	-1.07249	0.220049	-3.04604	1.86828	1.1478	-0.939504	3.77637	0.153582	-0.719076	1.30294	-2.3161	2.01869	1.87764
206	1.87764	-1.69274	1.83161	-1.06903	-1.07249	0.220049	-3.04604	1.86828	1.1478	-0.939504	3.77637	0.153582	-0.719076	1.30294	-2.3161	-0.409883
207	-0.409883	1.87764	-1.69274	1.83161	-1.06903	-1.07249	0.220049	-3.04604	1.86828	1.1478	-0.939504	3.77637	0.153582	-0.719076	1.30294	-3.23206
208	-3.23206	-0.409883	1.87764	-1.69274	1.83161	-1.06903	-1.07249	0.220049	-3.04604	1.86828	1.1478	-0.939504	3.77637	0.153582	-0.719076	2.70746
209	2.70746	-3.23206	-0.409883	1.87764	-1.69274	1.83161	-1.06903	-1.07249	0.220049	-3.04604	1.86828	1.1478	-0.939504	3.77637	0.153582	0.426739
210	0.426739	2.70746	-3.23206	-0.409883	1.87764	-1.69274	1.83161	-1.06903	-1.07249	0.220049	-3.04604	1.86828	1.1478	-0.939504	3.77637	2.2834
211	2.2834	0.426739	2.70746	-3.23206	-0.409883	1.87764	-1.69274	1.83161	-1.06903	-1.07249	0.220049	-3.04604	1.86828	1.1478	-0.939504	2.59945
212	2.59945	2.2834	0.426739	2.70746	-3.23206	-0.409883	1.87764	-1.69274	1.83161	-1.06903	-1.07249	0.220049	-3.04604	1.86828	1.1478	-3.0599
213	-3.0599	2.59945	2.2834	0.426739	2.70746	-3.23206	-0.409883	1.87764	-1.69274	1.83161	-1.06903	-1.07249	0.220049	-3.04604	1.86828	1.11223
214	1.11223	-3.0599	2.59945	2.2834	0.426739	2.70746	-3.23206	-0.409883	1.87764	-1.69274	1.83161	-1.06903	-1.07249	0.220049	-3.04604	-2.94766
215	-2.94766	1.11223	-3.0599	2.59945	2.2834	0.426739	2.70746	-3.23206	-0.409883	1.87764	-1.69274	1.83161	-1.06903	-1.07249	0.220049	-1.011
216	-1.011	-2.94766	1.11223	-3.0599	2.59945	2.2834	0.426739	2.70746	-3.23206	-0.409883	1.87764	-1.69274	1.83161	-1.06903	-1.07249	2.92326
217	2.92326	-1.011	-2.94766	1.11223	-3.0599	2.59945	2.2834	0.426739	2.70746	-3.23206	-0.409883	1.87764	-1.69274	1.83161	-1.06903	-1.34622
218	-1.34622	2.92326	-1.011	-2.94766	1.11223	-3.0599	2.59945	2.2834	0.426739	2.70746	-3.23206	-0.409883	1.87764	-1.69274	1.83161	-0.111065
219	-0.111065	-1.34622	2.92326	-1.011	-2.94766	1.11223	-3.0599	2.59945	2.2834	0.426739	2.70746	-3.23206	-0.409883	1.87764	-1.69274	1.10778
220	1.10778	-0.111065	-1.34622	2.92326	-1.011	-2.94766	1.11223	-3.0599	2.59945	2.2834	0.426739	2.70746	-3.23206	-0.409883	1.87764	-2.49034
221	-2.49034	1.10778	-0.111065	-1.34622	2.92326	-1.011	-2.94766	1.11223	-3.0599	2.59945	2.2834	0.426739	2.70746	-3.23206	-0.409883	0.472445
222	0.472445	-2.49034	1.10778	-0.111065	-1.34622	2.92326	-1.011	-2.94766	1.11223	-3.0599	2.59945	2.2834	0.426739	2.70746	-3.23206	-0.237152
223	-0.237152	0.472445	-2.49034	1.10778	-0.111065	-1.34622	2.92326	-1.011	-2.94766	1.11223	-3.0599	2.59945	2.2834	0.426739	2.70746	1.0167
224	1.0167	-0.237152	0.472445	-2.49034	1.10778	-0.111065	-1.34622	2.92326	-1.011	-2.94766	1.11223	-3.0599	2.59945	2.2834	0.426739	3.29839
225	3.29839	1.0167	-0.237152	0.472445	-2.49034	1.10778	-0.111065	-1.34622	2.92326	-1.011	-2.94766	1.11223	-3.0599	2.59945	2.2834	-0.710291
226	-0.710291	3.29839	1.0167	-0.237152	0.472445	-2.49034	1.10778	-0.111065	-1.34622	2.92326	-1.011	-2.94766	1.11223	-3.0599	2.59945	1.62509
227	1.62509	-0.710291	3.29839	1.0167	-0.237152	0.472445	-2.49034	1.10778	-0.111065	-1.34622	2.92326	-1.011	-2.94766	1.11223	-3.0599	0.333897
228	0.333897	1.62509	-0.710291	3.29839	1.0167	-0.237152	0.472445	-2.49034	1.10778	-0.111065	-1.34622	2.92326	-1.011	-2.94766	1.11223	-2.4238
229	-2.4238	0.333897	1.62509	-0.710291	3.29839	1.0167	-0.237152	0.472445	-2.49034	1.10778	-0.111065	-1.34622	2.92326	-1.011	-2.94766	0.758333
230	0.758333	-2.4238	0.333897	1.62509	-0.710291	3.29839	1.0167	-0.237152	0.472445	-2.49034	1.10778	-0.111065	-1.34622	2.92326	-1.011	-0.0766165
231	-0.0766165	0.758333	-2.4238	0.333897	1.62509	-0.710291	3.29839	1.0167	-0.237152	0.472445	-2.49034	1.10778	-0.111065	-1.34622	2.92326	1.36492
232	1.36492	-0.0766165	0.758333	-2.4238	0.333897	1.62509	-0.710291	3.29839	1.0167	-0.237152	0.472445	-2.49034	1.10778	-0.111065	-1.34622	1.08212
233	1.08212	1.36492	-0.0766165	0.758333	-2.4238	0.333897	1.62509	-0.710291	3.29839	1.0167	-0.237152	0.472445	-2.49034	1.10778	-0.111065	0.520933
234	0.520933	1.08212	1.36492	-0.0766165	0.758333	-2.4238	0.333897	1.62509	-0.710291	3.29839	1.0167	-0.237152	0.472445	-2.49034	1.10778	0.158548
235	0.158548	0.520933	1.08212	1.36492	-0.0766165	0.758333	-2.4238	0.333897	1.62509	-0.710291	3.29839	1.0167	-0.237152	0.472445	-2.49034	-2.82113
236	-2.82113	0.158548	0.520933	1.08212	1.36492	-0.0766165	0.758333	-2.4238	0.333897	1.62509	-0.710291	3.29839	1.0167	-0.237152	0.472445	-1.95271
237	-1.95271	-2.82113	0.158548	0.520933	1.08212	1.36492	-0.0766165	0.758333	-2.4238	0.333897	1.62509	-0.710291	3.29839	1.0167	-0.237152	2.27674
238	2.27674	-1.95271	-2.82113	0.158548	0.520933	1.08212	1.36492	-0.0766165	0.758333	-2.4238	0.333897	1.62509	-0.710291	3.29839	1.0167	0.878234
239	0.878234	2.27674	-1.95271	-2.82113	0.158548	0.520933	1.08212	1.36492	-0.0766165	0.758333	-2.4238	0.333897	1.62509	-0.710291	3.29839	3.33896
240	3.33896	0.878234	2.27674	-1.95271	-2.82113	0.158548	0.520933	1.08212	1.36492	-0.0766165	0.758333	-2.4238	0.333897	1.62509	-0.710291	0.160376
241	0.160376	3.33896	0.878234	2.27674	-1.95271	-2.82113	0.158548	0.520933	1.08212	1.36492	-0.0766165	0.758333	-2.4238	0.333897	1.62509	-1.04815
242	-1.04815	0.160376	3.33896	0.878234	2.27674	-1.95271	-2.82113	0.158548	0.520933	1.08212	1.36492	-0.0766165	0.758333	-2.4238	0.333897	-1.14329
243	-1.14329	-1.04815	0.160376	3.33896	0.878234	2.27674	-1.95271	-2.82113	0.158548	0.520933	1.08212	1.36492	-0.0766165	0.758333	-2.4238	-0.998269
244	-0.998269	-1.14329	-1.04815	0.160376	3.33896	0.878234	2.27674	-1.95271	-2.82113	0.158548	0.520933	1.08212	1.36492	-0.0766165	0.758333	1.20594
245	1.20594	-0.998269	-1.14329	-1.04815	0.160376	3.33896	0.878234	2.27674	-1.95271	-2.82113	0.158548	0.520933	1.08212	1.36492	-0.0766165	1.80172
246	1.80172	1.20594	-0.998269	-1.14329	-1.04815	0.160376	3.33896	0.878234	2.27674	-1.95271	-2.82113	0.158548	0.520933	1.08212	1.36492	-1.52648
247	-1.52648	1.80172	1.20594	-0.998269	-1.14329	-1.04815	0.160376	3.33896	0.878234	2.27674	-1.95271	-2.82113	0.158548	0.520933	1.08212	0.402625
248	0.402625	-1.52648	1.80172	1.20594	-0.998269	-1.14329	-1.04815	0.160376	3.33896	0.878234	2.27674	-1.95271	-2.82113	0.158548	0.520933	-3.21438
249	-3.21438	0.402625	-1.52648	1.80172	1.20594	-0.998269	-1.14329	-1.04815	0.160376	3.33896	0.878234	2.27674	-1.95271	-2.82113	0.158548	-1.69973
250	-1.69973	-3.21438	0.402625	-1.52648	1.80172	1.20594	-0.998269	-1.14329	-1.04815	0.160376	3.33896	0.878234	2.27674	-1.95271	-2.82113	1.46786
251	1.46786	-1.69973	-3.21438	0.402625	-1.52648	1.80172	1.20594	-0.998269	-1.14329	-1.04815	0.160376	3.33896	0.878234	2.27674	-1.95271	2.14766
252	2.14766	1.46786	-1.69973	-3.21438	0.402625	-1.52648	1.80172	1.20594	-0.998269	-1.14329	-1.04815	0.160376	3.33896	0.878234	2.27674	2.41193
253	2.41193	2.14766	1.46786	-1.69973	-3.21438	0.402625	-1.52648	1.80172	1.20594	-0.998269	-1.14329	-1.04815	0.160376	3.33896	0.878234	2.06363
254	2.06363	2.41193	2.14766	1.46786	-1.69973	-3.21438	0.402625	-1.52648	1.80172	1.20594	-0.998269	-1.14329	-1.04815	0.160376	3.33896	-2.14484
255	-2.14484	2.06363	2.41193	2.14766	1.46786	-1.69973	-3.21438	0.402625	-1.52648	1.80172	1.20594	-0.998269	-1.14329	-1.04815	0.160376	-2.2368
256	-2.2368	-2.14484	2.06363	2.41193	2.14766	1.46786	-1.69973	-3.21438	0.402625	-1.52648	1.80172	1.20594	-0.998269	-1.14329	-1.04815	-1.42639
257	-1.42639	-2.2368	-2.14484	2.06363	2.41193	2.14766	1.46786	-1.69973	-3.21438	0.402625	-1.52648	1.80172	1.20594	-0.998269	-1.14329	1.00482
258	1.00482	-1.42639	-2.2368	-2.14484	2.06363	2.41193	2.14766	1.46786	-1.69973	-3.21438	0.402625	-1.52648	1.80172	1.20594	-0.998269	3.13396
259	3.13396	1.00482	-1.42639	-2.2368	-2.14484	2.06363	2.41193	2.14766	1.46786	-1.69973	-3.21438	0.402625	-1.52648	1.80172	1.20594	3.60427
260	3.60427	3.13396	1.00482	-1.42639	-2.2368	-2.14484	2.06363	2.41193	2.14766	1.46786	-1.69973	-3.21438	0.402625	-1.52648	1.80172	2.20397
261	2.20397	3.60427	3.13396	1.00482	-1.42639	-2.2368	-2.14484	2.06363	2.41193	2.14766	1.46786	-1.69973	-3.21438	0.402625	-1.52648	-1.58121
262	-1.58121	2.20397	3.60427	3.13396	1.00482	-1.42639	-2.2368	-2.14484	2.06363	2.41193	2.14766	1.46786	-1.69973	-3.21438	0.402625	-3.71626
263	-3.71626	-1.58121	2.20397	3.60427	3.13396	1.00482	-1.42639	-2.2368	-2.14484	2.06363	2.41193	2.14766	1.46786	-1.69973	-3.21438	-2.72655
264	-2.72655	-3.71626	-1.58121	2.20397	3.60427	3.13396	1.00482	-1.42639	-2.2368	-2.14484	2.06363	2.41193	2.14766	1.46786	-1.69973	-1.46006
265	-1.46006	-2.72655	-3.71626	-1.58121	2.20397	3.60427	3.13396	1.00482	-1.42639	-2.2368	-2.14484	2.06363	2.41193	2.14766	1.46786	0.709351
266	0.709351	-1.46006	-2.72655	-3.71626	-1.58121	2.20397	3.60427	3.13396	1.00482	-1.42639	-2.2368	-2.14484	2.06363	2.41193	2.14766	2.97608
267	2.97608	0.709351	-1.46006	-2.72655	-3.71626	-1.58121	2.20397	3.60427	3.13396	1.00482	-1.42639	-2.2368	-2.14484	2.06363	2.41193	0.0442287
268	0.0442287	2.97608	0.709351	-1.46006	-2.72655	-3.71626	-1.58121	2.20397	3.60427	3.13396	1.00482	-1.42639	-2.2368	-2.14484	2.06363	-0.367486
269	-0.367486	0.0442287	2.97608	0.709351	-1.46006	-2.72655	-3.71626	-1.58121	2.20397	3.60427	3.13396	1.00482	-1.42639	-2.2368	-2.14484	-1.67315
270	-1.67315	-0.367486	0.0442287	2.97608	0.709351	-1.46006	-2.72655	-3.71626	-1.58121	2.20397	3.60427	3.13396	1.00482	-1.42639	-2.2368	-1.02831
271	-1.02831	-1.67315	-0.367486	0.0442287	2.97608	0.709351	-1.46006	-2.72655	-3.71626	-1.58121	2.20397	3.60427	3.13396	1.00482	-1.42639	1.56152
272	1.56152	-1.02831	-1.67315	-0.367486	0.0442287	2.97608	0.709351	-1.46006	-2.72655	-3.71626	-1.58121	2.20397	3.60427	3.13396	1.00482	2.10566
273	2.10566	1.56152	-1.02831	-1.67315	-0.367486	0.0442287	2.97608	0.709351	-1.46006	-2.72655	-3.71626	-1.58121	2.20397	3.60427	3.13396	0.0541722
274	0.0541722	2.10566	1.56152	-1.02831	-1.67315	-0.367486	0.0442287	2.97608	0.709351	-1.46006	-2.72655	-3.71626	-1.58121	2.20397	3.60427	0.437179
275	0.437179	0.0541722	2.10566	1.56152	-1.02831	-1.67315	-0.367486	0.0442287	2.97608	0.709351	-1.46006	-2.72655	-3.71626	-1.58121	2.20397	-3.39014
276	-3.39014	0.437179	0.0541722	2.10566	1.56152	-1.02831	-1.67315	-0.367486	0.0442287	2.97608	0.709351	-1.46006	-2.72655	-3.71626	-1.58121	-1.85369
277	-1.85369	-3.39014	0.437179	0.0541722	2.10566	1.56152	-1.02831	-1.67315	-0.367486	0.0442287	2.97608	0.709351	-1.46006	-2.72655	-3.71626	-1.02654
278	-1.02654	-1.85369	-3.39014	0.437179	0.0541722	2.10566	1.56152	-1.02831	-1.67315	-0.367486	0.0442287	2.97608	0.709351	-1.46006	-2.72655	1.27862
279	1.27862	-1.02654	-1.85369	-3.39014	0.437179	0.0541722	2.10566	1.56152	-1.02831	-1.67315	-0.367486	0.0442287	2.97608	0.709351	-1.46006	3.69356
280	3.69356	1.27862	-1.02654	-1.85369	-3.39014	0.437179	0.0541722	2.10566	1.56152	-1.02831	-1.67315	-0.367486	0.0442287	2.97608	0.709351	-1.42933
281	-1.42933	3.69356	1.27862	-1.02654	-1.85369	-3.39014	0.437179	0.0541722	2.10566	1.56152	-1.02831	-1.67315	-0.367486	0.0442287	2.97608	-1.21824
282	-1.21824	-1.42933	3.69356	1.27862	-1.02654	-1.85369	-3.39014	0.437179	0.0541722	2.10566	1.56152	-1.02831	-1.67315	-0.367486	0.0442287	-1.12101
283	-1.12101	-1.21824	-1.42933	3.69356	1.27862	-1.02654	-1.85369	-3.39014	0.437179	0.0541722	2.10566	1.56152	-1.02831	-1.67315	-0.367486	-3.23578
284	-3.23578	-1.12101	-1.21824	-1.42933	3.69356	1.27862	-1.02654	-1.85369	-3.39014	0.437179	0.0541722	2.10566	1.56152	-1.02831	-1.67315	0.482556
285	0.482556	-3.23578	-1.12101	-1.21824	-1.42933	3.69356	1.27862	-1.02654	-1.85369	-3.39014	0.437179	0.0541722	2.10566	1.56152	-1.02831	2.80339
286	2.80339	0.482556	-3.23578	-1.12101	-1.21824	-1.42933	3.69356	1.27862	-1.02654	-1.85369	-3.39014	0.437179	0.0541722	2.10566	1.56152	2.79471
287	2.79471	2.80339	0.482556	-3.23578	-1.12101	-1.21824	-1.42933	3.69356	1.27862	-1.02654	-1.85369	-3.39014	0.437179	0.0541722	2.10566	2.22074
288	2.22074	2.79471	2.80339	0.482556	-3.23578	-1.12101	-1.21824	-1.42933	3.69356	1.27862	-1.02654	-1.85369	-3.39014	0.437179	0.0541722	-1.46443
289	-1.46443	2.22074	2.79471	2.80339	0.482556	-3.23578	-1.12101	-1.21824	-1.42933	3.69356	1.27862	-1.02654	-1.85369	-3.39014	0.437179	-0.869636
290	-0.869636	-1.46443	2.22074	2.79471	2.80339	0.482556	-3.23578	-1.12101	-1.21824	-1.42933	3.69356	1.27862	-1.02654	-1.85369	-3.39014	-2.24547
291	-2.24547	-0.869636	-1.46443	2.22074	2.79471	2.80339	0.482556	-3.23578	-1.12101	-1.21824	-1.42933	3.69356	1.27862	-1.02654	-1.85369	-1.89006
292	-1.89006	-2.24547	-0.869636	-1.46443	2.22074	2.79471	2.80339	0.482556	-3.23578	-1.12101	-1.21824	-1.42933	3.69356	1.27862	-1.02654	1.36724
293	1.36724	-1.89006	-2.24547	-0.869636	-1.46443	2.22074	2.79471	2.80339	0.482556	-3.23578	-1.12101	-1.21824	-1.42933	3.69356	1.27862	-0.467625
294	-0.467625	1.36724	-1.89006	-2.24547	-0.869636	-1.46443	2.22074	2.79471	2.80339	0.482556	-3.23578	-1.12101	-1.21824	-1.42933	3.69356	-0.329186
295	-0.329186	-0.467625	1.36724	-1.89006	-2.24547	-0.869636	-1.46443	2.22074	2.79471	2.80339	0.482556	-3.23578	-1.12101	-1.21824	-1.42933	-1.09689
296	-1.09689	-0.329186	-0.467625	1.36724	-1.89006	-2.24547	-0.869636	-1.46443	2.22074	2.79471	2.80339	0.482556	-3.23578	-1.12101	-1.21824	-2.51115
297	-2.51115	-1.09689	-0.329186	-0.467625	1.36724	-1.89006	-2.24547	-0.869636	-1.46443	2.22074	2.79471	2.80339	0.482556	-3.23578	-1.12101	-0.305381
298	-0.305381	-2.51115	-1.09689	-0.329186	-0.467625	1.36724	-1.89006	-2.24547	-0.869636	-1.46443	2.22074	2.79471	2.80339	0.482556	-3.23578	-0.917468
299	-0.917468	-0.305381	-2.51115	-1.09689	-0.329186	-0.467625	1.36724	-1.89006	-2.24547	-0.869636	-1.46443	2.22074	2.79471	2.80339	0.482556	0.964234
300	0.964234	-0.917468	-0.305381	-2.51115	-1.09689	-0.329186	-0.467625	1.36724	-1.89006	-2.24547	-0.869636	-1.46443	2.22074	2.79471	2.80339	1.6269
301	1.6269	0.964234	-0.917468	-0.305381	-2.51115	-1.09689	-0.329186	-0.467625	1.36724	-1.89006	-2.24547	-0.869636	-1.46443	2.22074	2.79471	-0.756731
302	-0.756731	1.6269	0.964234	-0.917468	-0.305381	-2.51115	-1.09689	-0.329186	-0.467625	1.36724	-1.89006	-2.24547	-0.869636	-1.46443	2.22074	1.03016
303	1.03016	-0.756731	1.6269	0.964234	-0.917468	-0.305381	-2.51115	-1.09689	-0.329186	-0.467625	1.36724	-1.89006	-2.24547	-0.869636	-1.46443	1.10055
304	1.10055	1.03016	-0.756731	1.6269	0.964234	-0.917468	-0.305381	-2.51115	-1.09689	-0.329186	-0.467625	1.36724	-1.89006	-2.24547	-0.869636	-1.1289
305	-1.1289	1.10055	1.03016	-0.756731	1.6269	0.964234	-0.917468	-0.305381	-2.51115	-1.09689	-0.329186	-0.467625	1.36724	-1.89006	-2.24547	1.11868
306	1.11868	-1.1289	1.10055	1.03016	-0.756731	1.6269	0.964234	-0.917468	-0.305381	-2.51115	-1.09689	-0.329186	-0.467625	1.36724	-1.89006	0.577468
307	0.577468	1.11868	-1.1289	1.10055	1.03016	-0.756731	1.6269	0.964234	-0.917468	-0.305381	-2.51115	-1.09689	-0.329186	-0.467625	1.36724	-1.23982
308	-1.23982	0.577468	1.11868	-1.1289	1.10055	1.03016	-0.756731	1.6269	0.964234	-0.917468	-0.305381	-2.51115	-1.09689	-0.329186	-0.467625	0.762259
309	0.762259	-1.23982	0.577468	1.11868	-1.1289	1.10055	1.03016	-0.756731	1.6269	0.964234	-0.917468	-0.305381	-2.51115	-1.09689	-0.329186	-0.596109
310	-0.596109	0.762259	-1.23982	0.577468	1.11868	-1.1289	1.10055	1.03016	-0.756731	1.6269	0.964234	-0.917468	-0.305381	-2.51115	-1.09689	0.785535
311	0.785535	-0.596109	0.762259	-1.23982	0.577468	1.11868	-1.1289	1.10055	1.03016	-0.756731	1.6269	0.964234	-0.917468	-0.305381	-2.51115	-0.121632
312	-0.121632	0.785535	-0.596109	0.762259	-1.23982	0.577468	1.11868	-1.1289	1.10055	1.03016	-0.756731	1.6269	0.964234	-0.917468	-0.305381	-0.697191
313	-0.697191	-0.121632	0.785535	-0.596109	0.762259	-1.23982	0.577468	1.11868	-1.1289	1.10055	1.03016	-0.756731	1.6269	0.964234	-0.917468	-1.44097
314	-1.44097	-0.697191	-0.121632	0.785535	-0.596109	0.762259	-1.23982	0.577468	1.11868	-1.1289	1.10055	1.03016	-0.756731	1.6269	0.964234	-1.73839
315	-1.73839	-1.44097	-0.697191	-0.121632	0.785535	-0.596109	0.762259	-1.23982	0.577468	1.11868	-1.1289	1.10055	1.03016	-0.756731	1.6269	-0.396545
316	-0.396545	-1.73839	-1.44097	-0.697191	-0.121632	0.785535	-0.596109	0.762259	-1.23982	0.577468	1.11868	-1.1289	1.10055	1.03016	-0.756731	1.77743
317	1.77743	-0.396545	-1.73839	-1.44097	-0.697191	-0.121632	0.785535	-0.596109	0.762259	-1.23982	0.577468	1.11868	-1.1289	1.10055	1.03016	0.66127
318	0.66127	1.77743	-0.396545	-1.73839	-1.44097	-0.697191	-0.121632	0.785535	-0.596109	0.762259	-1.23982	0.577468	1.11868	-1.1289	1.10055	0.727107
319	0.727107	0.66127	1.77743	-0.396545	-1.73839	-1.44097	-0.697191	-0.121632	0.785535	-0.596109	0.762259	-1.23982	0.577468	1.11868	-1.1289	0.616801
320	0.616801	0.727107	0.66127	1.77743	-0.396545	-1.73839	-1.44097	-0.697191	-0.121632	0.785535	-0.596109	0.762259	-1.23982	0.577468	1.11868	0.740489
321	0.740489	0.616801	0.727107	0.66127	1.77743	-0.396545	-1.73839	-1.44097	-0.697191	-0.121632	0.785535	-0.596109	0.762259	-1.23982	0.577468	-0.00289626
322	-0.00289626	0.740489	0.616801	0.727107	0.66127	1.77743	-0.396545	-1.73839	-1.44097	-0.697191	-0.121632	0.785535	-0.596109	0.762259	-1.23982	0.878595
323	0.878595	-0.00289626	0.740489	0.616801	0.727107	0.66127	1.77743	-0.396545	-1.73839	-1.44097	-0.697191	-0.121632	0.785535	-0.596109	0.762259	1.52907
324	1.52907	0.878595	-0.00289626	0.740489	0.616801	0.727107	0.66127	1.77743	-0.396545	-1.73839	-1.44097	-0.697191	-0.121632	0.785535	-0.596109	0.253962
325	0.253962	1.52907	0.878595	-0.00289626	0.740489	0.616801	0.727107	0.66127	1.77743	-0.396545	-1.73839	-1.44097	-0.697191	-0.121632	0.785535	0.62334
326	0.62334	0.253962	1.52907	0.878595	-0.00289626	0.740489	0.616801	0.727107	0.66127	1.77743	-0.396545	-1.73839	-1.44097	-0.697191	-0.121632	0.555956
327	0.555956	0.62334	0.253962	1.52907	0.878595	-0.00289626	0.740489	0.616801	0.727107	0.66127	1.77743	-0.396545	-1.73839	-1.44097	-0.697191	-0.990264
328	-0.990264	0.555956	0.62334	0.253962	1.52907	0.878595	-0.00289626	0.740489	0.616801	0.727107	0.66127	1.77743	-0.396545	-1.73839	-1.44097	-1.83769
329	-1.83769	-0.990264	0.555956	0.62334	0.253962	1.52907	0.878595	-0.00289626	0.740489	0.616801	0.727107	0.66127	1.77743	-0.396545	-1.73839	-0.478088
330	-0.478088	-1.83769	-0.990264	0.555956	0.62334	0.253962	1.52907	0.878595	-0.00289626	0.740489	0.616801	0.727107	0.66127	1.77743	-0.396545	-1.60497
331	-1.60497	-0.478088	-1.83769	-0.990264	0.555956	0.62334	0.253962	1.52907	0.878595	-0.00289626	0.740489	0.616801	0.727107	0.66127	1.77743	-0.680236
332	-0.680236	-1.60497	-0.478088	-1.83769	-0.990264	0.555956	0.62334	0.253962	1.52907	0.878595	-0.00289626	0.740489	0.616801	0.727107	0.66127	0.741377
333	0.741377	-0.680236	-1.60497	-0.478088	-1.83769	-0.990264	0.555956	0.62334	0.253962	1.52907	0.878595	-0.00289626	0.740489	0.616801	0.727107	-1.88879
334	-1.88879	0.741377	-0.680236	-1.60497	-0.478088	-1.83769	-0.990264	0.555956	0.62334	0.253962	1.52907	0.878595	-0.00289626	0.740489	0.616801	-0.661477
335	-0.661477	-1.88879	0.741377	-0.680236	-1.60497	-0.478088	-1.83769	-0.990264	0.555956	0.62334	0.253962	1.52907	0.878595	-0.00289626	0.740489	-0.464279
336	-0.464279	-0.661477	-1.88879	0.741377	-0.680236	-1.60497	-0.478088	-1.83769	-0.990264	0.555956	0.62334	0.253962	1.52907	0.878595	-0.00289626	0.794036
337	0.794036	-0.464279	-0.661477	-1.88879	0.741377	-0.680236	-1.60497	-0.478088	-1.83769	-0.990264	0.555956	0.62334	0.253962	1.52907	0.878595	3.01818
338	3.01818	0.794036	-0.464279	-0.661477	-1.88879	0.741377	-0.680236	-1.60497	-0.478088	-1.83769	-0.990264	0.555956	0.62334	0.253962	1.52907	1.30914
339	1.30914	3.01818	0.794036	-0.464279	-0.661477	-1.88879	0.741377	-0.680236	-1.60497	-0.478088	-1.83769	-0.990264	0.555956	0.62334	0.253962	1.19224
340	1.19224	1.30914	3.01818	0.794036	-0.464279	-0.661477	-1.88879	0.741377	-0.680236	-1.60497	-0.478088	-1.83769	-0.990264	0.555956	0.62334	0.0500061
341	0.0500061	1.19224	1.30914	3.01818	0.794036	-0.464279	-0.661477	-1.88879	0.741377	-0.680236	-1.60497	-0.478088	-1.83769	-0.990264	0.555956	-2.26167
342	-2.26167	0.0500061	1.19224	1.30914	3.01818	0.794036	-0.464279	-0.661477	-1.88879	0.741377	-0.680236	-1.60497	-0.478088	-1.83769	-0.990264	1.56314
343	1.56314	-2.26167	0.0500061	1.19224	1.30914	3.01818	0.794036	-0.464279	-0.661477	-1.88879	0.741377	-0.680236	-1.60497	-0.478088	-1.83769	0.275398
344	0.275398	1.56314	-2.26167	0.0500061	1.19224	1.30914	3.01818	0.794036	-0.464279	-0.661477	-1.88879	0.741377	-0.680236	-1.60497	-0.478088	1.04966
345	1.04966	0.275398	1.56314	-2.26167	0.0500061	1.19224	1.30914	3.01818	0.794036	-0.464279	-0.661477	-1.88879	0.741377	-0.680236	-1.60497	0.594528
346	0.594528	1.04966	0.275398	1.56314	-2.26167	0.0500061	1.19224	1.30914	3.01818	0.794036	-0.464279	-0.661477	-1.88879	0.741377	-0.680236	-3.70498
347	-3.70498	0.594528	1.04966	0.275398	1.56314	-2.26167	0.0500061	1.19224	1.30914	3.01818	0.794036	-0.464279	-0.661477	-1.88879	0.741377	-1.64498
348	-1.64498	-3.70498	0.594528	1.04966	0.275398	1.56314	-2.26167	0.0500061	1.19224	1.30914	3.01818	0.794036	-0.464279	-0.661477	-1.88879	-3.27102
349	-3.27102	-1.64498	-3.70498	0.594528	1.04966	0.275398	1.56314	-2.26167	0.0500061	1.19224	1.30914	3.01818	0.794036	-0.464279	-0.661477	-1.61033
350	-1.61033	-3.27102	-1.64498	-3.70498	0.594528	1.04966	0.275398	1.56314	-2.26167	0.0500061	1.19224	1.30914	3.01818	0.794036	-0.464279	2.43152
351	2.43152	-1.61033	-3.27102	-1.64498	-3.70498	0.594528	1.04966	0.275398	1.56314	-2.26167	0.0500061	1.19224	1.30914	3.01818	0.794036	0.792138
352	0.792138	2.43152	-1.61033	-3.27102	-1.64498	-3.70498	0.594528	1.04966	0.275398	1.56314	-2.26167	0.0500061	1.19224	1.30914	3.01818	2.54349
353	2.54349	0.792138	2.43152	-1.61033	-3.27102	-1.64498	-3.70498	0.594528	1.04966	0.275398	1.56314	-2.26167	0.0500061	1.19224	1.30914	0.233583
354	0.233583	2.54349	0.792138	2.43152	-1.61033	-3.27102	-1.64498	-3.70498	0.594528	1.04966	0.275398	1.56314	-2.26167	0.0500061	1.19224	-2.96877
355	-2.96877	0.233583	2.54349	0.792138	2.43152	-1.61033	-3.27102	-1.64498	-3.70498	0.594528	1.04966	0.275398	1.56314	-2.26167	0.0500061	1.61863
356	1.61863	-2.96877	0.233583	2.54349	0.792138	2.43152	-1.61033	-3.27102	-1.64498	-3.70498	0.594528	1.04966	0.275398	1.56314	-2.26167	-1.04371
357	-1.04371	1.61863	-2.96877	0.233583	2.54349	0.792138	2.43152	-1.61033	-3.27102	-1.64498	-3.70498	0.594528	1.04966	0.275398	1.56314	1.23672
358	1.23672	-1.04371	1.61863	-2.96877	0.233583	2.54349	0.792138	2.43152	-1.61033	-3.27102	-1.64498	-3.70498	0.594528	1.04966	0.275398	2.54976
359	2.54976	1.23672	-1.04371	1.61863	-2.96877	0.233583	2.54349	0.792138	2.43152	-1.61033	-3.27102	-1.64498	-3.70498	0.594528	1.04966	-1.43072
360	-1.43072	2.54976	1.23672	-1.04371	1.61863	-2.96877	0.233583	2.54349	0.792138	2.43152	-1.61033	-3.27102	-1.64498	-3.70498	0.594528	0.139953
361	0.139953	-1.43072	2.54976	1.23672	-1.04371	1.61863	-2.96877	0.233583	2.54349	0.792138	2.43152	-1.61033	-3.27102	-1.64498	-3.70498	-2.79793
362	-2.79793	0.139953	-1.43072	2.54976	1.23672	-1.04371	1.61863	-2.96877	0.233583	2.54349	0.792138	2.43152	-1.61033	-3.27102	-1.64498	-2.05353
363	-2.05353	-2.79793	0.139953	-1.43072	2.54976	1.23672	-1.04371	1.61863	-2.96877	0.233583	2.54349	0.792138	2.43152	-1.61033	-3.27102	1.99071
364	1.99071	-2.05353	-2.79793	0.139953	-1.43072	2.54976	1.23672	-1.04371	1.61863	-2.96877	0.233583	2.54349	0.792138	2.43152	-1.61033	-1.28325
365	-1.28325	1.99071	-2.05353	-2.79793	0.139953	-1.43072	2.54976	1.23672	-1.04371	1.61863	-2.96877	0.233583	2.54349	0.792138	2.43152	2.05042
366	2.05042	-1.28325	1.99071	-2.05353	-2.79793	0.139953	-1.43072	2.54976	1.23672	-1.04371	1.61863	-2.96877	0.233583	2.54349	0.792138	-0.176882
367	-0.176882	2.05042	-1.28325	1.99071	-2.05353	-2.79793	0.139953	-1.43072	2.54976	1.23672	-1.04371	1.61863	-2.96877	0.233583	2.54349	-3.47443
368	-3.47443	-0.176882	2.05042	-1.28325	1.99071	-2.05353	-2.79793	0.139953	-1.43072	2.54976	1.23672	-1.04371	1.61863	-2.96877	0.233583	2.80234
369	2.80234	-3.47443	-0.176882	2.05042	-1.28325	1.99071	-2.05353	-2.79793	0.139953	-1.43072	2.54976	1.23672	-1.04371	1.61863	-2.96877	-1.22039
370	-1.22039	2.80234	-3.47443	-0.176882	2.05042	-1.28325	1.99071	-2.05353	-2.79793	0.139953	-1.43072	2.54976	1.23672	-1.04371	1.61863	1.67852
371	1.67852	-1.22039	2.80234	-3.47443	-0.176882	2.05042	-1.28325	1.99071	-2.05353	-2.79793	0.139953	-1.43072	2.54976	1.23672	-1.04371	5.55637
372	5.55637	1.67852	-1.22039	2.80234	-3.47443	-0.176882	2.05042	-1.28325	1.99071	-2.05353	-2.79793	0.139953	-1.43072	2.54976	1.23672	-0.603883
373	-0.603883	5.55637	1.67852	-1.22039	2.80234	-3.47443	-0.176882	2.05042	-1.28325	1.99071	-2.05353	-2.79793	0.139953	-1.43072	2.54976	2.42223
374	2.42223	-0.603883	5.55637	1.67852	-1.22039	2.80234	-3.47443	-0.176882	2.05042	-1.28325	1.99071	-2.05353	-2.79793	0.139953	-1.43072	-1.56662
375	-1.56662	2.42223	-0.603883	5.55637	1.67852	-1.22039	2.80234	-3.47443	-0.176882	2.05042	-1.28325	1.99071	-2.05353	-2.79793	0.139953	-5.3415
376	-5.3415	-1.56662	2.42223	-0.603883	5.55637	1.67852	-1.22039	2.80234	-3.47443	-0.176882	2.05042	-1.28325	1.99071	-2.05353	-2.79793	-0.623308
377	-0.623308	-5.3415	-1.56662	2.42223	-0.603883	5.55637	1.67852	-1.22039	2.80234	-3.47443	-0.176882	2.05042	-1.28325	1.99071	-2.05353	-5.03773
378	-5.03773	-0.623308	-5.3415	-1.56662	2.42223	-0.603883	5.55637	1.67852	-1.22039	2.80234	-3.47443	-0.176882	2.05042	-1.28325	1.99071	2.0895
379	2.0895	-5.03773	-0.623308	-5.3415	-1.56662	2.42223	-0.603883	5.55637	1.67852	-1.22039	2.80234	-3.47443	-0.176882	2.05042	-1.28325	2.82485
380	2.82485	2.0895	-5.03773	-0.623308	-5.3415	-1.56662	2.42223	-0.603883	5.55637	1.67852	-1.22039	2.80234	-3.47443	-0.176882	2.05042	-1.08534
381	-1.08534	2.82485	2.0895	-5.03773	-0.623308	-5.3415	-1.56662	2.42223	-0.603883	5.55637	1.67852	-1.22039	2.80234	-3.47443	-0.176882	3.37136
382	3.37136	-1.08534	2.82485	2.0895	-5.03773	-0.623308	-5.3415	-1.56662	2.42223	-0.603883	5.55637	1.67852	-1.22039	2.80234	-3.47443	-3.46629
383	-3.46629	3.37136	-1.08534	2.82485	2.0895	-5.03773	-0.623308	-5.3415	-1.56662	2.42223	-0.603883	5.55637	1.67852	-1.22039	2.80234	-0.625421
384	-0.625421	-3.46629	3.37136	-1.08534	2.82485	2.0895	-5.03773	-0.623308	-5.3415	-1.56662	2.42223	-0.603883	5.55637	1.67852	-1.22039	2.53381
385	2.53381	-0.625421	-3.46629	3.37136	-1.08534	2.82485	2.0895	-5.03773	-0.623308	-5.3415	-1.56662	2.42223	-0.603883	5.55637	1.67852	-2.39069
386	-2.39069	2.53381	-0.625421	-3.46629	3.37136	-1.08534	2.82485	2.0895	-5.03773	-0.623308	-5.3415	-1.56662	2.42223	-0.603883	5.55637	2.88116
387	2.88116	-2.39069	2.53381	-0.625421	-3.46629	3.37136	-1.08534	2.82485	2.0895	-5.03773	-0.623308	-5.3415	-1.56662	2.42223	-0.603883	0.449643
388	0.449643	2.88116	-2.39069	2.53381	-0.625421	-3.46629	3.37136	-1.08534	2.82485	2.0895	-5.03773	-0.623308	-5.3415	-1.56662	2.42223	-2.09851
389	-2.09851	0.449643	2.88116	-2.39069	2.53381	-0.625421	-3.46629	3.37136	-1.08534	2.82485	2.0895	-5.03773	-0.623308	-5.3415	-1.56662	1.32689
390	1.32689	-2.09851	0.449643	2.88116	-2.39069	2.53381	-0.625421	-3.46629	3.37136	-1.08534	2.82485	2.0895	-5.03773	-0.623308	-5.3415	-4.43891
391	-4.43891	1.32689	-2.09851	0.449643	2.88116	-2.39069	2.53381	-0.625421	-3.46629	3.37136	-1.08534	2.82485	2.0895	-5.03773	-0.623308	-0.861809
392	-0.861809	-4.43891	1.32689	-2.09851	0.449643	2.88116	-2.39069	2.53381	-0.625421	-3.46629	3.37136	-1.08534	2.82485	2.0895	-5.03773	1.41283
393	1.41283	-0.861809	-4.43891	1.32689	-2.09851	0.449643	2.88116	-2.39069	2.53381	-0.625421	-3.46629	3.37136	-1.08534	2.82485	2.0895	-2.69822
394	-2.69822	1.41283	-0.861809	-4.43891	1.32689	-2.09851	0.449643	2.88116	-2.39069	2.53381	-0.625421	-3.46629	3.37136	-1.08534	2.82485	3.26688
395	3.26688	-2.69822	1.41283	-0.861809	-4.43891	1.32689	-2.09851	0.449643	2.88116	-2.39069	2.53381	-0.625421	-3.46629	3.37136	-1.08534	-0.697977
396	-0.697977	3.26688	-2.69822	1.41283	-0.861809	-4.43891	1.32689	-2.09851	0.449643	2.88116	-2.39069	2.53381	-0.625421	-3.46629	3.37136	-1.67794
397	-1.67794	-0.697977	3.26688	-2.69822	1.41283	-0.861809	-4.43891	1.32689	-2.09851	0.449643	2.88116	-2.39069	2.53381	-0.625421	-3.46629	1.58654
398	1.58654	-1.67794	-0.697977	3.26688	-2.69822	1.41283	-0.861809	-4.43891	1.32689	-2.09851	0.449643	2.88116	-2.39069	2.53381	-0.625421	-1.20323
399	-1.20323	1.58654	-1.67794	-0.697977	3.26688	-2.69822	1.41283	-0.861809	-4.43891	1.32689	-2.09851	0.449643	2.88116	-2.39069	2.53381	3.20518
400	3.20518	-1.20323	1.58654	-1.67794	-0.697977	3.26688	-2.69822	1.41283	-0.861809	-4.43891	1.32689	-2.09851	0.449643	2.88116	-2.39069	2.87568
401	2.87568	3.20518	-1.20323	1.58654	-1.67794	-0.697977	3.26688	-2.69822	1.41283	-0.861809	-4.43891	1.32689	-2.09851	0.449643	2.88116	-1.11333
402	-1.11333	2.87568	3.20518	-1.20323	1.58654	-1.67794	-0.697977	3.26688	-2.69822	1.41283	-0.861809	-4.43891	1.32689	-2.09851	0.449643	0.469388
403	0.469388	-1.11333	2.87568	3.20518	-1.20323	1.58654	-1.67794	-0.697977	3.26688	-2.69822	1.41283	-0.861809	-4.43891	1.32689	-2.09851	-1.85239
404	-1.85239	0.469388	-1.11333	2.87568	3.20518	-1.20323	1.58654	-1.67794	-0.697977	3.26688	-2.69822	1.41283	-0.861809	-4.43891	1.32689	-2.54707
405	-2.54707	-1.85239	0.469388	-1.11333	2.87568	3.20518	-1.20323	1.58654	-1.67794	-0.697977	3.26688	-2.69822	1.41283	-0.861809	-4.43891	1.50939
406	1.50939	-2.54707	-1.85239	0.469388	-1.11333	2.87568	3.20518	-1.20323	1.58654	-1.67794	-0.697977	3.26688	-2.69822	1.41283	-0.861809	-1.19618
407	-1.19618	1.50939	-2.54707	-1.85239	0.469388	-1.11333	2.87568	3.20518	-1.20323	1.58654	-1.67794	-0.697977	3.26688	-2.69822	1.41283	2.90804
408	2.90804	-1.19618	1.50939	-2.54707	-1.85239	0.469388	-1.11333	2.87568	3.20518	-1.20323	1.58654	-1.67794	-0.697977	3.26688	-2.69822	1.36389
409	1.36389	2.90804	-1.19618	1.50939	-2.54707	-1.85239	0.469388	-1.11333	2.87568	3.20518	-1.20323	1.58654	-1.67794	-0.697977	3.26688	-1.82323
410	-1.82323	1.36389	2.90804	-1.19618	1.50939	-2.54707	-1.85239	0.469388	-1.11333	2.87568	3.20518	-1.20323	1.58654	-1.67794	-0.697977	1.0927
411	1.0927	-1.82323	1.36389	2.90804	-1.19618	1.50939	-2.54707	-1.85239	0.469388	-1.11333	2.87568	3.20518	-1.20323	1.58654	-1.67794	-1.58352
412	-1.58352	1.0927	-1.82323	1.36389	2.90804	-1.19618	1.50939	-2.54707	-1.85239	0.469388	-1.11333	2.87568	3.20518	-1.20323	1.58654	0.26138
413	0.26138	-1.58352	1.0927	-1.82323	1.36389	2.90804	-1.19618	1.50939	-2.54707	-1.85239	0.469388	-1.11333	2.87568	3.20518	-1.20323	1.85094
414	1.85094	0.26138	-1.58352	1.0927	-1.82323	1.36389	2.90804	-1.19618	1.50939	-2.54707	-1.85239	0.469388	-1.11333	2.87568	3.20518	-1.90596
415	-1.90596	1.85094	0.26138	-1.58352	1.0927	-1.82323	1.36389	2.90804	-1.19618	1.50939	-2.54707	-1.85239	0.469388	-1.11333	2.87568	1.24522
416	1.24522	-1.90596	1.85094	0.26138	-1.58352	1.0927	-1.82323	1.36389	2.90804	-1.19618	1.50939	-2.54707	-1.85239	0.469388	-1.11333	-0.994157
417	-0.994157	1.24522	-1.90596	1.85094	0.26138	-1.58352	1.0927	-1.82323	1.36389	2.90804	-1.19618	1.50939	-2.54707	-1.85239	0.469388	-2.1722
418	-2.1722	-0.994157	1.24522	-1.90596	1.85094	0.26138	-1.58352	1.0927	-1.82323	1.36389	2.90804	-1.19618	1.50939	-2.54707	-1.85239	1.77397
419	1.77397	-2.1722	-0.994157	1.24522	-1.90596	1.85094	0.26138	-1.58352	1.0927	-1.82323	1.36389	2.90804	-1.19618	1.50939	-2.54707	-2.96262
420	-2.96262	1.77397	-2.1722	-0.994157	1.24522	-1.90596	1.85094	0.26138	-1.58352	1.0927	-1.82323	1.36389	2.90804	-1.19618	1.50939	0.995305
421	0.995305	-2.96262	1.77397	-2.1722	-0.994157	1.24522	-1.90596	1.85094	0.26138	-1.58352	1.0927	-1.82323	1.36389	2.90804	-1.19618	4.52812
422	4.52812	0.995305	-2.96262	1.77397	-2.1722	-0.994157	1.24522	-1.90596	1.85094	0.26138	-1.58352	1.0927	-1.82323	1.36389	2.90804	-1.01545
423	-1.01545	4.52812	0.995305	-2.96262	1.77397	-2.1722	-0.994157	1.24522	-1.90596	1.85094	0.26138	-1.58352	1.0927	-1.82323	1.36389	2.6335
424	2.6335	-1.01545	4.52812	0.995305	-2.96262	1.77397	-2.1722	-0.994157	1.24522	-1.90596	1.85094	0.26138	-1.58352	1.0927	-1.82323	-0.211624
425	-0.211624	2.6335	-1.01545	4.52812	0.995305	-2.96262	1.77397	-2.1722	-0.994157	1.24522	-1.90596	1.85094	0.26138	-1.58352	1.0927	-3.44426
426	-3.44426	-0.211624	2.6335	-1.01545	4.52812	0.995305	-2.96262	1.77397	-2.1722	-0.994157	1.24522	-1.90596	1.85094	0.26138	-1.58352	1.75945
427	1.75945	-3.44426	-0.211624	2.6335	-1.01545	4.52812	0.995305	-2.96262	1.77397	-2.1722	-0.994157	1.24522	-1.90596	1.85094	0.26138	-1.77907
428	-1.77907	1.75945	-3.44426	-0.211624	2.6335	-1.01545	4.52812	0.995305	-2.96262	1.77397	-2.1722	-0.994157	1.24522	-1.90596	1.85094	0.91047
429	0.91047	-1.77907	1.75945	-3.44426	-0.211624	2.6335	-1.01545	4.52812	0.995305	-2.96262	1.77397	-2.1722	-0.994157	1.24522	-1.90596	1.03228
430	1.03228	0.91047	-1.77907	1.75945	-3.44426	-0.211624	2.6335	-1.01545	4.52812	0.995305	-2.96262	1.77397	-2.1722	-0.994157	1.24522	-4.3244
431	-4.3244	1.03228	0.91047	-1.77907	1.75945	-3.44426	-0.211624	2.6335	-1.01545	4.52812	0.995305	-2.96262	1.77397	-2.1722	-0.994157	-1.52852
432	-1.52852	-4.3244	1.03228	0.91047	-1.77907	1.75945	-3.44426	-0.211624	2.6335	-1.01545	4.52812	0.995305	-2.96262	1.77397	-2.1722	-3.14772
433	-3.14772	-1.52852	-4.3244	1.03228	0.91047	-1.77907	1.75945	-3.44426	-0.211624	2.6335	-1.01545	4.52812	0.995305	-2.96262	1.77397	-3.28621
434	-3.28621	-3.14772	-1.52852	-4.3244	1.03228	0.91047	-1.77907	1.75945	-3.44426	-0.211624	2.6335	-1.01545	4.52812	0.995305	-2.96262	4.04145
435	4.04145	-3.28621	-3.14772	-1.52852	-4.3244	1.03228	0.91047	-1.77907	1.75945	-3.44426	-0.211624	2.6335	-1.01545	4.52812	0.995305	1.30323
436	1.30323	4.04145	-3.28621	-3.14772	-1.52852	-4.3244	1.03228	0.91047	-1.77907	1.75945	-3.44426	-0.211624	2.6335	-1.01545	4.52812	3.71006
437	3.71006	1.30323	4.04145	-3.28621	-3.14772	-1.52852	-4.3244	1.03228	0.91047	-1.77907	1.75945	-3.44426	-0.211624	2.6335	-1.01545	2.69759
438	2.69759	3.71006	1.30323	4.04145	-3.28621	-3.14772	-1.52852	-4.3244	1.03228	0.91047	-1.77907	1.75945	-3.44426	-0.211624	2.6335	-3.03802
439	-3.03802	2.69759	3.71006	1.30323	4.04145	-3.28621	-3.14772	-1.52852	-4.3244	1.03228	0.91047	-1.77907	1.75945	-3.44426	-0.211624	-0.283365
440	-0.283365	-3.03802	2.69759	3.71006	1.30323	4.04145	-3.28621	-3.14772	-1.52852	-4.3244	1.03228	0.91047	-1.77907	1.75945	-3.44426	-0.566255
441	-0.566255	-0.283365	-3.03802	2.69759	3.71006	1.30323	4.04145	-3.28621	-3.14772	-1.52852	-4.3244	1.03228	0.91047	-1.77907	1.75945	0.902832
442	0.902832	-0.566255	-0.283365	-3.03802	2.69759	3.71006	1.30323	4.04145	-3.28621	-3.14772	-1.52852	-4.3244	1.03228	0.91047	-1.77907	4.8828
443	4.8828	0.902832	-0.566255	-0.283365	-3.03802	2.69759	3.71006	1.30323	4.04145	-3.28621	-3.14772	-1.52852	-4.3244	1.03228	0.91047	-1.33301
444	-1.33301	4.8828	0.902832	-0.566255	-0.283365	-3.03802	2.69759	3.71006	1.30323	4.04145	-3.28621	-3.14772	-1.52852	-4.3244	1.03228	-1.42705
445	-1.42705	-1.33301	4.8828	0.902832	-0.566255	-0.283365	-3.03802	2.69759	3.71006	1.30323	4.04145	-3.28621	-3.14772	-1.52852	-4.3244	-2.76147
446	-2.76147	-1.42705	-1.33301	4.8828	0.902832	-0.566255	-0.283365	-3.03802	2.69759	3.71006	1.30323	4.04145	-3.28621	-3.14772	-1.52852	-5.7832
447	-5.7832	-2.76147	-1.42705	-1.33301	4.8828	0.902832	-0.566255	-0.283365	-3.03802	2.69759	3.71006	1.30323	4.04145	-3.28621	-3.14772	-0.579415
448	-0.579415	-5.7832	-2.76147	-1.42705	-1.33301	4.8828	0.902832	-0.566255	-0.283365	-3.03802	2.69759	3.71006	1.30323	4.04145	-3.28621	0.0111653
449	0.0111653	-0.579415	-5.7832	-2.76147	-1.42705	-1.33301	4.8828	0.902832	-0.566255	-0.283365	-3.03802	2.69759	3.71006	1.30323	4.04145	2.3061
450	2.3061	0.0111653	-0.579415	-5.7832	-2.76147	-1.42705	-1.33301	4.8828	0.902832	-0.566255	-0.283365	-3.03802	2.69759	3.71006	1.30323	1.25966
451	1.25966	2.3061	0.0111653	-0.579415	-5.7832	-2.76147	-1.42705	-1.33301	4.8828	0.902832	-0.566255	-0.283365	-3.03802	2.69759	3.71006	-2.88985
452	-2.88985	1.25966	2.3061	0.0111653	-0.579415	-5.7832	-2.76147	-1.42705	-1.33301	4.8828	0.902832	-0.566255	-0.283365	-3.03802	2.69759	-1.78936
453	-1.78936	-2.88985	1.25966	2.3061	0.0111653	-0.579415	-5.7832	-2.76147	-1.42705	-1.33301	4.8828	0.902832	-0.566255	-0.283365	-3.03802	-2.15064
454	-2.15064	-1.78936	-2.88985	1.25966	2.3061	0.0111653	-0.579415	-5.7832	-2.76147	-1.42705	-1.33301	4.8828	0.902832	-0.566255	-0.283365	1.31819
455	1.31819	-2.15064	-1.78936	-2.88985	1.25966	2.3061	0.0111653	-0.579415	-5.7832	-2.76147	-1.42705	-1.33301	4.8828	0.902832	-0.566255	6.9589
456	6.9589	1.31819	-2.15064	-1.78936	-2.88985	1.25966	2.3061	0.0111653	-0.579415	-5.7832	-2.76147	-1.42705	-1.33301	4.8828	0.902832	2.85689
457	2.85689	6.9589	1.31819	-2.15064	-1.78936	-2.88985	1.25966	2.3061	0.0111653	-0.579415	-5.7832	-2.76147	-1.42705	-1.33301	4.8828	2.19321
458	2.19321	2.85689	6.9589	1.31819	-2.15064	-1.78936	-2.88985	1.25966	2.3061	0.0111653	-0.579415	-5.7832	-2.76147	-1.42705	-1.33301	-1.27734
459	-1.27734	2.19321	2.85689	6.9589	1.31819	-2.15064	-1.78936	-2.88985	1.25966	2.3061	0.0111653	-0.579415	-5.7832	-2.76147	-1.42705	-6.17763
460	-6.17763	-1.27734	2.19321	2.85689	6.9589	1.31819	-2.15064	-1.78936	-2.88985	1.25966	2.3061	0.0111653	-0.579415	-5.7832	-2.76147	-3.22436
461	-3.22436	-6.17763	-1.27734	2.19321	2.85689	6.9589	1.31819	-2.15064	-1.78936	-2.88985	1.25966	2.3061	0.0111653	-0.579415	-5.7832	-3.24315
462	-3.24315	-3.22436	-6.17763	-1.27734	2.19321	2.85689	6.9589	1.31819	-2.15064	-1.78936	-2.88985	1.25966	2.3061	0.0111653	-0.579415	2.14435
463	2.14435	-3.24315	-3.22436	-6.17763	-1.27734	2.19321	2.85689	6.9589	1.31819	-2.15064	-1.78936	-2.88985	1.25966	2.3061	0.0111653	2.0436
464	2.0436	2.14435	-3.24315	-3.22436	-6.17763	-1.27734	2.19321	2.85689	6.9589	1.31819	-2.15064	-1.78936	-2.88985	1.25966	2.3061	-0.760059
465	-0.760059	2.0436	2.14435	-3.24315	-3.22436	-6.17763	-1.27734	2.19321	2.85689	6.9589	1.31819	-2.15064	-1.78936	-2.88985	1.25966	0.254052
466	0.254052	-0.760059	2.0436	2.14435	-3.24315	-3.22436	-6.17763	-1.27734	2.19321	2.85689	6.9589	1.31819	-2.15064	-1.78936	-2.88985	-2.06271
467	-2.06271	0.254052	-0.760059	2.0436	2.14435	-3.24315	-3.22436	-6.17763	-1.27734	2.19321	2.85689	6.9589	1.31819	-2.15064	-1.78936	-0.730451
468	-0.730451	-2.06271	0.254052	-0.760059	2.0436	2.14435	-3.24315	-3.22436	-6.17763	-1.27734	2.19321	2.85689	6.9589	1.31819	-2.15064	0.614768
469	0.614768	-0.730451	-2.06271	0.254052	-0.760059	2.0436	2.14435	-3.24315	-3.22436	-6.17763	-1.27734	2.19321	2.85689	6.9589	1.31819	1.49625
470	1.49625	0.614768	-0.730451	-2.06271	0.254052	-0.760059	2.0436	2.14435	-3.24315	-3.22436	-6.17763	-1.27734	2.19321	2.85689	6.9589	3.40167
471	3.40167	1.49625	0.614768	-0.730451	-2.06271	0.254052	-0.760059	2.0436	2.14435	-3.24315	-3.22436	-6.17763	-1.27734	2.19321	2.85689	1.85083
472	1.85083	3.40167	1.49625	0.614768	-0.730451	-2.06271	0.254052	-0.760059	2.0436	2.14435	-3.24315	-3.22436	-6.17763	-1.27734	2.19321	-0.276564
473	-0.276564	1.85083	3.40167	1.49625	0.614768	-0.730451	-2.06271	0.254052	-0.760059	2.0436	2.14435	-3.24315	-3.22436	-6.17763	-1.27734	-0.721209
474	-0.721209	-0.276564	1.85083	3.40167	1.49625	0.614768	-0.730451	-2.06271	0.254052	-0.760059	2.0436	2.14435	-3.24315	-3.22436	-6.17763	-2.51154
475	-2.51154	-0.721209	-0.276564	1.85083	3.40167	1.49625	0.614768	-0.730451	-2.06271	0.254052	-0.760059	2.0436	2.14435	-3.24315	-3.22436	-0.146606
476	-0.146606	-2.51154	-0.721209	-0.276564	1.85083	3.40167	1.49625	0.614768	-0.730451	-2.06271	0.254052	-0.760059	2.0436	2.14435	-3.24315	0.504628
477	0.504628	-0.146606	-2.51154	-0.721209	-0.276564	1.85083	3.40167	1.49625	0.614768	-0.730451	-2.06271	0.254052	-0.760059	2.0436	2.14435	-2.25872
478	-2.25872	0.504628	-0.146606	-2.51154	-0.721209	-0.276564	1.85083	3.40167	1.49625	0.614768	-0.730451	-2.06271	0.254052	-0.760059	2.0436	0.64315
479	0.64315	-2.25872	0.504628	-0.146606	-2.51154	-0.721209	-0.276564	1.85083	3.40167	1.49625	0.614768	-0.730451	-2.06271	0.254052	-0.760059	-3.05746
480	-3.05746	0.64315	-2.25872	0.504628	-0.146606	-2.51154	-0.721209	-0.276564	1.85083	3.40167	1.49625	0.614768	-0.730451	-2.06271	0.254052	-2.98294
481	-2.98294	-3.05746	0.64315	-2.25872	0.504628	-0.146606	-2.51154	-0.721209	-0.276564	1.85083	3.40167	1.49625	0.614768	-0.730451	-2.06271	-0.238591
482	-0.238591	-2.98294	-3.05746	0.64315	-2.25872	0.504628	-0.146606	-2.51154	-0.721209	-0.276564	1.85083	3.40167	1.49625	0.614768	-0.730451	0.147546
483	0.147546	-0.238591	-2.98294	-3.05746	0.64315	-2.25872	0.504628	-0.146606	-2.51154	-0.721209	-0.276564	1.85083	3.40167	1.49625	0.614768	5.04121
484	5.04121	0.147546	-0.238591	-2.98294	-3.05746	0.64315	-2.25872	0.504628	-0.146606	-2.51154	-0.721209	-0.276564	1.85083	3.40167	1.49625	2.9382
485	2.9382	5.04121	0.147546	-0.238591	-2.98294	-3.05746	0.64315	-2.25872	0.504628	-0.146606	-2.51154	-0.721209	-0.276564	1.85083	3.40167	1.85111
486	1.85111	2.9382	5.04121	0.147546	-0.238591	-2.98294	-3.05746	0.64315	-2.25872	0.504628	-0.146606	-2.51154	-0.721209	-0.276564	1.85083	3.22184
487	3.22184	1.85111	2.9382	5.04121	0.147546	-0.238591	-2.98294	-3.05746	0.64315	-2.25872	0.504628	-0.146606	-2.51154	-0.721209	-0.276564	-1.6371
488	-1.6371	3.22184	1.85111	2.9382	5.04121	0.147546	-0.238591	-2.98294	-3.05746	0.64315	-2.25872	0.504628	-0.146606	-2.51154	-0.721209	1.31184
489	1.31184	-1.6371	3.22184	1.85111	2.9382	5.04121	0.147546	-0.238591	-2.98294	-3.05746	0.64315	-2.25872	0.504628	-0.146606	-2.51154	0.56039
490	0.56039	1.31184	-1.6371	3.22184	1.85111	2.9382	5.04121	0.147546	-0.238591	-2.98294	-3.05746	0.64315	-2.25872	0.504628	-0.146606	-1.9541
491	-1.9541	0.56039	1.31184	-1.6371	3.22184	1.85111	2.9382	5.04121	0.147546	-0.238591	-2.98294	-3.05746	0.64315	-2.25872	0.504628	-0.178758
492	-0.178758	-1.9541	0.56039	1.31184	-1.6371	3.22184	1.85111	2.9382	5.04121	0.147546	-0.238591	-2.98294	-3.05746	0.64315	-2.25872	-1.27809
493	-1.27809	-0.178758	-1.9541	0.56039	1.31184	-1.6371	3.22184	1.85111	2.9382	5.04121	0.147546	-0.238591	-2.98294	-3.05746	0.64315	-1.66975
494	-1.66975	-1.27809	-0.178758	-1.9541	0.56039	1.31184	-1.6371	3.22184	1.85111	2.9382	5.04121	0.147546	-0.238591	-2.98294	-3.05746	0.462428
495	0.462428	-1.66975	-1.27809	-0.178758	-1.9541	0.56039	1.31184	-1.6371	3.22184	1.85111	2.9382	5.04121	0.147546	-0.238591	-2.98294	-1.14776
496	-1.14776	0.462428	-1.66975	-1.27809	-0.178758	-1.9541	0.56039	1.31184	-1.6371	3.22184	1.85111	2.9382	5.04121	0.147546	-0.238591	1.56518
497	1.56518	-1.14776	0.462428	-1.66975	-1.27809	-0.178758	-1.9541	0.56039	1.31184	-1.6371	3.22184	1.85111	2.9382	5.04121	0.147546	0.477081
498	0.477081	1.56518	-1.14776	0.462428	-1.66975	-1.27809	-0.178758	-1.9541	0.56039	1.31184	-1.6371	3.22184	1.85111	2.9382	5.04121	0.811048
499	0.811048	0.477081	1.56518	-1.14776	0.462428	-1.66975	-1.27809	-0.178758	-1.9541	0.56039	1.31184	-1.6371	3.22184	1.85111	2.9382	2.19853
500	2.19853	0.811048	0.477081	1.56518	-1.14776	0.462428	-1.66975	-1.27809	-0.178758	-1.9541	0.56039	1.31184	-1.6371	3.22184	1.85111	1.07054
