No	GoomallingPs-Cl.lag1	GoomallingPSInMonoCl.lag2	GoomallingPSpH.lag11	MundaringB-Turbidity.lag1	GrassValleyPS-Q.lag1	SawyersTankOutCL.lag1	GoomallingPs-Cl.lag9	WestNorthamToodyayQ.lag1	WestNorthamOutQ.lag12	MundaringNH3Dose.lag14	GoomallingPSInMonoCl.lag12	GoomallingPSInMonoCl.lag14	WestNorthamToodyayQ.lag4	GoomallingPS-WaterT.lag4	GoomallingPSInMonoN.lag12	WestNorthamToodyayQ.lag5	WestNorthamToodyayQ.lag3	SawyersTankInCL.lag1	GoomallingPSInTotalNH3.lag12	GoomallingPS-WaterT.lag13	GoomallingPSInMonoCl.lag9	GoomallingPSInMonoCl.lag1	GoomallingPSInMonoN.lag1	OutCl.7day
1	1.87285	1.28026	8.86125	0.664003	766.735	3.20696	1.11	62.2986	3645.24	19.2798	2.24158	1.0782	58.1104	25.6083	0.272233	61.4106	63.5394	3.24075	0.473801	24.7	2.91949	1.38856	0.260168	1.72063
2	1.905	1.38856	8.87	1.07734	3132.27	3.25253	1.95056	66.1685	3970.4	19.6975	2.64561	1.65989	63.5394	23.9	0.436466	58.1104	60.459	3.44871	0.594593	24.7	2.4936	1.93754	0.448439	1.83111
3	1.8975	1.93754	8.48281	0.985322	3584.9	3.30308	1.97	51.6286	4041.85	19.2108	2.83122	2.24158	60.459	26.1875	0.562136	63.5394	62.2986	3.42989	0.672122	23.9361	2.4427	1.98634	0.380191	1.74847
4	1.87187	1.98634	8.2375	0.360872	1737.06	3.24505	1.97	62.4374	3945.31	17.7886	2.91949	2.64561	62.2986	30.1507	0.570086	60.459	66.1685	3.2307	0.70989	24.3	2.56851	1.99443	0.447169	1.69236
5	1.80812	1.99443	8.26	1.3164	1760.79	3.16458	1.97	67.1491	3805.56	11.257	2.4936	2.83122	66.1685	30.8062	0.480424	62.2986	51.6286	3.29645	0.663824	25.9406	2.09864	1.55936	0.254539	1.61187
6	1.80438	1.55936	8.26	1.42127	1466.37	3.41232	1.8825	59.0504	3697.74	11.3112	2.4427	2.91949	51.6286	32.8563	0.455509	66.1685	62.4374	3.59665	0.740896	29.6479	1.69021	2.11105	0.42	1.51347
7	1.66222	2.11105	8.26	0.822061	881.812	3.5193	1.82	55.2267	3472.13	15.0613	2.56851	2.4936	62.4374	32.5333	0.499212	51.6286	67.1491	3.5733	0.712104	28	1.424	3.1422	0.647305	1.55771
8	1.72063	3.1422	8.28917	0.58253	1671.7	3.49042	1.84236	53.9628	3824.07	20.6258	2.09864	2.4427	67.1491	30.1347	0.356775	62.4374	59.0504	3.5003	0.394153	28	1.28026	1.62113	0.335348	1.645
9	1.83111	1.62113	8.31	1.06534	1771.8	3.58604	1.87285	47.964	3634.27	18.5215	1.69021	2.56851	59.0504	27.925	0.640498	67.1491	55.2267	3.75312	0.683089	28	1.38856	1.56816	0.299831	1.64896
10	1.74847	1.56816	8.3025	1.062	1945.72	3.55961	1.905	32.6692	3194.23	20.0934	1.424	2.09864	55.2267	24.3389	0.314308	59.0504	53.9628	3.64187	0.388553	25.6083	1.93754	1.56892	0.300326	1.62993
11	1.69236	1.56892	8.27	1.04944	726.218	3.46978	1.8975	41.8091	3195.73	19.6886	1.28026	1.69021	53.9628	26.5312	0.237697	55.2267	47.964	3.54575	0.284787	23.9	1.98634	2.01617	0.398045	1.71521
12	1.61187	2.01617	8.27688	1.12573	793.355	3.45205	1.87187	43.9321	2447.22	12.3734	1.38856	1.424	47.964	30.6222	0.260168	53.9628	32.6692	3.56042	0.296284	26.1875	1.99443	1.92908	0.367155	1.71889
13	1.51347	1.92908	8.28	1.18739	759.986	3.34399	1.80812	55.9759	4160.43	12.2974	1.93754	1.28026	32.6692	28.3361	0.448439	47.964	41.8091	3.47386	0.513428	30.1507	1.55936	1.86957	0.359257	1.79764
14	1.55771	1.86957	8.28688	0.460317	910.798	3.47016	1.80438	55.6548	4139.11	14.0464	1.98634	1.38856	41.8091	26.3493	0.380191	32.6692	43.9321	3.46136	0.396337	30.8062	2.11105	2.19883	0.422268	1.71375
15	1.645	2.19883	8.29	0.398414	1542.26	3.55881	1.66222	54.9809	3056.67	12.2368	1.99443	1.93754	43.9321	23.3313	0.447169	41.8091	55.9759	3.53554	0.616042	32.8563	3.1422	1.96004	0.376881	1.63681
16	1.64896	1.96004	8.32437	0.933447	3055.4	3.58055	1.72063	51.4464	3287.61	11.4478	1.55936	1.98634	55.9759	19.0792	0.254539	43.9321	55.6548	3.73792	0.440701	32.5333	1.62113	1.94341	0.375263	1.57187
17	1.62993	1.94341	8.33458	0.932652	1944.6	3.58316	1.83111	54.7958	3553.03	11.3476	2.11105	1.99443	55.6548	21.5792	0.42	55.9759	54.9809	3.66072	0.483424	30.1347	1.56816	1.8011	0.350745	1.58
18	1.71521	1.8011	8.31	0.327861	1063.99	3.64206	1.74847	61.9197	2955.46	12.6508	3.1422	1.55936	54.9809	26.5063	0.647305	55.6548	51.4464	3.60744	0.846361	27.925	1.56892	2.19748	0.411074	1.78458
19	1.71889	2.19748	8.31	0.362143	1110.49	3.74307	1.69236	65.1504	3362.44	13.4086	1.62113	2.11105	51.4464	26.8465	0.335348	54.9809	54.7958	3.58349	0.638849	24.3389	2.01617	2.37914	0.46116	1.8
20	1.79764	2.37914	8.32389	0.879508	1628.29	3.58575	1.61187	58.7207	3655.45	10.6792	1.56816	3.1422	54.7958	27.1444	0.299831	51.4464	61.9197	3.56467	0.556546	26.5312	1.92908	2.1955	0.423112	1.66958
21	1.71375	2.1955	8.33	0.724034	1504.09	3.59912	1.51347	52.1406	2970.79	11.7341	1.56892	1.62113	61.9197	30.6875	0.300326	54.7958	65.1504	3.59535	0.530147	30.6222	1.86957	2.36123	0.45001	1.64562
22	1.63681	2.36123	8.33	0.768206	1897.25	3.57025	1.55771	57.2398	2300.66	13.6499	2.01617	1.56816	65.1504	29.7215	0.398045	61.9197	58.7207	3.6859	0.625992	28.3361	2.19883	3.04103	0.589281	1.69153
23	1.57187	3.04103	8.33	0.949293	3065.22	3.50833	1.645	50.356	2711.37	14.7256	1.92908	1.56892	58.7207	31.3569	0.367155	65.1504	52.1406	3.71378	0.578643	26.3493	1.96004	2.87538	0.55458	1.54563
24	1.58	2.87538	8.33	0.916644	3460.17	3.4909	1.64896	50.8651	2603.17	12.3541	1.86957	2.01617	52.1406	29.2278	0.359257	58.7207	57.2398	3.61461	0.539283	23.3313	1.94341	2.63345	0.514766	1.52313
25	1.78458	2.63345	8.3175	0.417468	1464.44	3.42854	1.62993	58.8133	2454.95	12.2965	2.19883	1.92908	57.2398	25.9333	0.422268	52.1406	50.356	3.49106	0.569063	19.0792	1.8011	2.6945	0.519972	1.5425
26	1.8	2.6945	8.29	0.986807	947.974	3.42557	1.71521	50.6395	2645.47	12.1166	1.96004	1.86957	50.356	22.7188	0.376881	57.2398	50.8651	3.58539	0.562093	21.5792	2.19748	2.7183	0.526763	1.48222
27	1.66958	2.7183	8.31062	1.08731	743.141	3.31002	1.71889	50.7899	3589.88	10.2122	1.94341	2.19883	50.8651	24.2569	0.375263	50.356	58.8133	3.50505	0.518727	26.5063	2.37914	2.66183	0.506196	1.44125
28	1.64562	2.66183	8.32	0.427605	1261.95	3.26231	1.79764	55.004	3634.87	10.8871	1.8011	1.96004	58.8133	32.3632	0.350745	50.8651	50.6395	3.37787	0.529425	26.8465	2.1955	2.6023	0.501089	1.46681
29	1.69153	2.6023	8.29438	0	1607.5	3.34268	1.71375	49.6156	2832.94	10.4006	2.19748	1.94341	50.6395	28.7437	0.411074	58.8133	50.7899	3.35276	0.638662	27.1444	2.36123	2.38005	0.461038	1.49264
30	1.54563	2.38005	8.26	0.426029	3094.63	3.42016	1.63681	41.6818	2917.08	10.532	2.37914	1.8011	50.7899	25.4868	0.46116	50.6395	55.004	3.50539	0.646896	30.6875	3.04103	2.16254	0.414491	1.53917
31	1.52313	2.16254	8.28271	1.17212	2691.05	3.32188	1.57187	44.0188	3548.68	10.6733	2.1955	2.19748	55.004	23.5125	0.423112	50.7899	49.6156	3.40737	0.626117	29.7215	2.87538	2.33791	0.454555	1.42375
32	1.5425	2.33791	8.30333	0.745421	1656.88	3.27448	1.58	52.5455	2737.24	12.0207	2.36123	2.37914	49.6156	25.3507	0.45001	55.004	41.6818	3.31951	0.628872	31.3569	2.63345	2.08201	0.38888	1.38
33	1.48222	2.08201	8.29	0.401721	1660.63	3.26021	1.78458	46.9054	3502.06	11.8998	3.04103	2.1955	41.6818	22.5688	0.589281	49.6156	44.0188	3.25709	0.662612	29.2278	2.6945	1.87005	0.354482	1.37278
34	1.44125	1.87005	8.26792	0.402645	1440.75	3.31109	1.8	56.0829	3808.38	10.0136	2.87538	2.36123	44.0188	23.25	0.55458	41.6818	52.5455	3.23222	0.608993	25.9333	2.7183	1.87693	0.362947	1.31278
35	1.46681	1.87693	8.23854	0.271211	991.44	3.34181	1.66958	56.2651	4048.27	12.4678	2.63345	3.04103	52.5455	23.5125	0.514766	44.0188	46.9054	3.23386	0.605655	22.7188	2.66183	1.69783	0.335224	1.29
36	1.49264	1.69783	8.23188	0.583305	1102.01	3.39737	1.64562	57.8704	2951.29	12.3932	2.6945	2.87538	46.9054	23.2569	0.519972	52.5455	56.0829	3.26103	0.61796	24.2569	2.6023	1.72401	0.344561	1.29
37	1.53917	1.72401	8.20458	1.01239	3570.26	3.40633	1.69153	55.4668	2918.11	10.4335	2.7183	2.63345	56.0829	22.8062	0.526763	46.9054	56.2651	3.8424	0.604965	32.3632	2.38005	1.75102	0.34758	1.33125
38	1.42375	1.75102	8.17062	1.5957	3495.98	3.44598	1.54563	49.4854	2544.35	10.8024	2.66183	2.6945	56.2651	23.5708	0.506196	56.0829	57.8704	3.78212	0.600638	28.7437	2.16254	1.80676	0.354839	1.34028
39	1.38	1.80676	8.13743	1.55557	1741.2	3.32755	1.52313	55.6028	2715.91	11.8475	2.6023	2.7183	57.8704	26.8014	0.501089	56.2651	55.4668	3.67523	0.587737	25.4868	2.33791	1.87521	0.360557	1.30292
40	1.37278	1.87521	8.10562	1.30426	1797.61	3.33413	1.5425	62.3998	2630.49	13.0137	2.38005	2.66183	55.4668	27.4583	0.461038	57.8704	49.4854	3.5902	0.520235	23.5125	2.08201	1.87143	0.366779	1.3075
41	1.31278	1.87143	8.15875	1.23729	1565.65	3.10616	1.48222	53.6215	3656.43	12.1463	2.16254	2.6023	49.4854	24.7875	0.414491	55.4668	55.6028	3.20981	0.547184	25.3507	1.87005	1.84134	0.360814	1.33979
42	1.29	1.84134	8.19	1.25134	761.808	2.95993	1.44125	49.1036	3587.3	13.5157	2.33791	2.38005	55.6028	22.6493	0.454555	49.4854	62.3998	3.01706	0.54169	22.5688	1.87693	1.92837	0.382463	1.52542
43	1.29	1.92837	8.14229	1.23039	1139.53	3.25719	1.46681	51.3249	2694.35	17.0839	2.08201	2.16254	62.3998	23.3972	0.38888	55.6028	53.6215	3.47204	0.494404	23.25	1.69783	1.94666	0.388182	1.40799
44	1.33125	1.94666	8.1	1.24106	2822.03	3.49245	1.49264	50.3387	2825.33	10.158	1.87005	2.33791	53.6215	21.3458	0.354482	62.3998	49.1036	3.6845	0.463039	23.5125	1.72401	2.00887	0.387662	1.37187
45	1.34028	2.00887	8.1	1.2714	3006.38	3.429	1.53917	42.081	2555.97	11.1261	1.87693	2.08201	49.1036	20.3313	0.362947	53.6215	51.3249	3.51343	0.464187	23.2569	1.75102	1.93378	0.380679	1.32153
46	1.30292	1.93378	8.09264	1.3216	1583.35	3.37929	1.42375	55.085	2399.96	10.5649	1.69783	1.87005	51.3249	21.0097	0.335224	49.1036	50.3387	3.63267	0.437509	22.8062	1.80676	1.85584	0.378312	1.14688
47	1.3075	1.85584	8.08437	1.22863	781.75	3.32637	1.38	58.2579	2660.7	10.6255	1.72401	1.87693	50.3387	21.5562	0.344561	51.3249	42.081	3.68886	0.441284	23.5708	1.87521	1.9183	0.38508	1.1
48	1.33979	1.9183	8.06	0.510255	784.544	3.32217	1.37278	54.0467	4178.91	9.9121	1.75102	1.69783	42.081	22.1472	0.34758	50.3387	55.085	3.57363	0.434126	26.8014	1.87143	1.92372	0.36822	1.08583
49	1.52542	1.92372	8.10292	0.84389	736.271	3.25322	1.31278	55.6114	3946.31	13.1739	1.80676	1.72401	55.085	21.7528	0.354839	42.081	58.2579	3.50342	0.445381	27.4583	1.84134	1.99409	0.394295	1.09403
50	1.40799	1.99409	8.09833	1.09698	1032.78	3.28171	1.29	56.7597	2919.47	11.403	1.87521	1.75102	58.2579	22.2264	0.360557	55.085	54.0467	3.56418	0.465292	24.7875	1.92837	1.85257	0.357275	1.14875
51	1.37187	1.85257	8.06854	1.24237	3540.16	3.31902	1.29	51.2353	3157.47	11.2669	1.87143	1.80676	54.0467	23.0437	0.366779	58.2579	55.6114	3.58686	0.458775	22.6493	1.94666	1.86842	0.358191	1.21194
52	1.32153	1.86842	8.08104	1.15571	3552.03	3.29049	1.33125	46.3183	3053.9	10.6064	1.84134	1.87521	55.6114	28.6701	0.360814	54.0467	56.7597	3.54001	0.460246	23.3972	2.00887	1.74829	0.342615	1.14562
53	1.14688	1.74829	8.06896	1.251	1699.55	3.19263	1.34028	48.0421	2602.34	11.0096	1.92837	1.87143	56.7597	26.0007	0.382463	55.6114	51.2353	3.40751	0.469854	21.3458	1.93378	1.88788	0.369072	1.14312
54	1.1	1.88788	8.09437	1.22733	1238.46	3.14782	1.30292	37.1524	2862.41	11.0729	1.94666	1.84134	51.2353	26.6812	0.388182	56.7597	46.3183	3.33505	0.477607	20.3313	1.85584	1.87598	0.366049	1.31368
55	1.08583	1.87598	8.10326	1.25212	797.469	3.18502	1.3075	36.6057	3607.11	11.4851	2.00887	1.92837	46.3183	26.2014	0.387662	51.2353	48.0421	3.52512	0.500022	21.0097	1.9183	1.89835	0.3752	1.65806
56	1.09403	1.89835	8.09313	1.20303	665.217	3.30045	1.33979	44.7853	3523.28	11.6936	1.93378	1.94666	48.0421	24.4187	0.380679	46.3183	37.1524	3.70051	0.463109	21.5562	1.92372	2.17568	0.421286	1.66618
57	1.14875	2.17568	8.07611	1.19913	695.745	3.25776	1.52542	44.1577	3153.17	14.1363	1.85584	2.00887	37.1524	20.3	0.378312	48.0421	36.6057	3.63354	0.443008	22.1472	1.99409	2.20436	0.429499	1.68111
58	1.21194	2.20436	8.07479	0.876726	808.683	3.26259	1.40799	19.3268	2713.68	10.6995	1.9183	1.93378	36.6057	21.2521	0.38508	37.1524	44.7853	3.60504	0.47592	21.7528	1.85257	2.09258	0.411389	1.66417
59	1.14562	2.09258	8.04	0.0498533	766.415	3.07953	1.37187	23.0897	2778.62	11.24	1.92372	1.85584	44.7853	21.4076	0.36822	36.6057	44.1577	3.41175	0.484271	22.2264	1.86842	1.9476	0.38838	1.7575
60	1.14312	1.9476	8.05014	0	760.593	3.15811	1.32153	38.4626	2477.63	11.1073	1.99409	1.9183	44.1577	22.0125	0.394295	44.7853	19.3268	3.42562	0.503189	23.0437	1.74829	1.85735	0.361517	1.78313
61	1.31368	1.85735	8.04	0	695.913	3.11235	1.14688	35.6541	2949.84	11.078	1.85257	1.92372	19.3268	23.0785	0.357275	44.1577	23.0897	3.34035	0.451195	28.6701	1.88788	1.85902	0.36899	1.7325
62	1.65806	1.85902	8.04	0.517122	700.774	3.27543	1.1	33.8898	4261.3	8.80596	1.86842	1.99409	23.0897	21.725	0.358191	19.3268	38.4626	3.53721	0.461726	26.0007	1.87598	1.90239	0.370477	1.72562
63	1.66618	1.90239	8.04	1.00763	717.028	3.36976	1.08583	32.8804	4129.61	11.7954	1.74829	1.85257	38.4626	24.3687	0.342615	23.0897	35.6541	3.59424	0.443653	26.6812	1.89835	2.13344	0.421034	1.75181
64	1.68111	2.13344	8.07812	1.22589	734.793	3.41363	1.09403	47.4984	3153.49	11.8361	1.88788	1.86842	35.6541	25.9472	0.369072	38.4626	33.8898	3.74336	0.456444	26.2014	2.17568	2.08467	0.404642	1.695
65	1.66417	2.08467	8.14125	1.23078	941.341	3.49254	1.14875	38.7808	2962.31	10.9552	1.87598	1.74829	33.8898	24.1944	0.366049	35.6541	32.8804	3.71277	0.438328	24.4187	2.20436	2.17442	0.412078	1.74562
66	1.7575	2.17442	8.22076	1.22906	966.418	3.52411	1.21194	34.3844	2586.74	11.7469	1.89835	1.88788	32.8804	19.6174	0.3752	33.8898	47.4984	3.74038	0.459941	20.3	2.09258	2.15105	0.412276	1.77188
67	1.78313	2.15105	8.1425	0.191109	734.259	3.42653	1.14562	40.4265	2146.87	11.5987	2.17568	1.87598	47.4984	20.2361	0.421286	32.8804	38.7808	3.55551	0.543735	21.2521	1.9476	2.10218	0.418338	1.7575
68	1.7325	2.10218	8.1	1.18009	907.714	3.38225	1.14312	44.123	2281.21	10.9052	2.20436	1.89835	38.7808	19.5312	0.429499	47.4984	34.3844	3.75185	0.514286	21.4076	1.85735	2.23368	0.430993	1.80299
69	1.72562	2.23368	8.1	0.384121	984.655	3.2611	1.31368	36.7446	2620.62	11.6785	2.09258	2.17568	34.3844	21.5437	0.411389	38.7808	40.4265	3.63597	0.484605	22.0125	1.85902	2.22762	0.43115	1.79604
70	1.75181	2.22762	8.0875	0.0554412	737.451	3.25152	1.65806	37.5747	2450.26	11.772	1.9476	2.20436	40.4265	22.8917	0.38838	34.3844	44.123	3.64155	0.461506	23.0785	1.90239	2.21175	0.426668	1.93437
71	1.695	2.21175	8.06	0.272262	764.495	3.21343	1.66618	42.2545	2501.08	9.48532	1.85735	2.09258	44.123	22.5562	0.361517	40.4265	36.7446	3.56175	0.42289	21.725	2.13344	2.13785	0.418327	1.92965
72	1.74562	2.13785	8.03917	0.644542	931.087	3.26007	1.68111	38.1907	2252.12	6.91608	1.85902	1.9476	36.7446	21.6549	0.36899	44.123	37.5747	3.66598	0.417153	24.3687	2.08467	2.27993	0.440423	1.92375
73	1.77188	2.27993	8.0791	0.557299	869.392	3.27857	1.66417	37.3924	2241.8	8.43504	1.90239	1.85735	37.5747	20.6799	0.370477	36.7446	42.2545	3.6442	0.382301	25.9472	2.17442	2.332	0.454185	1.88
74	1.7575	2.332	8.09951	0.284422	754.778	3.23793	1.7575	46.9575	2308.44	10.3171	2.13344	1.85902	42.2545	19.1187	0.421034	37.5747	38.1907	3.57507	0.41126	24.1944	2.15105	2.32411	0.452259	1.88
75	1.80299	2.32411	8.07181	0.108	749.346	3.22497	1.78313	45.3175	2365.4	12.694	2.08467	1.90239	38.1907	18.9937	0.404642	42.2545	37.3924	3.51855	0.382856	19.6174	2.10218	2.2363	0.437658	2.00028
76	1.79604	2.2363	8.08	0.764342	717.019	3.20918	1.7325	50.6626	3379.96	8.96285	2.17442	2.13344	37.3924	19.7188	0.412078	38.1907	46.9575	3.55313	0.393303	20.2361	2.23368	2.18901	0.455828	1.89993
77	1.93437	2.18901	8.08687	0.77368	763.222	3.19851	1.72562	42.8171	3496.98	11.4224	2.15105	2.08467	46.9575	20.7604	0.412276	37.3924	45.3175	3.53352	0.385237	19.5312	2.22762	2.04239	0.320312	1.90806
78	1.92965	2.04239	8.06938	0.751205	803.528	3.18417	1.75181	44.3573	2363.46	10.2438	2.10218	2.17442	45.3175	20.3618	0.418338	46.9575	50.6626	3.54469	0.377814	21.5437	2.21175	2.09756	0.41305	1.97451
79	1.92375	2.09756	8.04875	0.759058	859.298	3.25241	1.695	41.838	2529.19	12.6835	2.23368	2.15105	50.6626	19.5146	0.430993	45.3175	42.8171	3.55274	0.386786	22.8917	2.13785	2.22622	0.395102	1.96063
80	1.88	2.22622	8.03361	0.722097	918.758	3.26307	1.74562	40.3051	2221.22	10.2392	2.22762	2.10218	42.8171	19.2125	0.43115	50.6626	44.3573	3.53626	0.396016	22.5562	2.27993	2.28555	0.453998	1.875
81	1.88	2.28555	8.02313	0.0588409	730.976	3.18974	1.77188	42.9602	2413.48	10.5156	2.21175	2.23368	44.3573	18.7833	0.426668	42.8171	41.838	3.41338	0.401905	21.6549	2.332	2.08293	0.473122	2.01431
82	2.00028	2.08293	8.03	0.28433	727.175	3.14872	1.7575	36.6028	2477.5	9.29962	2.13785	2.22762	41.838	18.225	0.418327	44.3573	40.3051	3.41889	0.365222	20.6799	2.32411	1.97552	0.397182	1.99181
83	1.89993	1.97552	8.04375	0.0972384	748.961	3.29018	1.80299	41.9306	3276.25	13.2892	2.27993	2.21175	40.3051	18.7437	0.440423	41.838	42.9602	3.56327	0.390699	19.1187	2.2363	2.05355	0.399602	1.93472
84	1.90806	2.05355	8.05	0	749.361	3.43595	1.79604	40.8748	2896.28	10.2591	2.332	2.13785	42.9602	19.4375	0.454185	40.3051	36.6028	3.69772	0.438817	18.9937	2.18901	1.98213	0.393382	2.05972
85	1.97451	1.98213	8.04312	0.0620807	747.976	3.40471	1.93437	43.2032	2498.54	10.8105	2.32411	2.27993	36.6028	18.9438	0.452259	42.9602	41.9306	3.63978	0.44868	19.7188	2.04239	2.17371	0.430206	1.96271
86	1.96063	2.17371	8.01979	0	954.445	3.46089	1.92965	34.0952	2380.06	10.669	2.2363	2.332	41.9306	17.7111	0.437658	36.6028	40.8748	3.73103	0.472036	20.7604	2.09756	2.09433	0.405144	1.97188
87	1.875	2.09433	7.99667	0	869.529	3.45945	1.92375	35.3244	2180.37	10.6213	2.18901	2.32411	40.8748	17.0312	0.455828	41.9306	43.2032	3.6737	0.546167	20.3618	2.22622	2.00198	0.393263	1.95
88	2.01431	2.00198	7.9975	0	711.309	3.41854	1.88	35.119	2515.9	10.8363	2.04239	2.2363	43.2032	19.0528	0.320312	40.8748	34.0952	3.60632	0.393846	19.5146	2.28555	2.26551	0.456285	1.94854
89	1.99181	2.26551	8.03	0	747.085	3.38224	1.88	33.9852	2429.04	9.82585	2.09756	2.18901	34.0952	17.4875	0.41305	43.2032	35.3244	3.62437	0.48742	19.2125	2.08293	2.24727	0.441998	1.92708
90	1.93472	2.24727	8.03125	0.306718	729.536	3.3725	2.00028	31.5007	1478.02	11.1122	2.22622	2.04239	35.3244	18.95	0.395102	34.0952	35.119	3.61338	0.415349	18.7833	1.97552	2.28451	0.441455	1.93625
91	2.05972	2.28451	8.01	0.200637	766.227	3.39322	1.89993	22.9769	3267.53	11.1513	2.28555	2.09756	35.119	20.4611	0.453998	35.3244	33.9852	3.62141	0.555691	18.225	2.05355	2.40226	0.470363	1.97049
92	1.96271	2.40226	8.03063	0.624025	772.046	3.31006	1.90806	20.5271	2299.65	10.8903	2.08293	2.22622	33.9852	19.0104	0.473122	35.119	31.5007	3.59292	0.350816	18.7437	1.98213	2.29517	0.456071	1.99625
93	1.97188	2.29517	8.01903	0.0769602	677.393	3.24502	1.97451	17.8719	2327.42	10.8114	1.97552	2.28555	31.5007	20.3	0.397182	33.9852	22.9769	3.43828	0.463431	19.4375	2.17371	2.30779	0.466226	1.98375
94	1.95	2.30779	8.02	0	845.595	3.25147	1.96063	23.7	2418.72	11.2705	2.05355	2.08293	22.9769	19.891	0.399602	31.5007	20.5271	3.45782	0.504459	18.9438	2.09433	2.38477	0.464401	1.98562
95	1.94854	2.38477	8.02688	0.0539784	688.214	3.43746	1.875	20.8019	2446.45	10.409	1.98213	1.97552	20.5271	15.1375	0.393382	22.9769	17.8719	3.61858	0.493283	17.7111	2.00198	2.52358	0.499814	2.00687
96	1.92708	2.52358	8.02313	0.254115	758.625	3.61906	2.01431	22.2914	2499.85	11.3502	2.17371	2.05355	17.8719	13.625	0.430206	20.5271	23.7	4.02423	0.518534	17.0312	2.26551	2.50446	0.487987	2.17229
97	1.93625	2.50446	7.98562	0.4321	788.358	3.63055	1.99181	22.517	3503.23	13.7723	2.09433	1.98213	23.7	13.5062	0.405144	17.8719	20.8019	4.08687	0.51791	19.0528	2.24727	2.60539	0.512848	2.10653
98	1.97049	2.60539	8.00125	0.433366	721.386	3.58105	1.93472	23.9198	2996.66	13.7515	2.00198	2.17371	20.8019	13.4042	0.393263	23.7	22.2914	3.90648	0.480362	17.4875	2.28451	2.47831	0.491682	2.14007
99	1.99625	2.47831	8.03	0.577743	805.149	3.49737	2.05972	24.9177	2208.88	20.2935	2.26551	2.09433	22.2914	14.1535	0.456285	20.8019	22.517	3.8067	0.54069	18.95	2.40226	2.58341	0.508247	2.255
100	1.98375	2.58341	7.99306	0.836798	931.924	3.61349	1.96271	27.1506	2285.76	15.1351	2.24727	2.00198	22.517	15.3063	0.441998	22.2914	23.9198	3.88278	0.538455	20.4611	2.29517	2.51591	0.494043	2.26812
101	1.98562	2.51591	8.03	0.631056	754.565	3.55039	1.97188	26.7862	2322.41	13.9478	2.28451	2.26551	23.9198	16.1347	0.441455	22.517	24.9177	3.74284	0.539543	19.0104	2.30779	2.64491	0.518627	2.27625
102	2.00687	2.64491	8.03	0.506082	668.261	3.48667	1.95	22.8034	2351.97	13.4723	2.40226	2.24727	24.9177	16.4625	0.470363	23.9198	27.1506	3.67471	0.548936	20.3	2.38477	2.49909	0.500571	2.24278
103	2.17229	2.49909	8.0725	0.696416	692.437	3.52919	1.94854	25.4499	2317.22	12.5526	2.29517	2.28451	27.1506	16.6438	0.456071	24.9177	26.7862	3.84469	0.536841	19.891	2.52358	2.5205	0.496601	2.2425
104	2.10653	2.5205	8.125	0.680347	681.512	3.47244	1.92708	24.0413	1947.28	11.7652	2.30779	2.40226	26.7862	18.025	0.466226	27.1506	22.8034	3.78705	0.544873	15.1375	2.50446	2.39736	0.459329	2.26806
105	2.14007	2.39736	8.14292	0.484188	704.177	3.46494	1.93625	25.2474	2745.77	10.9447	2.38477	2.29517	22.8034	17.5188	0.464401	26.7862	25.4499	3.67397	0.545737	13.625	2.60539	2.48908	0.486624	2.2816
106	2.255	2.48908	8.18292	0	670.831	3.45913	1.97049	23.4889	2082.33	10.5459	2.52358	2.30779	25.4499	19.0646	0.499814	22.8034	24.0413	3.66025	0.600353	13.5062	2.47831	2.45249	0.478994	2.2591
107	2.26812	2.45249	8.19313	0	929.786	3.4904	1.99625	26.0949	2308.08	13.6687	2.50446	2.38477	24.0413	16.95	0.487987	25.4499	25.2474	3.70007	0.59928	13.4042	2.58341	2.50336	0.501278	2.305
108	2.27625	2.50336	8.17535	0.356247	727.296	3.56381	1.98375	26.6676	2531.59	9.82256	2.60539	2.52358	25.2474	16.0389	0.512848	24.0413	23.4889	3.7257	0.632739	14.1535	2.51591	2.51779	0.515641	2.2775
109	2.24278	2.51779	8.14	0.702989	706.909	3.50242	1.98562	26.0949	2180.49	13.6688	2.47831	2.50446	23.4889	14.8688	0.491682	25.2474	26.0949	3.68426	0.617218	15.3063	2.64491	2.58462	0.514483	2.31528
110	2.2425	2.58462	8.14	0.211253	729.852	3.47721	2.00687	25.4239	2513.67	10.9745	2.58341	2.60539	26.0949	15.325	0.508247	23.4889	26.6676	3.64344	0.632701	16.1347	2.49909	2.59559	0.513141	2.33583
111	2.26806	2.59559	8.14	0.123025	830.126	3.44933	2.17229	18.8524	3026.7	12.7883	2.51591	2.47831	26.6676	15.2069	0.494043	26.0949	26.0949	3.56562	0.615547	16.4625	2.5205	2.48694	0.491672	2.44729
112	2.2816	2.48694	8.1675	0.119496	852	3.4625	2.10653	19.159	2451.98	10.7997	2.64491	2.58341	26.0949	14.7674	0.518627	26.6676	25.4239	3.5775	0.643675	16.6438	2.39736	2.52786	0.502294	2.36667
113	2.2591	2.52786	8.1525	0.905454	880.139	3.42477	2.14007	19.9052	1872.11	10.8985	2.49909	2.51591	25.4239	15.0299	0.500571	26.0949	18.8524	3.59553	0.632195	18.025	2.48908	2.55621	0.499498	2.36986
114	2.305	2.55621	8.14	0.87	760.959	3.45895	2.255	24.6082	1981.08	8.4185	2.5205	2.64491	18.8524	16.1486	0.496601	25.4239	19.159	3.64229	0.625771	17.5188	2.45249	2.68357	0.522348	2.265
115	2.2775	2.68357	8.14	0.87	795.4	3.59391	2.26812	27.1535	2047.87	7.26667	2.39736	2.49909	19.159	16.3736	0.459329	18.8524	19.9052	3.76697	0.568944	19.0646	2.50336	2.6107	0.50814	2.20938
116	2.31528	2.6107	8.1675	0.87	751.122	3.57079	2.27625	23.1331	2140.2	10.9002	2.48908	2.5205	19.9052	13.5639	0.486624	19.159	24.6082	3.67873	0.566519	16.95	2.51779	2.89283	0.567646	2.13583
117	2.33583	2.89283	8.18	0.87	709.099	3.54232	2.24278	26.4767	1967.04	10.5906	2.45249	2.39736	24.6082	14.725	0.478994	19.9052	27.1535	3.69443	0.553931	16.0389	2.58462	2.85713	0.560878	2.1025
118	2.44729	2.85713	8.16556	0.87	713.704	3.47541	2.2425	24.8541	3236.62	9.28873	2.50336	2.48908	27.1535	13.8625	0.501278	24.6082	23.1331	3.6308	0.603019	14.8688	2.59559	2.86279	0.551924	1.98194
119	2.36667	2.86279	8.15306	0.87	774.217	3.50391	2.26806	26.9019	2254.58	13.6716	2.51779	2.45249	23.1331	14.7736	0.515641	27.1535	26.4767	3.65303	0.585791	15.325	2.48694	3.15813	0.592613	1.99833
120	2.36986	3.15813	8.14285	0.87	714.01	3.46397	2.2816	19.7635	2121.6	14.6795	2.58462	2.50336	26.4767	14.5056	0.514483	23.1331	24.8541	3.60033	0.59804	15.2069	2.52786	3.3456	0.634452	1.9825
121	2.265	3.3456	8.11896	0.87	717.125	3.37166	2.2591	19.2718	2225.69	13.2713	2.59559	2.51779	24.8541	14.5	0.513141	26.4767	26.9019	3.54613	0.608029	14.7674	2.55621	3.06164	0.58375	1.9975
122	2.20938	3.06164	8.08854	0.368542	686.189	3.31967	2.305	20.0556	2387.78	11.1962	2.48694	2.58462	26.9019	14.884	0.491672	24.8541	19.7635	3.38661	0.606413	15.0299	2.68357	2.9202	0.563446	1.955
123	2.13583	2.9202	8.11507	0	686.88	3.29978	2.2775	21.3688	2348.27	10.278	2.52786	2.59559	19.7635	16.0125	0.502294	26.9019	19.2718	3.37732	0.607495	16.1486	2.6107	2.9919	0.578318	1.95
124	2.1025	2.9919	8.13687	0	650.773	3.30869	2.31528	22.8786	2518.59	10.2206	2.55621	2.48694	19.2718	12.3187	0.499498	19.7635	20.0556	3.36569	0.614349	16.3736	2.89283	2.96473	0.542256	1.90938
125	1.98194	2.96473	8.16062	0	669.874	3.40463	2.33583	18.809	2180.55	8.32746	2.68357	2.52786	20.0556	13.3	0.522348	19.2718	21.3688	3.49225	0.630763	13.5639	2.85713	3.08539	0.589558	1.93562
126	1.99833	3.08539	8.18375	0	647.719	3.50482	2.44729	21.4584	2601.07	10.7933	2.6107	2.55621	21.3688	12.4667	0.50814	20.0556	22.8786	3.68237	0.629128	14.725	2.86279	3.07429	0.586697	1.95347
127	1.9825	3.07429	8.19	0.00578156	717.655	3.49171	2.36667	18.4041	2268.79	10.5265	2.89283	2.68357	22.8786	11.9625	0.567646	21.3688	18.809	3.6684	0.685824	13.8625	3.15813	3.03726	0.57339	1.95271
128	1.9975	3.03726	8.19	0	723.237	3.46448	2.36986	22.598	2114.77	10.5265	2.85713	2.6107	18.809	11.2757	0.560878	22.8786	21.4584	3.66211	0.687357	14.7736	3.3456	3.08147	0.572849	1.95833
129	1.955	3.08147	8.15424	0	673.382	3.52422	2.265	17.3542	2168.12	10.5265	2.86279	2.89283	21.4584	13.3021	0.551924	18.809	18.4041	3.75749	0.688192	14.5056	3.06164	3.07308	0.580694	1.9625
130	1.95	3.07308	8.14	0	662.563	3.53198	2.20938	18.6673	2377.75	10.5265	3.15813	2.85713	18.4041	13.4563	0.592613	21.4584	22.598	3.65776	0.675818	14.5	2.9202	3.06955	0.588033	2.02139
131	1.90938	3.06955	8.17437	0	605.321	3.53314	2.13583	20.3304	2102.1	10.5265	3.3456	2.86279	22.598	13.7562	0.634452	18.4041	17.3542	3.71904	0.681201	14.884	2.9919	3.08031	0.577827	1.97639
132	1.93562	3.08031	8.18313	0	695.448	3.62914	2.1025	23.995	2103.61	10.5265	3.06164	3.15813	17.3542	14	0.58375	22.598	18.6673	3.81642	0.654529	16.0125	2.96473	3.19083	0.592301	2.05979
133	1.95347	3.19083	8.18	0	618.399	3.59236	1.98194	18.4778	1944.83	10.5265	2.9202	3.3456	18.6673	13.725	0.563446	17.3542	20.3304	3.75362	0.662891	12.3187	3.08539	3.18602	0.596368	2.50521
134	1.95271	3.18602	8.19313	0	578.877	3.50443	1.99833	20.6775	2003.42	10.5265	2.9919	3.06164	20.3304	11.241	0.578318	18.6673	23.995	3.62222	0.681437	13.3	3.07429	3.18403	0.605107	2.10167
135	1.95833	3.18403	8.17	0	585.635	3.49116	1.9825	24.7846	1789.9	4.50745	2.96473	2.9202	23.995	12.6625	0.542256	20.3304	18.4778	3.63033	0.628762	12.4667	3.03726	3.27102	0.643955	1.9
136	1.9625	3.27102	8.16292	0	626.817	3.51511	1.9975	19.0433	1984.83	0.148	3.08539	2.9919	18.4778	12.2972	0.589558	23.995	20.6775	3.51524	0.695422	11.9625	3.08147	3.30915	0.645535	1.9
137	2.02139	3.30915	8.16687	0	684.817	3.64694	1.955	18.0194	1790.06	0.137722	3.07429	2.96473	20.6775	11.5396	0.586697	18.4778	24.7846	3.715	0.702426	11.2757	3.07308	3.45847	0.650131	1.87938
138	1.97639	3.45847	8.15625	0	735.286	3.64803	1.95	21.7043	2133.88	0.144917	3.03726	3.08539	24.7846	12.2965	0.57339	20.6775	19.0433	3.77327	0.687316	13.3021	3.06955	3.51075	0.653488	1.87
139	2.05979	3.51075	8.17062	0	672.182	3.64493	1.90938	19.1879	1930.16	0.0668056	3.08147	3.07429	19.0433	13.7625	0.572849	24.7846	18.0194	3.74383	0.712761	13.4563	3.08031	3.47087	0.643862	1.89625
140	2.50521	3.47087	8.19375	0	820.838	3.62689	1.93562	16.3997	1868.36	0	3.07308	3.03726	18.0194	15.0493	0.580694	19.0433	21.7043	3.67849	0.685125	13.7562	3.19083	3.26732	0.640922	1.93285
141	2.10167	3.26732	8.24125	0.0271875	660.363	3.5758	1.95347	16.8943	1756.89	0	3.06955	3.08147	21.7043	12.6417	0.588033	18.0194	19.1879	3.54205	0.669179	14	3.18602	3.09264	0.608077	1.9
142	1.9	3.09264	8.26	0	789.31	3.66898	1.95271	19.2892	1738.51	0	3.08031	3.07308	19.1879	14.4917	0.577827	21.7043	16.3997	3.7121	0.683902	13.725	3.18403	3.29968	0.61263	1.9
143	1.9	3.29968	8.28806	0	1025.19	3.66151	1.95833	30.4479	2030.76	4.45069	3.19083	3.06955	16.3997	16.2271	0.592301	19.1879	16.8943	3.70407	0.711776	11.241	3.27102	3.23644	0.599596	1.92063
144	1.87938	3.23644	8.30854	0	791.584	3.68145	1.9625	45.6415	1718.39	10.032	3.18602	3.08031	16.8943	16.9833	0.596368	16.3997	19.2892	3.68578	0.732757	12.6625	3.30915	3.3449	0.620603	1.90896
145	1.87	3.3449	8.29	0.594754	663.393	3.58802	2.02139	17.6636	1535	11.6251	3.18403	3.19083	19.2892	12.2063	0.605107	16.8943	30.4479	3.66552	0.722586	12.2972	3.45847	3.40619	0.63732	1.91496
146	1.89625	3.40619	8.3	0.977056	727.203	3.71597	1.97639	19.5003	1607.32	10.1323	3.27102	3.18602	30.4479	11.4938	0.643955	19.2892	45.6415	3.82517	0.739395	11.5396	3.51075	3.47286	0.645183	2.46698
147	1.93285	3.47286	8.29	1.05738	674.089	3.70649	2.05979	18.0686	1664.64	7.97489	3.30915	3.18403	45.6415	11.4688	0.645535	30.4479	17.6636	3.73768	0.779806	12.2965	3.47087	3.51916	0.650783	3.28754
148	1.9	3.51916	8.29653	0.917358	659.966	3.70383	2.50521	21.8344	1932.39	9.31622	3.45847	3.27102	17.6636	11.2243	0.650131	45.6415	19.5003	3.7581	0.776752	13.7625	3.26732	3.54522	0.669651	3.66989
149	1.9	3.54522	8.27	1.01753	756.138	3.75648	2.10167	15.6477	2185.49	8.22231	3.51075	3.30915	19.5003	11.7458	0.653488	17.6636	18.0686	3.81647	0.742103	15.0493	3.09264	3.52969	0.65369	2.56875
150	1.92063	3.52969	8.19792	1.04412	684.185	3.72524	1.9	19.3094	1916.07	9.80657	3.47087	3.45847	18.0686	14.4882	0.643862	19.5003	21.8344	3.73312	0.73428	12.6417	3.29968	3.51416	0.655062	2.46937
151	1.90896	3.51416	8.35833	0.962787	594.922	3.63277	1.9	24.5099	2025.2	12.4521	3.26732	3.51075	21.8344	13.1924	0.640922	18.0686	15.6477	3.64101	0.715662	14.4917	3.23644	3.38482	0.646717	2.43
152	1.91496	3.38482	8.35625	1.03894	659.199	3.65197	1.87938	24.8309	1799.23	10.9674	3.09264	3.47087	15.6477	13.8562	0.608077	21.8344	19.3094	3.69128	0.728631	16.2271	3.3449	3.40012	0.663785	2.41438
153	2.46698	3.40012	8.35688	0.500782	622.966	3.75219	1.87	16.6542	2261.97	9.86753	3.29968	3.26732	19.3094	13.7	0.61263	15.6477	24.5099	3.69707	0.739921	16.9833	3.40619	3.39883	0.646437	2.39688
154	3.28754	3.39883	8.36	0.748136	667.838	3.62077	1.89625	17.4872	2041.89	8.5212	3.23644	3.09264	24.5099	11.6681	0.599596	19.3094	24.8309	3.60725	0.721288	12.2063	3.47286	3.43343	0.659609	2.42583
155	3.66989	3.43343	8.4091	0.289736	611.943	3.61812	1.93285	18.9103	1948.24	13.1243	3.3449	3.29968	24.8309	10.95	0.620603	24.5099	16.6542	3.55373	0.742961	11.4938	3.51916	3.4786	0.658794	2.395
156	2.56875	3.4786	8.44417	0	666.414	3.60153	1.9	17.6608	1837.45	11.2164	3.40619	3.23644	16.6542	12.0708	0.63732	24.8309	17.4872	3.56115	0.753655	11.4688	3.54522	3.46944	0.649248	2.38
157	2.46937	3.46944	8.42896	0	686.936	3.62663	1.9	18.0801	2058.85	11.5615	3.47286	3.3449	17.4872	12.9111	0.645183	16.6542	18.9103	3.51002	0.762521	11.2243	3.52969	3.366	0.631275	2.34563
158	2.43	3.366	8.41437	0	632.13	3.54357	1.92063	18.4562	1900.41	10.7277	3.51916	3.40619	18.9103	13.2167	0.650783	17.4872	17.6608	3.41615	0.779392	11.7458	3.51416	3.25601	0.6184	2.275
159	2.41438	3.25601	8.39	0	609.581	3.51006	1.90896	20.9899	1743.91	11.5959	3.54522	3.47286	17.6608	12.6062	0.669651	18.9103	18.0801	3.48158	0.78193	14.4882	3.38482	3.24571	0.616812	2.265
160	2.39688	3.24571	8.39	0	579.391	3.54058	1.91496	31.9143	2178.38	10.2182	3.52969	3.51916	18.0801	10.7438	0.65369	17.6608	18.4562	3.50401	0.779099	13.1924	3.40012	3.19709	0.613485	2.24375
161	2.42583	3.19709	8.41806	0	566.603	3.59752	2.46698	27.2793	1900.63	9.7278	3.51416	3.54522	18.4562	10.925	0.655062	18.0801	20.9899	3.52881	0.767755	13.8562	3.39883	3.34763	0.637268	2.22938
162	2.395	3.34763	8.44417	0	585.349	3.7241	3.28754	35.4632	1639.37	11.3661	3.38482	3.52969	20.9899	11.9	0.646717	18.4562	31.9143	3.58324	0.750362	13.7	3.43343	3.34545	0.619214	2.20938
163	2.38	3.34545	8.43167	0	627.434	3.75172	3.66989	22.4389	1846.28	10.184	3.40012	3.51416	31.9143	11.3812	0.663785	20.9899	27.2793	3.48948	0.755136	11.6681	3.4786	3.33456	0.622396	2.24875
164	2.34563	3.33456	8.38	0	797.237	3.77266	2.56875	21.8605	1722.06	9.48703	3.39883	3.38482	27.2793	14.1188	0.646437	31.9143	35.4632	3.51296	0.751726	10.95	3.46944	3.15502	0.601287	2.22313
165	2.275	3.15502	8.39417	0	609.502	3.64946	2.46937	35.9202	1819.75	9.90885	3.43343	3.40012	35.4632	13.8	0.659609	27.2793	22.4389	3.67453	0.769016	12.0708	3.366	3.13108	0.597961	2.12188
166	2.265	3.13108	8.41375	0	639.135	3.50587	2.43	42.7317	1590.33	10.7868	3.4786	3.39883	22.4389	14.6937	0.658794	35.4632	21.8605	3.77325	0.762736	12.9111	3.25601	3.11249	0.596195	2.09797
167	2.24375	3.11249	8.43375	0	1035.63	3.56323	2.41438	27.9084	1801.95	10.3535	3.46944	3.43343	21.8605	14.9812	0.649248	22.4389	35.9202	3.70609	0.754724	13.2167	3.24571	3.08183	0.600461	2.10179
168	2.22938	3.08183	8.43313	0	643.275	3.55643	2.39688	36.7474	1938.22	8.22078	3.366	3.4786	35.9202	14.95	0.631275	21.8605	42.7317	3.74018	0.748706	12.6062	3.19709	3.17867	0.606151	2.11375
169	2.20938	3.17867	8.40938	0	721.508	3.57217	2.42583	34.7604	1728.19	10.1979	3.25601	3.46944	42.7317	15.3938	0.6184	35.9202	27.9084	3.70072	0.725845	10.7438	3.34763	3.31806	0.624726	2.1275
170	2.24875	3.31806	8.39312	0	675.887	3.59045	2.395	19.7346	1600.6	9.96459	3.24571	3.366	27.9084	14.4688	0.616812	42.7317	36.7474	3.72959	0.729577	10.925	3.34545	3.42431	0.65461	2.08875
171	2.22313	3.42431	8.38167	0	1201.8	3.56783	2.38	18.1698	1559.46	9.82868	3.19709	3.25601	36.7474	15.7375	0.613485	27.9084	34.7604	3.6842	0.730922	11.9	3.33456	3.46676	0.642556	2.05625
172	2.12188	3.46676	8.37063	0	736.512	3.693	2.34563	18.3029	1467.97	8.68665	3.34763	3.24571	34.7604	16.0188	0.637268	36.7474	19.7346	3.88142	0.747684	11.3812	3.15502	3.43707	0.630436	2.08
173	2.09797	3.43707	8.36313	0	1069.69	3.90129	2.275	36.1487	1577.28	8.65588	3.34545	3.19709	19.7346	17.9875	0.619214	34.7604	18.1698	4.10497	0.745149	14.1188	3.13108	3.40151	0.634026	2.12958
174	2.10179	3.40151	8.36688	0	680.746	3.92227	2.265	23.3442	1693.27	8.53707	3.33456	3.34763	18.1698	17.4125	0.622396	19.7346	18.3029	4.03808	0.731793	13.8	3.11249	3.36702	0.617779	2.12812
175	2.11375	3.36702	8.37	0	720.866	3.93688	2.24375	20.0961	2002.18	10.5738	3.15502	3.34545	18.3029	15.4812	0.601287	18.1698	36.1487	4.15074	0.724515	14.6937	3.08183	3.37386	0.622018	2.12167
176	2.1275	3.37386	8.37688	0	1154.95	3.8599	2.22938	20.0238	1638.3	8.29993	3.13108	3.33456	36.1487	15.6323	0.597961	18.3029	23.3442	4.18113	0.715914	14.9812	3.17867	3.36615	0.636345	2.11653
177	2.08875	3.36615	8.38	0	796.626	3.91414	2.20938	16.9435	1767.34	10.1393	3.11249	3.15502	23.3442	14.8625	0.596195	36.1487	20.0961	4.01927	0.717452	14.95	3.31806	3.31633	0.608911	2.12188
178	2.05625	3.31633	8.38	0	737.649	3.84326	2.24875	20.1193	2008.22	10.4699	3.08183	3.13108	20.0961	14.8313	0.600461	23.3442	20.0238	3.99344	0.722253	15.3938	3.42431	3.27989	0.63664	2.09938
179	2.08	3.27989	8.39375	0	706.005	3.87871	2.22313	20.6167	1788.69	10.5971	3.17867	3.11249	20.0238	15.1937	0.606151	20.0961	16.9435	4.07397	0.73801	14.4688	3.46676	3.39809	0.653082	2.07847
180	2.12958	3.39809	8.39312	0	701.602	3.90692	2.12188	19.5668	2141.75	10.494	3.31806	3.08183	16.9435	13.6312	0.624726	20.0238	20.1193	4.07225	0.775424	15.7375	3.43707	3.3696	0.646794	2.0725
181	2.12812	3.3696	8.41062	0	649.103	3.90438	2.09797	20.9899	1870.42	10.4877	3.42431	3.17867	20.1193	12.2438	0.65461	16.9435	20.6167	4.08369	0.80025	16.0188	3.40151	3.29557	0.637217	2.11375
182	2.12167	3.29557	8.40625	0	656.77	3.88776	2.10179	17.6579	2841.63	10.6885	3.46676	3.31806	20.6167	14.9812	0.642556	20.1193	19.5668	3.98221	0.78516	17.9875	3.36702	3.14555	0.611441	2.09278
183	2.11653	3.14555	8.43437	0	576.746	3.8639	2.11375	17.8227	2024.82	11.8904	3.43707	3.42431	19.5668	15.4403	0.630436	20.6167	20.9899	4.10044	0.765032	17.4125	3.37386	3.20955	0.62065	1.99785
184	2.12188	3.20955	8.45	0	737.859	3.89096	2.1275	18.2768	2141.08	13.1493	3.40151	3.46676	20.9899	15.9313	0.634026	19.5668	17.6579	4.02794	0.755887	15.4812	3.36615	3.28845	0.642542	2
185	2.09938	3.28845	8.45	0	654.069	3.85137	2.08875	19.0115	1889.49	12.2467	3.36702	3.43707	17.6579	14.5222	0.617779	20.9899	17.8227	4.05898	0.742234	15.6323	3.31633	3.38497	0.668993	2.02062
186	2.07847	3.38497	8.45688	0	648.792	3.87842	2.05625	22.2075	1709.64	12.0788	3.37386	3.40151	17.8227	13.2556	0.622018	17.6579	18.2768	4.07005	0.736511	14.8625	3.27989	3.39	0.67	1.98708
187	2.0725	3.39	8.46	0	670.182	3.88254	2.08	20.0412	1997.72	11.0523	3.36615	3.36702	18.2768	12.6438	0.636345	17.8227	19.0115	4.13928	0.73033	14.8313	3.39809	3.39	0.67	1.99146
188	2.11375	3.39	8.4875	0	622.727	3.78908	2.12958	19.6073	2354.57	9.77885	3.31633	3.37386	19.0115	12.7188	0.608911	18.2768	22.2075	3.96969	0.733123	15.1937	3.3696	3.39	0.67	1.98979
189	2.09278	3.39	8.5	0	643.831	3.74737	2.12812	19.6333	2086.27	10.7241	3.27989	3.36615	22.2075	14.3931	0.63664	19.0115	20.0412	3.99712	0.72958	13.6312	3.29557	3.39	0.67	1.95778
190	1.99785	3.39	8.49299	0	665.782	3.70441	2.12167	19.1966	2024.88	13.1244	3.39809	3.31633	20.0412	13.8264	0.653082	22.2075	19.6073	3.86025	0.746656	12.2438	3.14555	3.39	0.67	2.00785
191	2	3.39	8.49	0	737.88	3.66051	2.11653	20.5097	2014.48	11.2614	3.3696	3.27989	19.6073	14.1438	0.646794	20.0412	19.6333	3.85426	0.727197	14.9812	3.20955	3.39	0.67	2.04688
192	2.02062	3.39	8.48278	0	733.373	3.67138	2.12188	17.7446	2025.91	11.831	3.29557	3.39809	19.6333	15.4076	0.637217	19.6073	19.1966	3.83925	0.719385	15.4403	3.28845	3.39	0.67	1.96562
193	1.98708	3.39	8.48	0	647.918	3.66284	2.09938	19.9168	1837.28	10.7927	3.14555	3.3696	19.1966	11.5681	0.611441	19.6333	20.5097	3.85426	0.734952	15.9313	3.38497	3.39	0.67	1.95
194	1.99146	3.39	8.47312	0	711.067	3.71562	2.07847	20.692	1496.39	10.7471	3.20955	3.29557	20.5097	11.0312	0.62065	19.1966	17.7446	3.93503	0.729255	14.5222	3.39	3.31367	0.65317	1.97625
195	1.98979	3.31367	8.45625	0	676.53	3.66874	2.0725	19.5697	2035.76	9.26831	3.28845	3.14555	17.7446	12.3875	0.642542	20.5097	19.9168	3.8685	0.736818	13.2556	3.39	3.01316	0.594069	1.96375
196	1.95778	3.01316	8.44285	0	643.209	3.6222	2.11375	20.4663	1734.74	10.4855	3.38497	3.20955	19.9168	14.9736	0.668993	17.7446	20.692	3.84925	0.738993	12.6438	3.39	2.77002	0.532707	1.91417
197	2.00785	2.77002	8.44715	0	706.694	3.55954	2.09278	23.755	1812.57	8.47018	3.39	3.28845	20.692	14.4326	0.67	19.9168	19.5697	3.77799	0.74	12.7188	3.39	3.08081	0.602544	1.85854
198	2.04688	3.08081	8.46375	0	631.021	3.50222	1.99785	12.5673	1927.71	10.6044	3.39	3.38497	19.5697	14.2069	0.67	20.692	20.4663	3.9171	0.74	14.3931	3.39	3.04077	0.591905	1.85
199	1.96562	3.04077	8.47	0	756.165	3.55165	2	18.5747	1705.91	10.7747	3.39	3.39	20.4663	13.7993	0.67	19.5697	23.755	3.82302	0.74	13.8264	3.39	2.92731	0.589441	1.81563
200	1.95	2.92731	8.49167	0	546.719	3.55893	2.02062	19.5929	1723.31	11.061	3.39	3.39	23.755	14.6083	0.67	20.4663	12.5673	3.77029	0.74	14.1438	3.39	2.96673	0.578014	1.8
201	1.97625	2.96673	8.48625	0	603.69	3.63325	1.98708	20.2523	1894.1	8.65704	3.39	3.39	12.5673	14.775	0.67	23.755	18.5747	3.88793	0.74	15.4076	3.39	3.01297	0.59838	1.80937
202	1.96375	3.01297	8.4525	0	665.318	3.74203	1.99146	14.3664	2125.99	10.5833	3.39	3.39	18.5747	13.3812	0.67	12.5673	19.5929	3.87315	0.74	11.5681	3.31367	2.86068	0.563353	1.84076
203	1.91417	2.86068	8.46146	0	711.157	3.74374	1.98979	15.1994	2149.57	10.5842	3.39	3.39	19.5929	15.9437	0.67	18.5747	20.2523	3.74178	0.74	11.0312	3.01316	2.68191	0.526244	1.8875
204	1.85854	2.68191	8.47	0	679.669	3.64417	1.95778	26.8729	1772.85	10.7118	3.39	3.39	20.2523	16.1021	0.67	19.5929	14.3664	3.73668	0.74	12.3875	2.77002	3.06683	0.607656	1.84062
205	1.85	3.06683	8.48431	0	655.461	3.62494	2.00785	27.1737	2031.8	10.5421	3.31367	3.39	14.3664	16.8958	0.65317	20.2523	15.1994	3.81308	0.729903	14.9736	3.08081	3.29151	0.639106	1.81812
206	1.81563	3.29151	8.49722	0	728.787	3.6974	2.04688	29.3343	1913.58	10.7167	3.01316	3.39	15.1994	16.2403	0.594069	14.3664	26.8729	3.72127	0.705469	14.4326	3.04077	2.52968	0.499227	1.83312
207	1.8	2.52968	8.5	0	623.592	3.69671	1.96562	29.0682	1777.12	10.9678	2.77002	3.31367	26.8729	14.8743	0.532707	15.1994	27.1737	3.73401	0.631944	14.2069	2.92731	2.84379	0.5578	1.76625
208	1.80937	2.84379	8.47937	0	725.85	3.65508	1.95	29.9244	2024.89	10.7932	3.08081	3.01316	27.1737	14.225	0.602544	26.8729	29.3343	3.76035	0.74461	13.7993	2.96673	2.92631	0.572852	1.74597
209	1.84076	2.92631	8.49062	0	666.975	3.71024	1.97625	31.3503	1657.81	10.1655	3.04077	2.77002	29.3343	14.3438	0.591905	27.1737	29.0682	3.87683	0.707402	14.6083	3.01297	3.14855	0.664686	1.78062
210	1.8875	3.14855	8.5	0	752.05	3.82273	1.96375	23.0001	2160.01	10.1826	2.92731	3.08081	29.0682	16.0896	0.589441	29.3343	29.9244	3.98196	0.753277	14.775	2.86068	2.92722	0.611242	1.845
211	1.84062	2.92722	8.48569	0	721.37	3.84345	1.91417	16.8162	1410.92	11.029	2.96673	3.04077	29.9244	15.4521	0.578014	29.0682	31.3503	3.90872	0.729383	13.3812	2.68191	3.11903	0.641537	1.87396
212	1.81812	3.11903	8.48708	0	812.923	3.84618	1.85854	18.9392	1629.02	9.4098	3.01297	2.92731	31.3503	14.8243	0.59838	29.9244	23.0001	3.94487	0.727479	15.9437	3.06683	3.28501	0.683938	2.04688
213	1.83312	3.28501	8.49	0	478.217	3.81244	1.85	19.7722	1857.85	8.93738	2.86068	2.96673	23.0001	16.3646	0.563353	31.3503	16.8162	3.75848	0.718923	16.1021	3.29151	3.35003	0.69155	2.17937
214	1.76625	3.35003	8.49188	0	604.123	3.64784	1.81563	17.4178	1984.66	9.19302	2.68191	3.01297	16.8162	16.8917	0.526244	23.0001	18.9392	3.70561	0.649754	16.8958	2.52968	3.10262	0.63077	2.0525
215	1.74597	3.10262	8.5	0	889.197	3.73048	1.8	18.326	1894.92	11.2658	3.06683	2.86068	18.9392	15.4	0.607656	16.8162	19.7722	3.82842	0.734965	16.2403	2.84379	2.77966	0.631258	1.99
216	1.78062	2.77966	8.51375	0	1579.18	3.91153	1.80937	18.9074	1797.72	10.7841	3.29151	2.68191	19.7722	15.0125	0.639106	18.9392	17.4178	3.84013	0.812548	14.8743	2.92631	2.96216	0.639706	1.85146
217	1.845	2.96216	8.51625	0	1602.66	3.9012	1.84076	18.2624	2062.85	10.621	2.52968	3.06683	17.4178	15.0062	0.499227	19.7722	18.326	3.87116	0.662583	14.225	3.14855	2.71518	0.55843	1.83154
218	1.87396	2.71518	8.5	0	1116.43	3.82079	1.8875	23.7318	1660.93	10.4521	2.84379	3.29151	18.326	13.4187	0.5578	17.4178	18.9074	3.70686	0.697236	14.3438	2.92722	2.57472	0.531009	1.87287
219	2.04688	2.57472	8.5	0	1648.42	3.76965	1.84062	21.7824	1280.36	8.9335	2.92631	2.52968	18.9074	17.6	0.572852	18.326	18.2624	3.73781	0.756736	16.0896	3.11903	2.55258	0.539413	1.915
220	2.17937	2.55258	8.52187	0	1818.11	3.89229	1.81812	24.264	813.928	10.1859	3.14855	2.84379	18.2624	17.4	0.664686	18.9074	23.7318	3.8198	0.804127	15.4521	3.28501	3.08874	0.650199	1.86056
221	2.0525	3.08874	8.53278	0	640.281	3.86257	1.83312	18.5429	2199.29	10.4958	2.92722	2.92631	23.7318	16.95	0.611242	18.2624	21.7824	3.88581	0.840901	14.8243	3.35003	2.98523	0.603349	1.96868
222	1.99	2.98523	8.53	0	629.049	3.82321	1.76625	19.1677	2054.73	10.7777	3.11903	3.14855	21.7824	16.4715	0.641537	23.7318	24.264	3.68198	0.780259	16.3646	3.10262	2.89353	0.58822	1.89674
223	1.85146	2.89353	8.51313	0.102481	1231.78	3.76113	1.74597	23.6219	2566.48	12.6789	3.28501	2.92722	24.264	17.575	0.683938	21.7824	18.5429	3.87427	0.894934	16.8917	2.77966	3.47675	0.725741	2.0359
224	1.83154	3.47675	8.52	0.340552	1680.33	4.00608	1.78062	27.0291	1276.24	12.0151	3.35003	3.11903	18.5429	18.15	0.69155	24.264	19.1677	4.17335	0.904226	15.4	2.96216	2.82612	0.590701	2.38111
225	1.87287	2.82612	8.55132	0.576831	1674.25	4.09558	1.845	25.554	1596.78	11.019	3.10262	3.28501	19.1677	13.5444	0.63077	18.5429	23.6219	4.13943	0.779206	15.0125	2.71518	2.54042	0.524013	2.30979
226	1.915	2.54042	8.54063	0.513245	1001.76	4.02544	1.87396	22.3435	2121.13	8.46236	2.77966	3.35003	23.6219	13.2208	0.631258	19.1677	27.0291	4.04175	0.804482	15.0062	2.57472	3.3396	0.678182	2.28437
227	1.86056	3.3396	8.5	0.519636	735.394	4.04591	2.04688	27.382	2320.46	9.66284	2.96216	3.10262	27.0291	16.6153	0.639706	23.6219	25.554	4.08157	0.786699	13.4187	2.55258	3.49696	0.699911	2.12812
228	1.96868	3.49696	8.50479	0.58243	1507.5	3.94285	2.17937	27.4427	2412.79	10.8297	2.71518	2.77966	25.554	19.0736	0.55843	27.0291	22.3435	3.99897	0.727802	17.6	3.08874	3.72525	0.76749	2.04
229	1.89674	3.72525	8.34611	0.36989	755.629	3.76588	2.0525	25.1491	2325.52	12.5044	2.57472	2.96216	22.3435	19.0375	0.531009	25.554	27.382	3.98725	0.629233	17.4	2.98523	3.6024	0.735191	2.10688
230	2.0359	3.6024	8.27812	0.36802	468.718	3.77338	1.99	30.2165	2690.89	13.0516	2.55258	2.71518	27.382	16.3493	0.539413	22.3435	27.4427	3.94656	0.618314	16.95	2.89353	3.46296	0.701855	2.11465
231	2.38111	3.46296	8.37813	0.832637	1469.05	3.78674	1.85146	29.9417	2725.08	11.8897	3.08874	2.57472	27.4427	20.909	0.650199	27.382	25.1491	3.99855	0.899746	16.4715	3.47675	3.32757	0.697736	2.07812
232	2.30979	3.32757	8.34437	0.694125	1649.21	3.90817	1.83154	33.0539	1781.1	14.3459	2.98523	2.55258	25.1491	20.141	0.603349	27.4427	30.2165	4.13712	0.79671	17.575	2.82612	3.03856	0.611214	2.11937
233	2.28437	3.03856	8.50083	0.653778	887.07	3.94004	1.87287	28.967	1780.62	13.6216	2.89353	3.08874	30.2165	22.5889	0.58822	25.1491	29.9417	4.09324	0.760069	18.15	2.54042	3.14376	0.644423	2.15187
234	2.12812	3.14376	8.03951	0.441817	1216.34	3.86325	1.915	26.2308	2118.86	10.961	3.47675	2.98523	29.9417	21.2722	0.725741	30.2165	33.0539	4.11694	0.908128	13.5444	3.3396	2.73427	0.542433	2.25285
235	2.04	2.73427	7.92049	0.284265	987.49	3.98666	1.86056	33.6035	2676.68	9.51963	2.82612	2.89353	33.0539	24.6785	0.590701	29.9417	28.967	4.09643	0.763347	13.2208	3.49696	3.28659	0.648025	2.16125
236	2.10688	3.28659	8.46	0.469915	743.588	4.0235	1.96868	22.5951	2966.37	11.356	2.54042	3.47675	28.967	20.6938	0.524013	33.0539	26.2308	4.00444	0.723959	16.6153	3.72525	3.30151	0.661077	2.09507
237	2.11465	3.30151	8.46549	0.463008	922.859	4.06326	1.89674	46.9719	2657.69	13.6166	3.3396	2.82612	26.2308	18.0813	0.678182	28.967	33.6035	4.06142	0.864263	19.0736	3.6024	3.30702	0.669055	2.0175
238	2.07812	3.30702	8.45076	0.763194	1486.56	4.06483	2.0359	35.6079	2326.42	15.9037	3.49696	2.54042	33.6035	16.7937	0.699911	26.2308	22.5951	3.89872	0.81512	19.0375	3.46296	3.35826	0.715583	2.03611
239	2.11937	3.35826	8.47813	0.78291	916.624	4.00269	2.38111	17.9645	2817.68	12.9044	3.72525	3.3396	22.5951	19.075	0.76749	33.6035	46.9719	3.88148	0.83054	16.3493	3.32757	2.9321	0.631653	2.0175
240	2.15187	2.9321	7.62882	0.860464	2500.12	3.99037	2.30979	30.1037	2415.31	13.2738	3.6024	3.49696	46.9719	21.834	0.735191	22.5951	35.6079	3.89907	0.767867	20.909	3.03856	2.48261	0.504415	2.00153
241	2.25285	2.48261	7.90833	0.725642	729.593	4.00926	2.28437	37.8003	1312.3	14.5328	3.46296	3.72525	35.6079	19.4563	0.701855	46.9719	17.9645	4.09075	0.771775	20.141	3.14376	2.86511	0.612388	1.9175
242	2.16125	2.86511	8.44	0.762952	1111.61	3.85235	2.12812	42.5293	2299.92	10.4761	3.32757	3.6024	17.9645	21.5688	0.697736	35.6079	30.1037	4.11823	0.836977	22.5889	2.73427	2.85101	0.58751	1.9925
243	2.09507	2.85101	8.44688	0.714926	1346.66	3.70105	2.04	30.1124	3302.1	8.66289	3.03856	3.46296	30.1037	23.9688	0.611214	17.9645	37.8003	4.19646	0.755921	21.2722	3.28659	2.74541	0.567372	1.88299
244	2.0175	2.74541	8.46375	0.534583	787.601	3.72691	2.10688	62.2696	2812.02	14.7457	3.14376	3.32757	37.8003	28.4611	0.644423	30.1037	42.5293	4.46953	0.82814	24.6785	3.30151	2.82455	0.589473	1.86437
245	2.03611	2.82455	8.4975	1.37429	1582.18	3.76921	2.11465	10.1985	2280.32	15.8702	2.73427	3.03856	42.5293	26.2937	0.542433	37.8003	30.1124	4.29852	0.64356	20.6938	3.30702	2.09564	0.427512	1.74389
246	2.0175	2.09564	8.4575	2.14894	1492.07	3.71647	2.07812	48.9445	2291.38	16.2176	3.28659	3.14376	30.1124	24.9479	0.648025	42.5293	62.2696	4.02853	0.764154	18.0813	3.35826	2.75487	0.556216	1.80375
247	2.00153	2.75487	8.46438	3.25119	2798.54	3.68057	2.11937	37.6788	2332.22	12.2254	3.30151	2.73427	62.2696	23.2437	0.661077	30.1124	10.1985	3.98663	0.840951	16.7937	2.9321	2.55987	0.53212	1.765
248	1.9175	2.55987	8.44	2.76594	1459.49	3.65973	2.15187	3.24234	2510.44	11.7088	3.30702	3.28659	10.1985	24.1132	0.669055	62.2696	48.9445	4.03907	0.846278	19.075	2.48261	2.74444	0.582494	2.25625
249	1.9925	2.74444	8.43375	2.51101	1630.92	3.69861	2.25285	59.062	2805.92	13.1285	3.35826	3.30151	48.9445	24.1812	0.715583	10.1985	37.6788	4.14375	0.896882	21.834	2.86511	3.10904	0.652694	1.64125
250	1.88299	3.10904	8.42625	1.67147	1444.86	3.53051	2.16125	20.8366	3112.68	13.6218	2.9321	3.30702	37.6788	22.3451	0.631653	48.9445	3.24234	3.72247	0.873711	19.4563	2.85101	2.79495	0.548405	1.64146
251	1.86437	2.79495	8.41	2.23756	1853.38	3.20866	2.09507	6.14916	3221	15.5828	2.48261	3.35826	3.24234	21.675	0.504415	37.6788	59.062	3.66455	0.863372	21.5688	2.74541	2.68235	0.544933	1.72056
252	1.74389	2.68235	8.39625	2.15196	1838.51	3.43251	2.0175	47.6777	2491.93	16.3653	2.86511	2.9321	59.062	23.9625	0.612388	3.24234	20.8366	3.90646	0.780573	23.9688	2.82455	2.35272	0.491292	1.74208
253	1.80375	2.35272	8.42437	2.13058	1737.22	3.50217	2.03611	18.2508	3008.03	15.2304	2.85101	2.48261	20.8366	21.0514	0.58751	59.062	6.14916	3.90789	0.79544	28.4611	2.09564	2.3397	0.475165	1.70007
254	1.765	2.3397	8.44	2.1742	3034.95	3.5568	2.0175	38.8936	3041.82	14.9905	2.74541	2.86511	6.14916	22.9396	0.567372	20.8366	47.6777	3.95388	0.763586	26.2937	2.75487	2.13047	0.438086	1.65312
255	2.25625	2.13047	8.42236	2.81	2907.86	3.52196	2.00153	17.9008	2785.36	16.7901	2.82455	2.85101	47.6777	19.9792	0.589473	6.14916	18.2508	3.88858	0.805244	24.9479	2.55987	2.45676	0.504805	1.5725
256	1.64125	2.45676	8.4	2.79355	883.538	3.46093	1.9175	46.1563	3123.58	16.0636	2.09564	2.74541	18.2508	24.8438	0.427512	47.6777	38.8936	3.85686	0.630489	23.2437	2.74444	2.67163	0.545078	1.60125
257	1.64146	2.67163	8.37507	2.50324	752.177	3.40791	1.9925	39.851	2815.24	15.7016	2.75487	2.82455	38.8936	23.95	0.556216	18.2508	17.9008	3.83356	0.781527	24.1132	3.10904	2.63553	0.541044	1.64361
258	1.72056	2.63553	8.38438	2.31641	950.334	3.42781	1.88299	36.5045	3705.05	15.7233	2.55987	2.09564	17.9008	22.6625	0.53212	38.8936	46.1563	3.88245	0.695522	24.1812	2.79495	2.38102	0.477555	1.62847
259	1.74208	2.38102	8.36	2.25412	924.134	3.46187	1.86437	61.1272	2798.75	16.5616	2.74444	2.75487	46.1563	19.5688	0.582494	17.9008	39.851	3.89716	0.77034	22.3451	2.68235	2.62636	0.529395	1.69375
260	1.70007	2.62636	8.37069	2.26554	973.243	3.4639	1.74389	34.367	2764.65	16.5917	3.10904	2.55987	39.851	22.0562	0.652694	46.1563	36.5045	3.92206	0.835312	21.675	2.35272	2.21636	0.462447	1.765
261	1.65312	2.21636	8.36	2.24832	1898.95	3.44303	1.80375	40.9876	2437.23	16.7139	2.79495	2.74444	36.5045	24.5757	0.548405	39.851	61.1272	3.88475	0.760757	23.9625	2.3397	2.35742	0.456074	1.60375
262	1.5725	2.35742	8.40299	2.12853	953.373	3.5105	1.765	61.5379	3087.28	16.6184	2.68235	3.10904	61.1272	27.5139	0.544933	36.5045	34.367	3.94219	0.818338	21.0514	2.13047	2.51828	0.508139	1.51875
263	1.60125	2.51828	8.35688	1.99028	1331.22	3.46492	2.25625	72.5664	2902.06	8.79318	2.35272	2.79495	34.367	26.3729	0.491292	61.1272	40.9876	3.87568	0.687034	22.9396	2.45676	2.49025	0.49255	1.51479
264	1.64361	2.49025	8.3075	1.94146	914.295	3.45549	1.64125	86.4035	2642.13	11.1048	2.3397	2.68235	40.9876	24.7125	0.475165	34.367	61.5379	3.85659	0.690276	19.9792	2.67163	2.39211	0.516029	1.38632
265	1.62847	2.39211	8.03688	1.96044	1242.09	3.47011	1.64146	40.091	3417.12	11.3889	2.13047	2.35272	61.5379	23.5875	0.438086	40.9876	72.5664	3.91148	0.611402	24.8438	2.63553	2.42204	0.473218	1.37
266	1.69375	2.42204	8.3775	1.32168	1007.39	3.45061	1.72056	51.2497	3397.98	11.5324	2.45676	2.3397	72.5664	24.2375	0.504805	61.5379	86.4035	3.8455	0.749968	23.95	2.38102	2.09349	0.420267	1.3134
267	1.765	2.09349	8.35458	0.945614	831.723	3.40619	1.74208	23.6653	2230.73	11.3058	2.67163	2.13047	86.4035	26.3875	0.545078	72.5664	40.091	3.78285	0.821355	22.6625	2.62636	1.90028	0.393779	1.35493
268	1.60375	1.90028	8.31833	0.943792	820.205	3.35351	1.70007	3.11218	2431.32	11.2941	2.63553	2.45676	40.091	26.9694	0.541044	86.4035	51.2497	3.71802	0.77001	19.5688	2.21636	2.04737	0.439538	1.40125
269	1.51875	2.04737	8.27424	0.887296	930.716	3.3868	1.65312	61.3036	2633.17	11.4856	2.38102	2.67163	51.2497	29.6076	0.477555	40.091	23.6653	3.76694	0.728095	22.0562	2.35742	0.955701	0.233571	1.15
270	1.51479	0.955701	8.26715	0.866681	810.8	3.37586	1.5725	19.6681	3228.78	11.5929	2.62636	2.63553	23.6653	30.7049	0.529395	51.2497	3.11218	3.7348	0.79561	24.5757	2.51828	0	0	1.08896
271	1.38632	0	8.27562	0.820522	855.169	3.4735	1.60125	46.1563	2924.05	11.556	2.21636	2.38102	3.11218	25.9937	0.462447	23.6653	61.3036	3.70314	0.697808	27.5139	2.49025	0	0	1.05104
272	1.37	0	8.3	0.599855	816.055	3.71275	1.64361	15.9282	3637.59	11.1631	2.35742	2.62636	61.3036	26.7403	0.456074	3.11218	19.6681	3.70189	0.717201	26.3729	2.39211	0	0	1.05937
273	1.3134	0	8.27937	0.819019	831.03	3.65558	1.62847	0.4165	3359.55	11.1837	2.51828	2.21636	19.6681	29.0125	0.508139	61.3036	46.1563	3.67224	0.771905	24.7125	2.42204	0	0	1.02833
274	1.35493	0	8.23292	0.82749	1258.61	3.66904	1.69375	44.8692	3233.5	11.3516	2.49025	2.35742	46.1563	25.3938	0.49255	19.6681	15.9282	3.69844	0.768009	23.5875	2.09349	0.0536879	0.0105963	1.11451
275	1.40125	0.0536879	8.22854	0.812915	856.343	3.66411	1.765	11.1153	3232.58	11.1116	2.39211	2.51828	15.9282	22.5715	0.516029	46.1563	0.4165	3.70909	0.735269	24.2375	1.90028	0.254254	0.0501818	1.1375
276	1.15	0.254254	8.18424	0.785811	950.761	3.72273	1.60375	27.2721	3133.49	11.3289	2.42204	2.49025	0.4165	19.8854	0.473218	15.9282	44.8692	3.79381	0.796949	26.3875	2.04737	0.463195	0.0914201	1.1825
277	1.08896	0.463195	8.155	0.782515	869.416	3.72891	1.51875	61.5494	3238.63	11.1815	2.09349	2.39211	44.8692	20.5882	0.420267	0.4165	11.1153	3.80342	0.628303	26.9694	0.955701	0.672136	0.132658	1.07125
278	1.05104	0.672136	8.08062	0.57124	1285.74	3.69294	1.51479	30.2078	1694.88	11.3125	1.90028	2.42204	11.1153	21.0375	0.393779	44.8692	27.2721	3.84824	0.581217	29.6076	0	0.881076	0.173897	1.05688
279	1.05937	0.881076	8.05375	0.526851	831.198	3.78773	1.38632	51.7183	10.9134	11.4414	2.04737	2.09349	27.2721	22.3625	0.439538	11.1153	61.5494	4.06081	0.713582	30.7049	0	1.09002	0.215135	0.810625
280	1.02833	1.09002	8.01187	0.571954	968.692	3.77643	1.37	61.3383	12.4016	11.2155	0.955701	1.90028	61.5494	25.1125	0.233571	27.2721	30.2078	3.90005	0.495543	25.9937	0	1.29896	0.256373	1.38354
281	1.11451	1.29896	7.96306	0.566255	1407.61	3.75054	1.3134	20.3969	9.93259	10.9596	0	2.04737	30.2078	25.2861	0	61.5494	51.7183	3.87387	0	26.7403	0	1.27964	0.257663	1.41819
282	1.1375	1.27964	7.93875	0.559759	928.377	3.72294	1.35493	13.5941	10.5163	10.8666	0	0.955701	51.7183	26.3201	0	30.2078	61.3383	3.84806	0	29.0125	0.0536879	0.958518	0.205086	1.29937
283	1.1825	0.958518	7.89	0.563886	909.165	3.74699	1.40125	12.8565	9.48394	10.7658	0	0	61.3383	23.9812	0	51.7183	20.3969	3.88093	0	25.3938	0.254254	0.921121	0.215203	1.22375
284	1.07125	0.921121	7.91403	0.567615	853.358	3.7613	1.15	30.4103	1553.63	10.9321	0	0	20.3969	24.5229	0	61.3383	13.5941	3.928	0	22.5715	0.463195	1.45822	0.313465	1.61743
285	1.05688	1.45822	7.67063	0.440293	1251.56	3.71197	1.08896	29.4009	2999.76	7.66504	0.0536879	0	13.5941	25.8938	0.0105963	20.3969	12.8565	3.83471	0.028978	19.8854	0.672136	1.75489	0.343666	1.75778
286	0.810625	1.75489	7.78125	0.612299	860.135	3.69797	1.05104	48.2475	2771.5	10.5739	0.254254	0	12.8565	28.2812	0.0501818	13.5941	30.4103	3.88088	0.137233	20.5882	0.881076	0.522742	0.129541	1.79042
287	1.38354	0.522742	7.76389	0.573247	1134.4	3.75566	1.05937	66.7123	3346.06	10.7991	0.463195	0.0536879	30.4103	28.8062	0.0914201	12.8565	29.4009	3.90413	0.250008	21.0375	1.09002	1.33673	0.304871	1.82
288	1.41819	1.33673	7.73556	0.549121	2422.1	3.79215	1.02833	68.1672	3009.29	10.8655	0.672136	0.254254	29.4009	27.7312	0.132658	30.4103	48.2475	3.92129	0.362784	22.3625	1.29896	1.45349	0.293435	1.84438
289	1.29937	1.45349	7.75167	0.586181	3532.99	3.85059	1.11451	69.1477	2637.11	11.1563	0.881076	0.463195	48.2475	28.8146	0.173897	29.4009	66.7123	3.9994	0.475559	25.1125	1.27964	1.02462	0.231266	1.90187
290	1.22375	1.02462	7.77708	0.649555	3413.56	3.82019	1.1375	69.1882	2993.28	13.0951	1.09002	0.672136	66.7123	24.3924	0.215135	48.2475	68.1672	3.99584	0.588334	25.2861	0.958518	1.79117	0.376595	1.99063
291	1.61743	1.79117	7.66576	0.58346	840.665	3.77009	1.1825	35.6079	3060.21	10.0837	1.29896	0.881076	68.1672	28.1056	0.256373	66.7123	69.1477	3.94134	0.701109	26.3201	0.921121	3.06597	0.618018	2.04438
292	1.75778	3.06597	7.80312	0.602783	757.694	3.73691	1.07125	48.2547	3235.54	11.0564	1.27964	1.09002	69.1477	33.0187	0.257663	68.1672	69.1882	3.92564	0.624297	23.9812	1.45822	3.22524	0.642125	2.18076
293	1.79042	3.22524	7.76562	0.609392	1591.17	3.75687	1.05688	68.9221	3160.54	10.8561	0.958518	1.29896	69.1882	32.9813	0.205086	69.1477	35.6079	3.8906	0.342832	24.5229	1.75489	3.28773	0.666174	2.08
294	1.82	3.28773	7.70312	0.6192	1091.06	3.77571	0.810625	54.2144	3064.28	10.9631	0.921121	1.27964	35.6079	29.6819	0.215203	69.1882	48.2547	3.88743	0.321621	25.8938	0.522742	3.72123	0.756218	2.0675
295	1.84438	3.72123	7.86188	0.646083	2049.25	3.78438	1.38354	63.1952	3060.43	10.8082	1.45822	0.958518	48.2547	27.3507	0.313465	35.6079	68.9221	3.92296	0.454294	28.2812	1.33673	3.27674	0.664875	2.18146
296	1.90187	3.27674	8.21125	0.655337	2029.66	3.84456	1.41819	70.1716	2418.93	10.772	1.75489	0.921121	68.9221	28.5035	0.343666	48.2547	54.2144	3.9461	0.574223	28.8062	1.45349	3.29266	0.66777	2.13417
297	1.99063	3.29266	7.68514	0.65019	3291.97	3.86253	1.29937	78.691	3055.18	10.5144	0.522742	1.45822	54.2144	25.5688	0.129541	68.9221	63.1952	3.97257	0.452898	27.7312	1.02462	3.39858	0.71843	2.02625
298	2.04438	3.39858	7.78313	0.698143	2651.45	3.89683	1.22375	82.5596	3509.96	7.49589	1.33673	1.75489	63.1952	25.8	0.304871	54.2144	70.1716	3.81021	0.531353	28.8146	1.79117	3.39984	0.701693	1.92708
299	2.18076	3.39984	7.74563	0.719992	114.239	3.70989	1.61743	40.6001	3799.64	10.785	1.45349	0.522742	70.1716	29.8062	0.293435	63.1952	78.691	3.73747	0.434473	24.3924	3.06597	3.72886	0.777913	2.00271
300	2.08	3.72886	7.77438	0.623147	2818.58	3.7923	1.75778	54.2809	4114.3	10.6543	1.02462	1.33673	78.691	33.9813	0.231266	70.1716	82.5596	3.83718	0.407261	28.1056	3.22524	3.77876	0.774257	2.42813
301	2.0675	3.77876	7.97576	0.609596	3536.11	3.80152	1.79042	74.6605	4117.38	10.6156	1.79117	1.45349	82.5596	33.3937	0.376595	78.691	40.6001	3.73676	0.596776	33.0187	3.28773	4.04224	0.849601	2.37326
302	2.18146	4.04224	7.97556	0.603969	2723.98	3.8106	1.82	71.0017	2998.97	10.5772	3.06597	1.02462	40.6001	34.0417	0.618018	82.5596	54.2809	3.8027	0.796996	32.9813	3.72123	3.14523	0.661575	2.30938
303	2.13417	3.14523	8.02056	0.582297	3545.42	3.80385	1.84438	69.5671	2177.98	11.5936	3.22524	1.79117	54.2809	29.1757	0.642125	40.6001	74.6605	3.94036	0.834049	29.6819	3.27674	3.74781	0.78154	2.21563
304	2.02625	3.74781	8.05375	0.643809	1977.12	3.83104	1.90187	69.541	3368.63	11.3244	3.28773	3.06597	74.6605	25.9625	0.666174	54.2809	71.0017	4.00554	0.865266	27.3507	3.29266	3.48742	0.715347	2.2
305	1.92708	3.48742	8.06938	0.590926	1222.07	3.76636	1.99063	51.7443	3214.47	11.0008	3.72123	3.22524	71.0017	29.2153	0.756218	74.6605	69.5671	3.98869	0.935612	28.5035	3.39858	3.78199	0.797875	2.20063
306	2.00271	3.78199	8.12937	0.556918	1729.63	3.74916	2.04438	69.5526	3674.59	10.599	3.27674	3.28773	69.5671	28.1819	0.664875	71.0017	69.541	3.94907	0.911067	25.5688	3.39984	3.47883	0.726397	2.18438
307	2.42813	3.47883	8.16	0.595052	680.215	3.65665	2.18076	60.702	3632.67	12.2988	3.29266	3.72123	69.541	28.2063	0.66777	69.5671	51.7443	3.91209	0.908358	25.8	3.72886	3.90345	0.809865	2.2
308	2.37326	3.90345	8.16	0.580824	954.577	3.68916	2.08	73.6945	3946.74	11.2041	3.39858	3.27674	51.7443	30.4285	0.71843	69.541	69.5526	3.88832	0.928772	29.8062	3.77876	4.06817	0.835981	2.17833
309	2.30938	4.06817	8.23306	0.583124	2136.61	3.73886	2.0675	59.1228	3772.43	10.6127	3.39984	3.29266	69.5526	30.1465	0.701693	51.7443	60.702	3.91407	0.938602	33.9813	4.04224	3.86926	0.80606	2.19062
310	2.21563	3.86926	8.23389	0.594006	3134.4	3.75134	2.18146	28.6604	622.497	10.6741	3.72886	3.39858	60.702	32.0812	0.777913	69.5526	73.6945	3.95151	1.03273	33.3937	3.14523	3.80806	0.791298	2.17937
311	2.2	3.80806	8.275	0.58239	1488.98	3.72141	2.13417	74.6518	3893.69	11.5223	3.77876	3.39984	73.6945	30.7215	0.774257	60.702	59.1228	3.92191	1.03294	34.0417	3.74781	3.96975	0.820405	2.19062
