No	A	B	C	D	E	F	G	H	I	J	K	L	M	N	O	P	Q	R	S	T	U	V	W	X
1	0.371503	0.314702	0.99295	0.204234	0.188003	0.217523	0.104703	0.719668	0.855107	0.934742	0.593205	0.28943	0.670961	0.638019	0.349953	0.709341	0.734098	0.154007	0.458692	0.599033	0.722246	0.341323	0.306224	0.318265
2	0.382747	0.341323	1	0.331368	0.869584	0.25765	0.398681	0.764674	0.931582	0.954993	0.700126	0.445578	0.734098	0.564695	0.561073	0.670961	0.698274	0.297183	0.575632	0.599033	0.616886	0.476268	0.527823	0.356905
3	0.380124	0.476268	0.688047	0.303065	1	0.302162	0.40548	0.59558	0.948387	0.931397	0.749246	0.601726	0.698274	0.662879	0.722621	0.734098	0.719668	0.284226	0.650688	0.566244	0.604294	0.488264	0.447494	0.328002
4	0.37116	0.488264	0.490404	0.110997	0.467583	0.251063	0.40548	0.721282	0.925681	0.862444	0.772605	0.710183	0.719668	0.832989	0.73284	0.698274	0.764674	0.147087	0.687252	0.581864	0.635417	0.490252	0.526328	0.308378
5	0.348864	0.490252	0.508532	0.404898	0.47442	0.180205	0.40548	0.776078	0.892813	0.545773	0.659899	0.760008	0.764674	0.861125	0.617581	0.719668	0.59558	0.192355	0.642655	0.652282	0.519177	0.383307	0.299598	0.280228
6	0.347556	0.383307	0.508532	0.437154	0.389589	0.398353	0.374878	0.681893	0.867454	0.548401	0.646429	0.783703	0.59558	0.94912	0.585553	0.764674	0.721282	0.399038	0.717269	0.811408	0.418137	0.518919	0.49435	0.245813
7	0.297837	0.518919	0.508532	0.252849	0.22116	0.492555	0.353019	0.637424	0.814392	0.730217	0.679723	0.669378	0.721282	0.935256	0.641732	0.59558	0.776078	0.382961	0.689395	0.740676	0.35228	0.772387	0.761893	0.261286
8	0.318265	0.772387	0.532034	0.179174	0.448751	0.467125	0.360839	0.622726	0.897166	1	0.555378	0.655714	0.776078	0.832302	0.458631	0.721282	0.681893	0.332702	0.381584	0.740676	0.31672	0.398491	0.394712	0.291815
9	0.356905	0.398491	0.548816	0.327677	0.477592	0.551323	0.371503	0.552961	0.852527	0.897977	0.447292	0.689487	0.681893	0.737457	0.823354	0.776078	0.637424	0.506764	0.661306	0.740676	0.343513	0.385471	0.352908	0.293199
10	0.328002	0.385471	0.542774	0.32665	0.527704	0.52805	0.382747	0.375088	0.749032	0.974188	0.376843	0.563355	0.637424	0.583533	0.40404	0.681893	0.622726	0.430171	0.376162	0.638019	0.479323	0.385657	0.353491	0.286544
11	0.308378	0.385657	0.516589	0.322786	0.176329	0.44895	0.380124	0.481382	0.749385	0.954562	0.338804	0.453717	0.622726	0.677632	0.305557	0.637424	0.552961	0.363994	0.275705	0.564695	0.491396	0.495596	0.468508	0.31637
12	0.280228	0.495596	0.522132	0.346252	0.195673	0.433338	0.37116	0.506072	0.57334	0.599899	0.367464	0.382256	0.552961	0.853227	0.334444	0.622726	0.375088	0.374094	0.286836	0.662879	0.493397	0.474189	0.43215	0.317657
13	0.245813	0.474189	0.524646	0.365217	0.186059	0.338185	0.348864	0.646137	0.976276	0.596214	0.512745	0.343671	0.375088	0.755102	0.576464	0.552961	0.481382	0.314499	0.497055	0.832989	0.385766	0.45956	0.422854	0.345199
14	0.261286	0.45956	0.530189	0.141584	0.229512	0.449285	0.347556	0.642403	0.971262	0.681011	0.525659	0.372743	0.481382	0.669824	0.488732	0.375088	0.506072	0.305893	0.383698	0.861125	0.522248	0.540496	0.497019	0.315859
15	0.291815	0.540496	0.532703	0.122544	0.411455	0.527346	0.297837	0.634566	0.716679	0.593276	0.5278	0.52011	0.506072	0.540285	0.574832	0.481382	0.646137	0.356964	0.596397	0.94912	0.777341	0.481799	0.443598	0.28895
16	0.293199	0.481799	0.560394	0.287109	0.847435	0.546489	0.318265	0.593461	0.770994	0.555023	0.412664	0.53321	0.646137	0.357775	0.327208	0.506072	0.642403	0.496299	0.426647	0.935256	0.401047	0.477711	0.441693	0.266238
17	0.286544	0.477711	0.56862	0.286865	0.527381	0.548787	0.356905	0.632413	0.833419	0.550165	0.558662	0.535382	0.642403	0.465081	0.539906	0.646137	0.634566	0.443149	0.468008	0.832302	0.387943	0.44273	0.412835	0.269081
18	0.31637	0.44273	0.548816	0.100843	0.273651	0.600652	0.328002	0.715262	0.692875	0.613348	0.831543	0.418592	0.634566	0.676563	0.832105	0.642403	0.593461	0.406466	0.819371	0.737457	0.388131	0.540164	0.483844	0.340631
19	0.317657	0.540164	0.548816	0.111388	0.287049	0.689596	0.308378	0.752834	0.788594	0.650089	0.429011	0.566687	0.593461	0.691165	0.431087	0.634566	0.632413	0.389977	0.618476	0.583533	0.498775	0.584818	0.542796	0.346024
20	0.345199	0.584818	0.560007	0.270519	0.436243	0.551068	0.280228	0.678058	0.857508	0.517759	0.414993	0.843487	0.632413	0.703952	0.38543	0.593461	0.715262	0.37702	0.538798	0.677632	0.47723	0.539678	0.498013	0.300411
21	0.315859	0.539678	0.56493	0.222698	0.400457	0.562841	0.245813	0.601534	0.69648	0.568904	0.415194	0.435173	0.715262	0.85603	0.386066	0.632413	0.752834	0.398142	0.513241	0.853227	0.462508	0.580416	0.529672	0.292031
22	0.28895	0.580416	0.56493	0.236285	0.513738	0.537419	0.261286	0.660836	0.53887	0.661788	0.533553	0.420954	0.752834	0.814567	0.511683	0.715262	0.678058	0.460485	0.606029	0.755102	0.543963	0.747518	0.693597	0.308088
23	0.266238	0.747518	0.56493	0.291983	0.850265	0.482895	0.291815	0.58078	0.635466	0.713941	0.510506	0.421158	0.678058	0.884762	0.471974	0.752834	0.601534	0.479679	0.56019	0.669824	0.48489	0.706799	0.652753	0.257061
24	0.269081	0.706799	0.56493	0.281941	0.964062	0.467547	0.293199	0.5867	0.610018	0.598963	0.494758	0.541217	0.601534	0.793376	0.461822	0.678058	0.660836	0.411403	0.522086	0.540285	0.480776	0.64733	0.605891	0.249192
25	0.340631	0.64733	0.554859	0.128405	0.389033	0.412636	0.286544	0.679135	0.575158	0.596171	0.581892	0.517839	0.660836	0.651969	0.542822	0.601534	0.58078	0.326341	0.550916	0.357775	0.44557	0.662337	0.612019	0.255966
26	0.346024	0.662337	0.532703	0.303522	0.240224	0.410021	0.31637	0.584077	0.619967	0.587449	0.518699	0.501864	0.58078	0.513995	0.484477	0.660836	0.5867	0.391285	0.544168	0.465081	0.543629	0.668187	0.620012	0.234884
27	0.300411	0.668187	0.549316	0.334434	0.181205	0.308273	0.317657	0.585826	0.842086	0.495118	0.514298	0.59025	0.5867	0.580014	0.482397	0.58078	0.679135	0.335973	0.502185	0.676563	0.58857	0.654306	0.595804	0.220555
28	0.292031	0.654306	0.556873	0.131523	0.330689	0.266262	0.345199	0.634834	0.852668	0.527839	0.476638	0.52615	0.679135	0.927955	0.450879	0.5867	0.584077	0.248411	0.512542	0.691165	0.543139	0.639673	0.589793	0.229494
29	0.308088	0.639673	0.536232	0	0.430253	0.337032	0.315859	0.572169	0.664059	0.504252	0.581535	0.521686	0.584077	0.772598	0.528432	0.679135	0.585826	0.231124	0.618295	0.703952	0.584139	0.585042	0.542652	0.238528
30	0.257061	0.585042	0.508532	0.131038	0.858739	0.405257	0.28895	0.479902	0.683848	0.510623	0.629609	0.483484	0.585826	0.632804	0.592817	0.584077	0.634834	0.336207	0.626267	0.85603	0.752313	0.531576	0.487865	0.254801
31	0.249192	0.531576	0.526829	0.36052	0.742455	0.318716	0.266238	0.50708	0.832396	0.517473	0.581011	0.589888	0.634834	0.548062	0.543907	0.585826	0.572169	0.268722	0.60615	0.814567	0.711333	0.574683	0.535022	0.214434
32	0.255966	0.574683	0.543443	0.229276	0.44448	0.276978	0.269081	0.606243	0.641551	0.582799	0.624869	0.638652	0.572169	0.626962	0.578484	0.634834	0.479902	0.208231	0.608818	0.884762	0.651483	0.51178	0.457721	0.199133
33	0.234884	0.51178	0.532703	0.123561	0.445561	0.264412	0.340631	0.54065	0.821432	0.576938	0.804769	0.589356	0.479902	0.507556	0.757515	0.572169	0.50708	0.165256	0.641482	0.793376	0.666586	0.459678	0.417234	0.196608
34	0.220555	0.459678	0.514913	0.123845	0.382207	0.309215	0.346024	0.647382	0.893476	0.485489	0.760932	0.633845	0.50708	0.536795	0.712907	0.479902	0.606243	0.148134	0.589572	0.651969	0.672474	0.46137	0.427197	0.175624
35	0.229494	0.46137	0.491242	0.083419	0.252748	0.336266	0.300411	0.649501	0.949897	0.604476	0.696909	0.816329	0.606243	0.548062	0.661727	0.50708	0.54065	0.149263	0.586341	0.513995	0.658504	0.417345	0.394566	0.167657
36	0.238528	0.417345	0.485876	0.179413	0.284606	0.385189	0.292031	0.66817	0.691894	0.600859	0.713065	0.771862	0.54065	0.537091	0.668419	0.606243	0.647382	0.167969	0.598254	0.580014	0.643777	0.42378	0.405556	0.167657
37	0.254801	0.42378	0.463881	0.311391	0.995782	0.393079	0.308088	0.640217	0.68409	0.505847	0.719363	0.706919	0.647382	0.517746	0.677149	0.54065	0.649501	0.568232	0.585673	0.927955	0.588795	0.43042	0.40911	0.182084
38	0.214434	0.43042	0.43652	0.490805	0.97438	0.427993	0.257061	0.570655	0.596184	0.523732	0.704419	0.723307	0.649501	0.550565	0.65071	0.647382	0.66817	0.52673	0.581484	0.772598	0.534986	0.444121	0.417654	0.185242
39	0.199133	0.444121	0.409779	0.478462	0.468776	0.323709	0.249192	0.641798	0.636534	0.574402	0.688665	0.729696	0.66817	0.68923	0.644145	0.649501	0.640217	0.453138	0.568994	0.632804	0.57837	0.460947	0.424384	0.172175
40	0.196608	0.460947	0.384151	0.401164	0.485029	0.329503	0.255966	0.720845	0.616444	0.630943	0.629849	0.714537	0.640217	0.717425	0.59266	0.66817	0.570655	0.394597	0.503645	0.548062	0.515063	0.460018	0.431707	0.173777
41	0.175624	0.460018	0.426957	0.380565	0.418194	0.128763	0.234884	0.618756	0.857738	0.588889	0.572288	0.698557	0.570655	0.602788	0.532824	0.640217	0.641798	0.132705	0.529735	0.626962	0.462627	0.452621	0.424686	0.18507
42	0.167657	0.452621	0.452134	0.384887	0.186584	0	0.220555	0.566215	0.84148	0.655281	0.618698	0.638897	0.641798	0.511012	0.584326	0.570655	0.720845	0	0.524416	0.507556	0.464329	0.474014	0.450168	0.249993
43	0.167657	0.474014	0.413695	0.378443	0.295417	0.261753	0.229494	0.592048	0.631463	0.828278	0.550977	0.580509	0.720845	0.543113	0.499902	0.641798	0.618756	0.313246	0.478638	0.536795	0.420022	0.47851	0.456899	0.208923
44	0.182084	0.47851	0.379623	0.381725	0.780195	0.468912	0.238528	0.580578	0.662269	0.49249	0.494885	0.627585	0.618756	0.455062	0.455683	0.720845	0.566215	0.459521	0.448273	0.548062	0.426499	0.493802	0.456287	0.19629
45	0.185242	0.493802	0.379623	0.391057	0.833311	0.413041	0.254801	0.484544	0.598917	0.539426	0.496705	0.558891	0.566215	0.411518	0.466565	0.618756	0.592048	0.341742	0.449384	0.537091	0.433181	0.475344	0.448068	0.178684
46	0.172175	0.475344	0.373693	0.406497	0.423294	0.369269	0.214434	0.635776	0.562225	0.512218	0.449309	0.501993	0.592048	0.440636	0.430927	0.566215	0.580578	0.423837	0.423557	0.517746	0.44697	0.456185	0.445282	0.117602
47	0.173777	0.456185	0.36703	0.377902	0.19233	0.32267	0.199133	0.672676	0.623549	0.515156	0.456237	0.50384	0.580578	0.464093	0.44293	0.592048	0.484544	0.462522	0.427212	0.550565	0.463904	0.471539	0.453248	0.101206
48	0.18507	0.471539	0.347395	0.156944	0.193135	0.318972	0.196608	0.623701	0.980622	0.480568	0.463385	0.455763	0.484544	0.48946	0.446811	0.580578	0.635776	0.383189	0.420282	0.68923	0.462969	0.472871	0.433403	0.0962503
49	0.249993	0.472871	0.381975	0.259563	0.179226	0.258257	0.175624	0.641898	0.925916	0.63871	0.478136	0.46279	0.635776	0.472532	0.456142	0.484544	0.672676	0.33485	0.431178	0.717425	0.455525	0.490169	0.464094	0.0991181
50	0.208923	0.490169	0.378277	0.337409	0.264659	0.283344	0.167657	0.655253	0.68441	0.552851	0.49625	0.470041	0.672676	0.49286	0.463493	0.635776	0.623701	0.376682	0.450454	0.602788	0.477055	0.455382	0.420521	0.118256
51	0.19629	0.455382	0.354276	0.382128	0.987109	0.316198	0.167657	0.591006	0.740386	0.546253	0.49525	0.485004	0.623701	0.52794	0.471491	0.672676	0.641898	0.392297	0.444145	0.511012	0.48158	0.459278	0.421599	0.140356
52	0.178684	0.459278	0.364347	0.355473	0.990529	0.291076	0.182084	0.533823	0.716027	0.51423	0.487287	0.503378	0.641898	0.769438	0.463823	0.623701	0.655253	0.360042	0.445569	0.543113	0.49697	0.429749	0.403266	0.117161
53	0.117602	0.429749	0.354614	0.384782	0.456775	0.204905	0.185242	0.55387	0.609823	0.533778	0.510318	0.502364	0.655253	0.654862	0.491653	0.641898	0.591006	0.268818	0.454871	0.455062	0.478393	0.464061	0.434406	0.116287
54	0.101206	0.464061	0.375087	0.377502	0.323921	0.165447	0.172175	0.427226	0.67099	0.536847	0.515158	0.494286	0.591006	0.68407	0.499004	0.655253	0.533823	0.218931	0.462376	0.411518	0.459112	0.461136	0.430848	0.175939
55	0.0962503	0.461136	0.382249	0.385127	0.196859	0.198204	0.173777	0.420868	0.846139	0.556832	0.531621	0.517648	0.533823	0.663476	0.498336	0.591006	0.55387	0.34979	0.484077	0.440636	0.474564	0.466635	0.441619	0.296382
56	0.0991181	0.466635	0.374088	0.370028	0.158753	0.299846	0.18507	0.515994	0.826422	0.56694	0.51175	0.522558	0.55387	0.586958	0.489359	0.533823	0.427226	0.470543	0.448341	0.464093	0.475904	0.534806	0.495863	0.299222
57	0.118256	0.534806	0.360375	0.368828	0.167549	0.262255	0.249993	0.508696	0.739375	0.68537	0.491124	0.539258	0.427226	0.410174	0.486317	0.55387	0.420868	0.424436	0.428881	0.48946	0.493313	0.541855	0.50553	0.304444
58	0.140356	0.541855	0.359311	0.269663	0.20009	0.266508	0.208923	0.21992	0.63601	0.518744	0.507653	0.519101	0.420868	0.451041	0.495017	0.427226	0.515994	0.404814	0.460743	0.472532	0.458303	0.514379	0.484214	0.298519
59	0.117161	0.514379	0.331282	0.0153339	0.187911	0.105314	0.19629	0.263682	0.651283	0.544949	0.509088	0.498179	0.515994	0.457715	0.473343	0.420868	0.508696	0.271737	0.468828	0.49286	0.462224	0.478741	0.457132	0.33116
60	0.116287	0.478741	0.339451	0	0.186234	0.174508	0.178684	0.442463	0.580492	0.538515	0.52771	0.514945	0.508696	0.483679	0.506863	0.515994	0.21992	0.281286	0.487143	0.52794	0.432505	0.456557	0.425514	0.340124
61	0.175939	0.456557	0.331282	0	0.167597	0.134214	0.117602	0.409801	0.691553	0.537094	0.490259	0.5164	0.21992	0.529434	0.459274	0.508696	0.263682	0.222579	0.436807	0.769438	0.467038	0.456967	0.43431	0.322417
62	0.296382	0.456967	0.331282	0.159056	0.168998	0.277814	0.101206	0.389283	1	0.426939	0.494453	0.53529	0.263682	0.471339	0.460451	0.21992	0.442463	0.358114	0.447002	0.654862	0.464094	0.467628	0.43606	0.320011
63	0.299222	0.467628	0.331282	0.309927	0.173681	0.360877	0.0962503	0.377544	0.969027	0.571876	0.462662	0.497301	0.442463	0.584812	0.440428	0.263682	0.409801	0.397378	0.429505	0.68407	0.469628	0.524423	0.495567	0.32917
64	0.304444	0.524423	0.361994	0.377059	0.1788	0.399507	0.0991181	0.547547	0.73945	0.573849	0.499603	0.501556	0.409801	0.652565	0.474439	0.442463	0.389283	0.500045	0.441888	0.663476	0.538236	0.512434	0.476273	0.309302
65	0.298519	0.512434	0.412857	0.378563	0.238313	0.468991	0.118256	0.446164	0.694486	0.531141	0.496454	0.469308	0.389283	0.577331	0.470553	0.409801	0.377544	0.478984	0.42435	0.586958	0.545331	0.534496	0.485025	0.327005
66	0.33116	0.534496	0.476917	0.378034	0.245538	0.49679	0.140356	0.395035	0.606154	0.569525	0.502374	0.506779	0.377544	0.380876	0.482316	0.389283	0.547547	0.497993	0.445274	0.410174	0.517678	0.528751	0.485258	0.33619
67	0.340124	0.528751	0.413864	0.0587812	0.178646	0.410866	0.117161	0.465303	0.5027	0.562339	0.575766	0.503585	0.547547	0.407432	0.541559	0.377544	0.446164	0.370713	0.526396	0.451041	0.481812	0.516738	0.492393	0.33116
68	0.322417	0.516738	0.379623	0.362972	0.228624	0.371875	0.116287	0.508292	0.534295	0.528716	0.583355	0.50959	0.446164	0.377176	0.552117	0.547547	0.395035	0.50589	0.497886	0.457715	0.459485	0.549063	0.507289	0.34707
69	0.320011	0.549063	0.379623	0.118148	0.250793	0.265196	0.175939	0.422484	0.614123	0.566208	0.553774	0.584036	0.395035	0.463557	0.528837	0.446164	0.465303	0.426109	0.469151	0.483679	0.459898	0.547573	0.507474	0.344639
70	0.32917	0.547573	0.369552	0.0170526	0.179566	0.25676	0.296382	0.432137	0.574055	0.570741	0.515407	0.591735	0.465303	0.521416	0.499259	0.395035	0.508292	0.42995	0.446789	0.529434	0.470628	0.543672	0.502198	0.393019
71	0.309302	0.543672	0.347395	0.0837423	0.187358	0.22322	0.299222	0.486562	0.586007	0.459876	0.491524	0.561729	0.508292	0.507016	0.464727	0.465303	0.422484	0.375009	0.409404	0.471339	0.527787	0.525507	0.492381	0.391368
72	0.327005	0.525507	0.330613	0.198248	0.235358	0.264289	0.304444	0.439301	0.527454	0.335312	0.491966	0.522811	0.422484	0.46833	0.474333	0.508292	0.432137	0.44677	0.40385	0.584812	0.515721	0.560431	0.518388	0.389305
73	0.33619	0.560431	0.362784	0.171414	0.217582	0.280579	0.298519	0.430017	0.525026	0.408956	0.503443	0.498584	0.432137	0.42648	0.476245	0.422484	0.486562	0.431775	0.37011	0.652565	0.537925	0.573231	0.534586	0.374003
74	0.33116	0.573231	0.379228	0.0874824	0.184558	0.244794	0.33116	0.541256	0.5407	0.500204	0.564587	0.499032	0.486562	0.35947	0.541235	0.432137	0.439301	0.38418	0.398145	0.577331	0.532143	0.571291	0.532319	0.374003
75	0.34707	0.571291	0.35691	0.0332186	0.182993	0.233382	0.340124	0.522184	0.554096	0.615443	0.551681	0.510674	0.439301	0.354105	0.520164	0.486562	0.430017	0.345267	0.370647	0.380876	0.520053	0.549707	0.515134	0.41607
76	0.344639	0.549707	0.363509	0.235096	0.173679	0.219478	0.322417	0.584345	0.792714	0.434546	0.575432	0.572697	0.430017	0.385228	0.529722	0.439301	0.541256	0.369075	0.380761	0.407432	0.552585	0.538082	0.53652	0.380974
77	0.393019	0.538082	0.369044	0.237968	0.186991	0.210082	0.320011	0.493105	0.820237	0.553792	0.569248	0.559605	0.541256	0.429936	0.529977	0.430017	0.522184	0.355574	0.372952	0.377176	0.551086	0.502041	0.377015	0.383817
78	0.391368	0.502041	0.354953	0.231055	0.198605	0.197455	0.32917	0.511017	0.55364	0.49665	0.556315	0.583698	0.522184	0.412827	0.53777	0.541256	0.584345	0.363264	0.365766	0.463557	0.547159	0.515603	0.486169	0.407057
79	0.389305	0.515603	0.338331	0.233471	0.214674	0.257544	0.309302	0.481718	0.592619	0.614934	0.591115	0.577424	0.584345	0.376463	0.554038	0.522184	0.493105	0.368806	0.374452	0.521416	0.528878	0.547229	0.465044	0.402203
80	0.374003	0.547229	0.326133	0.222102	0.231806	0.266931	0.327005	0.463891	0.520186	0.496427	0.589511	0.564306	0.493105	0.363496	0.554239	0.584345	0.511017	0.35746	0.383387	0.507016	0.564026	0.561813	0.534366	0.372255
81	0.374003	0.561813	0.31769	0.0180983	0.1777	0.20236	0.33619	0.494769	0.565405	0.509827	0.585311	0.599605	0.511017	0.345074	0.548478	0.493105	0.481718	0.272859	0.389088	0.46833	0.576908	0.512007	0.556876	0.420977
82	0.41607	0.512007	0.323225	0.0874541	0.176605	0.16624	0.33116	0.420835	0.580462	0.450873	0.565754	0.597979	0.481718	0.32111	0.537756	0.511017	0.463891	0.276653	0.353575	0.42648	0.574956	0.485604	0.467492	0.413108
83	0.380974	0.485604	0.334303	0.0299086	0.182882	0.290803	0.34707	0.482795	0.768323	0.6443	0.603354	0.593719	0.463891	0.343374	0.56616	0.481718	0.494769	0.376056	0.37824	0.35947	0.553233	0.504785	0.470341	0.393141
84	0.383817	0.504785	0.339338	0	0.182997	0.419161	0.344639	0.470516	0.678956	0.497392	0.617134	0.573881	0.494769	0.373154	0.583851	0.463891	0.420835	0.468622	0.424823	0.354105	0.541534	0.487229	0.46302	0.436859
85	0.407057	0.487229	0.333795	0.0190948	0.182598	0.391652	0.393019	0.497595	0.58541	0.524125	0.615046	0.612021	0.420835	0.351963	0.581375	0.494769	0.482795	0.428732	0.434372	0.385228	0.505262	0.534321	0.506362	0.40293
86	0.402203	0.534321	0.314999	0	0.242088	0.441122	0.391368	0.391672	0.557544	0.517265	0.591808	0.625998	0.482795	0.299053	0.562605	0.420835	0.470516	0.491556	0.456983	0.429936	0.51891	0.514809	0.476864	0.406138
87	0.372255	0.514809	0.296371	0	0.217621	0.439854	0.389305	0.405967	0.510579	0.514952	0.579293	0.62388	0.470516	0.26987	0.585963	0.482795	0.497595	0.452085	0.52875	0.412827	0.550739	0.492108	0.46288	0.398485
88	0.420977	0.492108	0.29704	0	0.172034	0.40383	0.374003	0.403578	0.589493	0.525376	0.540492	0.600309	0.497595	0.356642	0.411758	0.470516	0.391672	0.405695	0.381286	0.376463	0.565417	0.556887	0.537058	0.397975
89	0.413108	0.556887	0.323225	0	0.182342	0.371866	0.374003	0.390393	0.569064	0.476386	0.555092	0.587614	0.391672	0.289455	0.530972	0.497595	0.405967	0.418122	0.471876	0.363496	0.515291	0.552403	0.520242	0.390469
90	0.393141	0.552403	0.324232	0.0943402	0.177285	0.36329	0.41607	0.361499	0.34539	0.538752	0.58914	0.548256	0.405967	0.352229	0.5079	0.391672	0.403578	0.410556	0.402104	0.345074	0.488719	0.561557	0.519603	0.393676
91	0.436859	0.561557	0.307111	0.0617119	0.187857	0.381535	0.380974	0.26237	0.766272	0.540648	0.604841	0.563066	0.403578	0.417089	0.58361	0.405967	0.390393	0.416084	0.53797	0.32111	0.508023	0.590501	0.553628	0.405651
92	0.40293	0.590501	0.323732	0.191937	0.189534	0.308308	0.383817	0.23388	0.538632	0.527994	0.551221	0.597603	0.390393	0.354822	0.608194	0.403578	0.361499	0.396469	0.339629	0.343374	0.490354	0.564178	0.536806	0.414661
93	0.406138	0.564178	0.314386	0.0236714	0.162261	0.251037	0.407057	0.203	0.545164	0.524169	0.522796	0.613529	0.361499	0.410174	0.510574	0.390393	0.26237	0.290003	0.448652	0.373154	0.537749	0.56728	0.548759	0.410289
94	0.398485	0.56728	0.315168	0	0.210725	0.256716	0.402203	0.270779	0.566637	0.546427	0.543445	0.559138	0.26237	0.392619	0.513685	0.361499	0.23388	0.303455	0.488372	0.351963	0.518111	0.586202	0.546611	0.410943
95	0.397975	0.586202	0.320711	0.0166027	0.165379	0.42049	0.372255	0.237075	0.573159	0.504659	0.524545	0.530305	0.23388	0.188588	0.505689	0.26237	0.203	0.414136	0.477552	0.299053	0.495265	0.620323	0.588293	0.418375
96	0.390469	0.620323	0.31769	0.0781606	0.185667	0.580399	0.420977	0.254398	0.585718	0.550291	0.575244	0.551252	0.203	0.123668	0.553026	0.23388	0.270779	0.693419	0.501998	0.26987	0.560459	0.615623	0.574372	0.476229
97	0.393676	0.615623	0.287468	0.132905	0.194234	0.590516	0.413108	0.257021	0.821707	0.667722	0.554237	0.53208	0.270779	0.118569	0.520809	0.203	0.237075	0.736545	0.501394	0.356642	0.555947	0.640433	0.603634	0.45323
98	0.405651	0.640433	0.300061	0.133295	0.174937	0.546929	0.393141	0.273336	0.702565	0.666714	0.529798	0.583507	0.237075	0.114191	0.505536	0.270779	0.254398	0.61235	0.465043	0.289455	0.565159	0.609195	0.578721	0.46496
99	0.414661	0.609195	0.323225	0.177702	0.199072	0.473244	0.436859	0.284941	0.517284	0.983889	0.599538	0.562199	0.254398	0.146352	0.58655	0.237075	0.257021	0.543653	0.523448	0.352229	0.594289	0.63503	0.598218	0.505156
100	0.410289	0.63503	0.293463	0.257382	0.235599	0.575494	0.40293	0.310909	0.535366	0.733795	0.594711	0.537408	0.257021	0.195833	0.568184	0.254398	0.273336	0.596033	0.521284	0.417089	0.567797	0.618438	0.5815	0.509745
101	0.410943	0.618438	0.323225	0.1941	0.184497	0.519931	0.406138	0.306671	0.543985	0.676231	0.604566	0.60815	0.273336	0.23139	0.567486	0.257021	0.284941	0.499687	0.522337	0.354822	0.570919	0.650147	0.610436	0.512588
102	0.418375	0.650147	0.323225	0.155661	0.15963	0.463822	0.398485	0.260352	0.550938	0.653177	0.635727	0.603253	0.284941	0.24546	0.604647	0.273336	0.310909	0.45278	0.531431	0.410174	0.589962	0.614303	0.589184	0.500882
103	0.476229	0.614303	0.357466	0.214203	0.166596	0.501264	0.397975	0.29113	0.542765	0.608587	0.607387	0.61325	0.310909	0.253242	0.586275	0.284941	0.306671	0.569809	0.519721	0.392619	0.624302	0.619566	0.584511	0.500784
104	0.45323	0.619566	0.399765	0.209261	0.163448	0.451292	0.390469	0.274749	0.455757	0.570412	0.610727	0.644859	0.306671	0.312526	0.599329	0.310909	0.260352	0.530125	0.527497	0.188588	0.619572	0.589297	0.540641	0.509724
105	0.46496	0.589297	0.414203	0.148926	0.169979	0.444688	0.393676	0.288775	0.643557	0.530632	0.631099	0.616112	0.260352	0.290799	0.596983	0.306671	0.29113	0.452271	0.528334	0.123668	0.644541	0.611843	0.572768	0.514459
106	0.505156	0.611843	0.44643	0	0.160371	0.439572	0.405651	0.268324	0.48752	0.511297	0.667833	0.619499	0.29113	0.357148	0.642506	0.260352	0.274749	0.442825	0.581208	0.118569	0.613103	0.602848	0.563787	0.50659
107	0.509745	0.602848	0.454656	0	0.234983	0.467107	0.414661	0.298631	0.540615	0.662699	0.662773	0.640164	0.274749	0.266385	0.627303	0.29113	0.288775	0.47024	0.580169	0.114191	0.639104	0.615353	0.590016	0.522643
108	0.512588	0.615353	0.440331	0.109574	0.17664	0.531748	0.410289	0.305291	0.593183	0.476227	0.689483	0.677426	0.288775	0.227278	0.659261	0.274749	0.268324	0.487886	0.612561	0.146352	0.622405	0.6189	0.606921	0.513025
109	0.500882	0.6189	0.41185	0.216225	0.170766	0.477691	0.410943	0.298631	0.510607	0.662704	0.655853	0.672293	0.268324	0.177055	0.632053	0.288775	0.298631	0.459355	0.597535	0.195833	0.654318	0.635327	0.605558	0.526238
110	0.500784	0.635327	0.41185	0.0649771	0.177376	0.455492	0.418375	0.290828	0.588969	0.532076	0.683666	0.699387	0.298631	0.196636	0.653347	0.268324	0.305291	0.431252	0.612524	0.23139	0.618244	0.638024	0.603979	0.533426
111	0.509724	0.638024	0.41185	0.03784	0.206268	0.430943	0.476229	0.214403	0.70963	0.620015	0.665803	0.665273	0.305291	0.191567	0.635088	0.298631	0.298631	0.377674	0.595917	0.24546	0.62354	0.611317	0.578709	0.572408
112	0.514459	0.611317	0.434006	0.0367545	0.212571	0.44254	0.45323	0.217969	0.574459	0.523602	0.699941	0.693486	0.298631	0.172702	0.66669	0.305291	0.290828	0.385853	0.623148	0.253242	0.593077	0.621375	0.591212	0.544212
113	0.50659	0.621375	0.421921	0.278499	0.220678	0.409316	0.46496	0.226647	0.438078	0.528392	0.661352	0.675367	0.290828	0.183969	0.643479	0.298631	0.214403	0.398266	0.612035	0.312526	0.615767	0.628344	0.587921	0.545327
114	0.522643	0.628344	0.41185	0.267594	0.186339	0.439414	0.505156	0.281341	0.463707	0.408154	0.667018	0.709995	0.214403	0.231987	0.638376	0.290828	0.217969	0.43046	0.605815	0.290799	0.606716	0.65965	0.614816	0.508653
115	0.513025	0.65965	0.41185	0.267594	0.196263	0.558253	0.509745	0.310942	0.479415	0.35231	0.63443	0.670852	0.217969	0.241644	0.590463	0.214403	0.226647	0.5163	0.550801	0.357148	0.6193	0.641738	0.598093	0.489201
116	0.526238	0.641738	0.434006	0.267594	0.183505	0.537895	0.512588	0.264186	0.501131	0.528474	0.658703	0.676599	0.226647	0.121045	0.625551	0.217969	0.281341	0.455548	0.548453	0.266385	0.62287	0.711089	0.668132	0.463478
117	0.533426	0.711089	0.444077	0.267594	0.171397	0.512825	0.500882	0.303071	0.460405	0.513464	0.64902	0.643543	0.281341	0.170882	0.615742	0.226647	0.310942	0.466357	0.536266	0.227278	0.639403	0.702313	0.660166	0.451821
118	0.572408	0.702313	0.432443	0.267594	0.172724	0.453907	0.500784	0.284201	0.759002	0.450345	0.662482	0.668165	0.310942	0.133862	0.644388	0.281341	0.264186	0.422549	0.583789	0.177055	0.642117	0.703705	0.649627	0.409656
119	0.544212	0.703705	0.422372	0.267594	0.190159	0.479003	0.509724	0.308016	0.528032	0.66284	0.666301	0.658342	0.264186	0.172968	0.662852	0.310942	0.303071	0.437854	0.56711	0.196636	0.615238	0.776302	0.697519	0.415388
120	0.545327	0.776302	0.414146	0.267594	0.172812	0.443834	0.514459	0.224999	0.496756	0.711706	0.683986	0.671998	0.303071	0.161465	0.661363	0.264186	0.284201	0.401571	0.578969	0.191567	0.625361	0.822385	0.746765	0.409852
121	0.508653	0.822385	0.394898	0.267594	0.173709	0.36255	0.50659	0.219281	0.521238	0.643432	0.686889	0.675871	0.284201	0.161225	0.659638	0.303071	0.308016	0.364255	0.588639	0.172702	0.632375	0.752584	0.687087	0.415098
122	0.489201	0.752584	0.370389	0.113356	0.164796	0.31677	0.522643	0.228396	0.55936	0.542825	0.658137	0.693811	0.308016	0.177707	0.63204	0.284201	0.224999	0.254429	0.587075	0.183969	0.663882	0.717817	0.663189	0.400234
123	0.463478	0.717817	0.391764	0	0.164995	0.299256	0.513025	0.243668	0.550068	0.498308	0.668965	0.696756	0.224999	0.226145	0.645694	0.308016	0.219281	0.248033	0.588122	0.231987	0.645855	0.735441	0.680694	0.398485
124	0.451821	0.735441	0.409328	0	0.154591	0.307102	0.526238	0.261227	0.590126	0.495525	0.676468	0.66759	0.219281	0.0675984	0.6421	0.224999	0.228396	0.240026	0.594758	0.241644	0.71565	0.728763	0.638248	0.384279
125	0.409656	0.728763	0.428463	0	0.160095	0.391582	0.533426	0.213899	0.510621	0.40374	0.710172	0.678575	0.228396	0.109718	0.671474	0.219281	0.243668	0.32716	0.610648	0.121045	0.706818	0.758422	0.693923	0.393456
126	0.415388	0.758422	0.447099	0	0.153711	0.479805	0.572408	0.24471	0.609525	0.523291	0.690888	0.686185	0.243668	0.0739509	0.653209	0.228396	0.261227	0.458054	0.609065	0.170882	0.708219	0.755694	0.690556	0.399699
127	0.409852	0.755694	0.452134	0.00177829	0.173862	0.46826	0.544212	0.20919	0.531374	0.510356	0.76555	0.720373	0.261227	0.0523094	0.729704	0.243668	0.213899	0.448436	0.663953	0.133862	0.781282	0.746591	0.674893	0.399433
128	0.415098	0.746591	0.452134	0	0.17547	0.444283	0.545327	0.257963	0.49515	0.510356	0.756103	0.700812	0.213899	0.0228304	0.721004	0.261227	0.24471	0.444106	0.665437	0.172968	0.82766	0.757459	0.674257	0.401399
129	0.400234	0.757459	0.423323	0	0.161106	0.496887	0.508653	0.19698	0.507697	0.510356	0.7576	0.776547	0.24471	0.109808	0.709493	0.213899	0.20919	0.509773	0.666246	0.161465	0.757412	0.755396	0.68349	0.402857
130	0.398485	0.755396	0.41185	0	0.157988	0.50372	0.489201	0.212251	0.557001	0.510356	0.835758	0.766963	0.20919	0.116427	0.761799	0.24471	0.257963	0.441111	0.654266	0.161225	0.722421	0.754528	0.692128	0.423453
131	0.384279	0.754528	0.439541	0	0.141495	0.504742	0.463478	0.231592	0.49217	0.510356	0.88537	0.768483	0.257963	0.129299	0.815582	0.20919	0.19698	0.483301	0.659478	0.177707	0.740159	0.757173	0.680116	0.407715
132	0.393456	0.757173	0.446599	0	0.167463	0.589275	0.451821	0.27421	0.492525	0.510356	0.810223	0.847763	0.19698	0.139764	0.750405	0.257963	0.212251	0.550345	0.633656	0.226145	0.733437	0.78434	0.697152	0.436883
133	0.399699	0.78434	0.444077	0	0.145263	0.556888	0.409656	0.210047	0.455181	0.510356	0.772793	0.898087	0.212251	0.12796	0.724305	0.19698	0.231592	0.507109	0.641752	0.0675984	0.763287	0.783158	0.701939	0.592665
134	0.399433	0.783158	0.454656	0	0.133876	0.479461	0.415388	0.235629	0.468961	0.510356	0.791768	0.821862	0.231592	0.021341	0.743422	0.212251	0.27421	0.416642	0.659706	0.109718	0.760541	0.782669	0.712225	0.45153
135	0.401399	0.782669	0.436021	0	0.135823	0.467776	0.409852	0.283393	0.418742	0.218535	0.784577	0.783894	0.27421	0.0823551	0.697065	0.231592	0.210047	0.422226	0.608711	0.0739509	0.75138	0.804052	0.75795	0.380998
136	0.402857	0.804052	0.430316	0	0.147689	0.488865	0.415098	0.216623	0.464589	0.00717548	0.816509	0.803141	0.210047	0.0666755	0.757871	0.27421	0.235629	0.342988	0.673245	0.0523094	0.762317	0.813425	0.75981	0.380998
137	0.423453	0.813425	0.433499	0	0.1644	0.604949	0.400234	0.204716	0.41878	0.00667717	0.813571	0.795847	0.235629	0.0341576	0.754194	0.210047	0.283393	0.480519	0.680026	0.0228304	0.760242	0.850129	0.765219	0.373787
138	0.407715	0.850129	0.424942	0	0.178942	0.605909	0.398485	0.24757	0.499644	0.00702601	0.803772	0.828237	0.283393	0.0666455	0.737088	0.235629	0.216623	0.520637	0.665398	0.109808	0.759369	0.86298	0.76917	0.370506
139	0.436883	0.86298	0.43652	0	0.16076	0.603179	0.384279	0.218305	0.451731	0.00323893	0.815471	0.825257	0.216623	0.12957	0.736392	0.283393	0.204716	0.500368	0.690031	0.116427	0.76203	0.853177	0.75784	0.379687
140	0.592665	0.853177	0.455156	0	0.203592	0.587294	0.393456	0.185879	0.437196	0	0.813251	0.815317	0.204716	0.184802	0.746477	0.216623	0.24757	0.455383	0.663277	0.129299	0.789372	0.803142	0.75438	0.392487
141	0.45153	0.803142	0.493426	0.00836232	0.157354	0.542306	0.399699	0.191631	0.410979	0	0.812317	0.827185	0.24757	0.0814623	0.755911	0.204716	0.218305	0.361446	0.647839	0.139764	0.788182	0.760204	0.715721	0.380998
142	0.380998	0.760204	0.508532	0	0.194508	0.624356	0.399433	0.219483	0.406656	0	0.815164	0.824933	0.218305	0.160869	0.742791	0.24757	0.185879	0.478523	0.662093	0.12796	0.787689	0.811097	0.72108	0.380998
143	0.380998	0.811097	0.53114	0	0.262472	0.617778	0.401399	0.349255	0.475391	0.215783	0.844412	0.823985	0.185879	0.235356	0.761397	0.218305	0.191631	0.472994	0.689078	0.021341	0.80921	0.795552	0.705738	0.388213
144	0.373787	0.795552	0.54764	0	0.195163	0.635337	0.402857	0.525952	0.401924	0.486381	0.843139	0.826873	0.191631	0.267814	0.766626	0.185879	0.219483	0.460402	0.70939	0.0823551	0.818643	0.822212	0.730464	0.384132
145	0.370506	0.822212	0.532703	0.182934	0.158227	0.553067	0.423453	0.200578	0.358792	0.563619	0.842612	0.856541	0.219483	0.0627739	0.777859	0.191631	0.349255	0.446453	0.699543	0.0666755	0.855583	0.837278	0.75014	0.38623
146	0.379687	0.837278	0.54076	0.300523	0.176613	0.665733	0.407715	0.221938	0.375801	0.491244	0.865633	0.85525	0.349255	0.0321917	0.827798	0.219483	0.525952	0.556369	0.715816	0.0341576	0.868516	0.853666	0.759395	0.579294
147	0.392487	0.853666	0.532703	0.325229	0.161309	0.657386	0.436883	0.205288	0.389282	0.386646	0.875724	0.854716	0.525952	0.0311187	0.829829	0.349255	0.200578	0.496134	0.754938	0.0666455	0.85865	0.865047	0.765987	0.866277
148	0.380998	0.865047	0.537964	0.282161	0.15724	0.655043	0.592665	0.249083	0.452255	0.451678	0.915239	0.878067	0.200578	0.0206242	0.835737	0.525952	0.221938	0.510193	0.751982	0.12957	0.808294	0.871453	0.788195	1
149	0.380998	0.871453	0.516589	0.312972	0.18495	0.701404	0.45153	0.177134	0.511783	0.398642	0.929075	0.888303	0.221938	0.0430082	0.840053	0.200578	0.205288	0.55038	0.718438	0.184802	0.765081	0.867636	0.769408	0.614887
150	0.388213	0.867636	0.458515	0.32115	0.164218	0.673896	0.380998	0.219718	0.448417	0.475452	0.918521	0.928386	0.205288	0.160718	0.827679	0.221938	0.249083	0.492995	0.710864	0.0814623	0.8163	0.863818	0.771023	0.58013
151	0.384132	0.863818	0.587755	0.296134	0.138499	0.592471	0.380998	0.280198	0.474084	0.603715	0.864654	0.94242	0.249083	0.1051	0.823899	0.205288	0.177134	0.429579	0.69284	0.160869	0.800655	0.832025	0.761201	0.566361
152	0.38623	0.832025	0.586079	0.319557	0.157019	0.609378	0.373787	0.283931	0.420937	0.531732	0.818427	0.931715	0.177134	0.133591	0.781677	0.249083	0.219718	0.464189	0.705395	0.235356	0.827487	0.835786	0.78129	0.560898
153	0.579294	0.835786	0.586587	0.15403	0.146579	0.697627	0.370506	0.188839	0.52977	0.478407	0.873218	0.877074	0.219718	0.126887	0.78753	0.177134	0.280198	0.468175	0.716325	0.267814	0.842649	0.835469	0.760871	0.554777
154	0.866277	0.835469	0.589101	0.230111	0.159508	0.581905	0.379687	0.198527	0.478009	0.413133	0.856482	0.830183	0.280198	0.0396731	0.770775	0.219718	0.283931	0.406335	0.698286	0.0627739	0.859142	0.843974	0.776375	0.564902
155	1	0.843974	0.62866	0.0891169	0.143403	0.579571	0.392487	0.215077	0.455983	0.636305	0.885185	0.885761	0.283931	0.00885058	0.797779	0.280198	0.188839	0.369488	0.719268	0.0321917	0.870597	0.855077	0.775416	0.55412
156	0.614887	0.855077	0.656915	0	0.159098	0.564963	0.380998	0.200545	0.429926	0.543804	0.901404	0.868785	0.188839	0.0569579	0.819269	0.283931	0.198527	0.374596	0.729621	0.0311187	0.877043	0.852826	0.76418	0.548874
157	0.58013	0.852826	0.644661	0	0.165011	0.587065	0.380998	0.205422	0.481998	0.560536	0.919048	0.897899	0.198527	0.0930256	0.829377	0.188839	0.215077	0.339394	0.738205	0.0206242	0.873201	0.827399	0.743025	0.536853
158	0.566361	0.827399	0.632906	0	0.14922	0.513926	0.388213	0.209796	0.444734	0.520111	0.9313	0.914352	0.215077	0.106143	0.836576	0.198527	0.200545	0.274766	0.754538	0.0430082	0.86936	0.800362	0.727871	0.512151
159	0.560898	0.800362	0.613271	0	0.142723	0.484419	0.384132	0.239262	0.407926	0.562204	0.938197	0.932249	0.200545	0.0799385	0.86083	0.215077	0.205422	0.319814	0.756995	0.160718	0.837362	0.79783	0.726002	0.508653
160	0.554777	0.79783	0.613271	0	0.134024	0.511293	0.38623	0.366309	0.510111	0.495409	0.934087	0.944678	0.205422	0	0.840312	0.200545	0.209796	0.335256	0.754254	0.1051	0.841147	0.785879	0.722086	0.501221
161	0.564902	0.785879	0.635879	0	0.130339	0.561432	0.579294	0.312405	0.444785	0.471633	0.929977	0.951673	0.209796	0.00777753	0.842076	0.205422	0.239262	0.352331	0.743272	0.133591	0.840828	0.822884	0.750079	0.496196
162	0.55412	0.822884	0.656915	0	0.135741	0.672892	0.866277	0.407581	0.383339	0.551062	0.895749	0.947504	0.239262	0.0496268	0.831349	0.209796	0.366309	0.389805	0.726433	0.126887	0.849388	0.822348	0.728829	0.489201
163	0.548874	0.822348	0.646844	0	0.147867	0.697213	1	0.256113	0.432003	0.493751	0.899798	0.943335	0.366309	0.0273587	0.85329	0.239262	0.312405	0.325253	0.731055	0.0396731	0.860562	0.819671	0.732574	0.50297
164	0.536853	0.819671	0.605214	0	0.196792	0.715652	0.614887	0.249387	0.402787	0.459959	0.899456	0.908616	0.312405	0.144863	0.830989	0.366309	0.407581	0.341418	0.727754	0.00885058	0.858296	0.775538	0.707729	0.49401
165	0.512151	0.775538	0.616631	0	0.1427	0.607168	0.58013	0.412896	0.425763	0.48041	0.908613	0.912723	0.407581	0.131179	0.847921	0.312405	0.256113	0.452657	0.744492	0.0569579	0.832707	0.769653	0.703814	0.458599
166	0.508653	0.769653	0.632406	0	0.151238	0.480729	0.566361	0.492112	0.371805	0.522976	0.920567	0.912376	0.256113	0.169539	0.846874	0.407581	0.249387	0.520623	0.738413	0.0930256	0.805496	0.765084	0.701735	0.450236
167	0.501221	0.765084	0.64852	0	0.26548	0.531238	0.560898	0.319722	0.421577	0.501968	0.918142	0.921664	0.249387	0.181879	0.834602	0.256113	0.412896	0.474385	0.730656	0.106143	0.802948	0.757547	0.706756	0.451572
168	0.496196	0.757547	0.64802	0	0.152431	0.52525	0.554777	0.422516	0.453626	0.398568	0.890768	0.93379	0.412896	0.18054	0.811498	0.249387	0.492112	0.497855	0.72483	0.0799385	0.79092	0.781351	0.713454	0.455755
169	0.489201	0.781351	0.628885	0	0.174972	0.53911	0.564902	0.399408	0.404229	0.494424	0.861661	0.931331	0.492112	0.199589	0.794948	0.412896	0.319722	0.470688	0.702698	0	0.828162	0.815615	0.735317	0.460564
170	0.50297	0.815615	0.615785	0	0.161827	0.555206	0.55412	0.224663	0.37422	0.483113	0.858935	0.903564	0.319722	0.159886	0.792906	0.492112	0.422516	0.490564	0.706311	0.00777753	0.827623	0.841732	0.770491	0.447012
171	0.49401	0.841732	0.60656	0	0.313358	0.535288	0.548874	0.206465	0.364544	0.476524	0.846069	0.874038	0.422516	0.214341	0.788629	0.319722	0.399408	0.459314	0.707613	0.0496268	0.824929	0.852167	0.756303	0.435645
172	0.458599	0.852167	0.597665	0	0.179295	0.645507	0.536853	0.208013	0.343027	0.421155	0.885907	0.871273	0.399408	0.226415	0.819202	0.422516	0.224663	0.595097	0.723841	0.0273587	0.780513	0.844869	0.742038	0.443952
173	0.450236	0.844869	0.591622	0	0.275294	0.828917	0.512151	0.415554	0.368736	0.419663	0.88533	0.858222	0.224663	0.310916	0.795994	0.399408	0.206465	0.749007	0.721387	0.144863	0.77459	0.836128	0.746263	0.461292
174	0.451572	0.836128	0.594644	0	0.163227	0.847391	0.508653	0.266641	0.396016	0.413902	0.882448	0.898632	0.206465	0.286236	0.800084	0.224663	0.208013	0.702954	0.708456	0.131179	0.769991	0.82765	0.72714	0.460781
175	0.455755	0.82765	0.597158	0	0.174787	0.860256	0.501221	0.228867	0.468669	0.512649	0.834935	0.898047	0.208013	0.20334	0.772949	0.206465	0.415554	0.780519	0.701411	0.169539	0.762406	0.829331	0.73213	0.458525
176	0.460564	0.829331	0.602701	0	0.29986	0.792471	0.496196	0.228026	0.383087	0.402405	0.8286	0.895124	0.415554	0.209826	0.768673	0.208013	0.266641	0.801442	0.693084	0.181879	0.786364	0.827436	0.748993	0.456728
177	0.447012	0.827436	0.605214	0	0.196616	0.840232	0.489201	0.192203	0.413437	0.491583	0.82368	0.846928	0.266641	0.176784	0.766403	0.415554	0.228867	0.690004	0.694573	0.18054	0.820847	0.81519	0.716702	0.458599
178	0.435645	0.81519	0.605214	0	0.179623	0.777819	0.50297	0.229137	0.47009	0.507612	0.815566	0.840502	0.228867	0.175445	0.771887	0.266641	0.228026	0.67222	0.699221	0.199589	0.847132	0.806232	0.74934	0.450729
179	0.443952	0.806232	0.616293	0	0.170505	0.809034	0.49401	0.234922	0.418458	0.513779	0.841194	0.835512	0.228026	0.191	0.779202	0.228867	0.192203	0.727664	0.714475	0.159886	0.857633	0.835287	0.768693	0.443416
180	0.461292	0.835287	0.615785	0	0.169237	0.833875	0.458599	0.222712	0.501495	0.50878	0.878082	0.827281	0.192203	0.123934	0.80308	0.228026	0.229137	0.72648	0.750696	0.214341	0.850288	0.828284	0.761291	0.441328
181	0.460781	0.828284	0.629884	0	0.15411	0.831638	0.450236	0.239262	0.43768	0.508475	0.906199	0.853277	0.229137	0.0643835	0.841495	0.192203	0.234922	0.734356	0.77473	0.226415	0.841491	0.810087	0.750019	0.455755
182	0.458525	0.810087	0.626364	0	0.156319	0.817003	0.451572	0.200512	0.666103	0.51821	0.917433	0.890695	0.234922	0.181879	0.826	0.229137	0.222712	0.664489	0.760122	0.310916	0.832959	0.77321	0.71968	0.448421
183	0.456728	0.77321	0.649019	0	0.133262	0.795993	0.455755	0.202428	0.473994	0.576482	0.909576	0.919216	0.222712	0.201585	0.81042	0.234922	0.239262	0.745888	0.740635	0.286236	0.834651	0.788942	0.730519	0.41522
184	0.458599	0.788942	0.661612	0	0.179683	0.819821	0.460564	0.207709	0.501338	0.637517	0.900166	0.930611	0.239262	0.22266	0.815035	0.222712	0.200512	0.695973	0.731782	0.20334	0.832744	0.808336	0.756287	0.415972
185	0.450729	0.808336	0.661612	0	0.155541	0.78496	0.447012	0.216254	0.442165	0.593756	0.891038	0.922641	0.200512	0.162178	0.794149	0.239262	0.202428	0.717344	0.718564	0.209826	0.820419	0.832062	0.78742	0.423184
186	0.443416	0.832062	0.667155	0	0.154021	0.808779	0.435645	0.253422	0.399866	0.585616	0.892848	0.913096	0.202428	0.107812	0.799598	0.200512	0.207709	0.724965	0.713024	0.176784	0.811404	0.833299	0.788605	0.411454
187	0.441328	0.833299	0.669669	0	0.160184	0.812407	0.443952	0.228229	0.46762	0.535848	0.890808	0.903837	0.207709	0.0815524	0.818016	0.202428	0.216254	0.772629	0.70704	0.175445	0.840645	0.833299	0.788605	0.412986
188	0.455755	0.833299	0.691826	0	0.14651	0.730111	0.461292	0.223183	0.551549	0.474108	0.877624	0.905673	0.216254	0.0847716	0.782749	0.207709	0.253422	0.655869	0.709744	0.191	0.833597	0.833299	0.788605	0.412401
189	0.448421	0.833299	0.701897	0	0.152591	0.693383	0.460781	0.223485	0.488447	0.519936	0.867981	0.903604	0.253422	0.156636	0.818395	0.216254	0.228229	0.674754	0.706314	0.123934	0.815283	0.833299	0.788605	0.401206
190	0.41522	0.833299	0.696249	0	0.158916	0.655554	0.458525	0.218406	0.474008	0.63631	0.899261	0.89023	0.228229	0.132312	0.839531	0.253422	0.223183	0.580521	0.722845	0.0643835	0.77817	0.833299	0.788605	0.418718
191	0.415972	0.833299	0.69384	0	0.179689	0.616898	0.456728	0.233677	0.471562	0.545986	0.891721	0.880448	0.223183	0.145936	0.831448	0.228229	0.223485	0.576397	0.704007	0.181879	0.794003	0.833299	0.788605	0.432368
192	0.423184	0.833299	0.688023	0	0.178391	0.626469	0.458599	0.20152	0.474251	0.573602	0.87213	0.912178	0.223485	0.200181	0.819137	0.223183	0.218406	0.566063	0.696444	0.201585	0.813522	0.833299	0.788605	0.403948
193	0.411454	0.833299	0.685783	0	0.153769	0.61895	0.450729	0.226782	0.429886	0.523262	0.832429	0.90453	0.218406	0.0353809	0.786002	0.223485	0.233677	0.576397	0.711515	0.22266	0.8374	0.833299	0.788605	0.398485
194	0.412986	0.833299	0.68024	0	0.171964	0.665425	0.443416	0.235797	0.349711	0.521051	0.849366	0.884657	0.233677	0.0123359	0.79784	0.218406	0.20152	0.632006	0.705999	0.162178	0.838644	0.814536	0.768796	0.407666
195	0.412401	0.814536	0.666648	0	0.162013	0.624145	0.441328	0.222745	0.476567	0.449355	0.870246	0.844386	0.20152	0.0705514	0.825982	0.233677	0.226782	0.586201	0.713321	0.107812	0.838644	0.740667	0.699233	0.403294
196	0.401206	0.740667	0.655852	0	0.152412	0.583164	0.455755	0.233172	0.405769	0.508368	0.895789	0.861566	0.226782	0.181553	0.859984	0.20152	0.235797	0.572948	0.715427	0.0815524	0.838644	0.680901	0.627008	0.385954
197	0.418718	0.680901	0.659316	0	0.170704	0.527988	0.448421	0.271419	0.424074	0.410659	0.89712	0.882746	0.235797	0.158332	0.861279	0.226782	0.222745	0.523887	0.716402	0.0847716	0.838644	0.757296	0.709208	0.366498
198	0.432368	0.757296	0.672691	0	0.1489	0.477515	0.41522	0.14131	0.451155	0.514133	0.89712	0.908656	0.222745	0.148644	0.861279	0.235797	0.233172	0.619662	0.716402	0.156636	0.838644	0.747454	0.696686	0.363511
199	0.403948	0.747454	0.677726	0	0.184958	0.521041	0.415972	0.211174	0.398989	0.522389	0.89712	0.910006	0.233172	0.131149	0.861279	0.222745	0.271419	0.554889	0.716402	0.132312	0.838644	0.719564	0.693786	0.351491
200	0.398485	0.719564	0.695185	0	0.12461	0.527451	0.423184	0.223015	0.403081	0.53627	0.89712	0.910006	0.271419	0.165873	0.861279	0.233172	0.14131	0.518586	0.716402	0.145936	0.838644	0.729254	0.680336	0.346024
201	0.407666	0.729254	0.690818	0	0.141025	0.592894	0.411454	0.230684	0.44325	0.419719	0.89712	0.910006	0.14131	0.173028	0.861279	0.271419	0.211174	0.599579	0.716402	0.200181	0.838644	0.74062	0.704307	0.349301
202	0.403294	0.74062	0.663627	0	0.158782	0.68868	0.412986	0.162233	0.497789	0.51311	0.89712	0.910006	0.211174	0.113203	0.861279	0.14131	0.223015	0.589403	0.716402	0.0353809	0.819761	0.703186	0.663079	0.36028
203	0.385954	0.703186	0.670845	0	0.17199	0.690186	0.412401	0.17192	0.503335	0.513153	0.89712	0.910006	0.223015	0.223192	0.861279	0.211174	0.230684	0.498957	0.716402	0.0123359	0.745418	0.659242	0.619401	0.376627
204	0.366498	0.659242	0.677726	0	0.162917	0.60251	0.401206	0.307679	0.414732	0.51934	0.89712	0.910006	0.230684	0.229991	0.861279	0.223015	0.162233	0.495446	0.716402	0.0705514	0.685269	0.75386	0.715225	0.360231
205	0.363511	0.75386	0.689255	0	0.155942	0.585577	0.418718	0.311177	0.475636	0.511112	0.87692	0.910006	0.162233	0.264058	0.839644	0.230684	0.17192	0.548046	0.706627	0.181553	0.762154	0.809089	0.752243	0.352362
206	0.351491	0.809089	0.699657	0	0.177069	0.649381	0.432368	0.336304	0.447831	0.519577	0.797394	0.910006	0.17192	0.235923	0.76367	0.162233	0.307679	0.484836	0.682972	0.158332	0.752249	0.621823	0.587602	0.357608
207	0.346024	0.621823	0.701897	0	0.14676	0.648774	0.403948	0.33321	0.415737	0.531751	0.73305	0.889516	0.307679	0.177291	0.68479	0.17192	0.311177	0.493607	0.611792	0.148644	0.72418	0.699034	0.656543	0.334221
208	0.349301	0.699034	0.685275	0	0.176223	0.612116	0.398485	0.343167	0.474011	0.523286	0.815297	0.808848	0.311177	0.149421	0.774565	0.307679	0.336304	0.511742	0.720865	0.131149	0.733932	0.719319	0.67426	0.327128
209	0.36028	0.719319	0.694339	0	0.15926	0.660688	0.407666	0.35975	0.387676	0.492854	0.8047	0.74358	0.336304	0.15452	0.760888	0.311177	0.33321	0.591936	0.684843	0.165873	0.745371	0.773947	0.782351	0.339246
210	0.376627	0.773947	0.701897	0	0.183772	0.759741	0.403294	0.26264	0.50579	0.493683	0.774675	0.827008	0.33321	0.229454	0.757721	0.336304	0.343167	0.664317	0.729255	0.173028	0.707697	0.719542	0.719446	0.361763
211	0.360231	0.719542	0.690367	0	0.174932	0.777986	0.385954	0.190723	0.329609	0.534719	0.785107	0.816259	0.343167	0.202091	0.743032	0.33321	0.35975	0.613892	0.706123	0.113203	0.663471	0.766691	0.755104	0.371891
212	0.352362	0.766691	0.691487	0	0.201312	0.78039	0.366498	0.215413	0.380905	0.456215	0.797344	0.785802	0.35975	0.175145	0.769212	0.343167	0.26264	0.638781	0.70428	0.223192	0.758696	0.807491	0.805011	0.432368
213	0.357608	0.807491	0.69384	0	0.104873	0.75068	0.363511	0.2251	0.434724	0.433311	0.757042	0.796384	0.26264	0.241258	0.724185	0.35975	0.190723	0.510455	0.695997	0.229991	0.814279	0.823473	0.81397	0.478705
214	0.334221	0.823473	0.695354	0	0.14115	0.605741	0.351491	0.197719	0.464549	0.445705	0.709733	0.808797	0.190723	0.263882	0.676482	0.26264	0.215413	0.474055	0.629034	0.264058	0.625811	0.762657	0.742431	0.434334
215	0.327128	0.762657	0.701897	0	0.223288	0.67851	0.346024	0.208281	0.443443	0.546199	0.811597	0.767916	0.215413	0.199855	0.781136	0.190723	0.2251	0.558607	0.711527	0.235923	0.703518	0.68327	0.743005	0.412475
216	0.339246	0.68327	0.712975	0	0.422093	0.837934	0.349301	0.215043	0.420582	0.522845	0.871056	0.719928	0.2251	0.183223	0.821565	0.215413	0.197719	0.566669	0.786636	0.177291	0.723933	0.728131	0.752949	0.364022
217	0.361763	0.728131	0.714989	0	0.428858	0.828838	0.36028	0.207542	0.482939	0.514938	0.669447	0.823255	0.197719	0.182952	0.641752	0.2251	0.208281	0.588033	0.641454	0.149421	0.778912	0.66742	0.657285	0.357055
218	0.371891	0.66742	0.701897	0	0.288761	0.758033	0.376627	0.271149	0.38841	0.506749	0.752572	0.883568	0.208281	0.114813	0.717047	0.197719	0.215043	0.474915	0.675001	0.15452	0.724158	0.632894	0.62501	0.37151
219	0.432368	0.632894	0.701897	0	0.442043	0.713001	0.360231	0.248478	0.298902	0.433123	0.77441	0.679063	0.215043	0.294284	0.736396	0.208281	0.207542	0.496224	0.732604	0.229454	0.771609	0.627452	0.634902	0.386244
220	0.478705	0.627452	0.719517	0	0.490936	0.820992	0.352362	0.277338	0.1892	0.493843	0.833223	0.763382	0.207542	0.2857	0.854448	0.215043	0.271149	0.552672	0.778484	0.202091	0.812671	0.759246	0.765299	0.367205
221	0.434334	0.759246	0.728307	0	0.151568	0.794822	0.357608	0.210804	0.515028	0.508868	0.774651	0.785534	0.271149	0.266385	0.785746	0.207542	0.248478	0.598119	0.814085	0.175145	0.828756	0.733802	0.710156	0.405018
222	0.412475	0.733802	0.726067	0	0.148332	0.760164	0.334221	0.21807	0.481029	0.522535	0.825411	0.845192	0.248478	0.245846	0.82469	0.271149	0.277338	0.457786	0.755377	0.241258	0.76755	0.711261	0.692349	0.379858
223	0.364022	0.711261	0.712475	0.0315211	0.321997	0.705499	0.327128	0.269871	0.601389	0.614711	0.869335	0.785778	0.277338	0.293211	0.879196	0.248478	0.210804	0.590174	0.866395	0.263882	0.687653	0.854623	0.854214	0.428528
224	0.357055	0.854623	0.71801	0.104747	0.451237	0.921191	0.339246	0.309496	0.297933	0.582528	0.886542	0.837267	0.210804	0.317891	0.888981	0.277338	0.21807	0.796085	0.875391	0.199855	0.732802	0.694691	0.695269	0.549262
225	0.37151	0.694691	0.743244	0.177421	0.449485	1	0.361763	0.292341	0.373322	0.534234	0.821068	0.881823	0.21807	0.120208	0.810849	0.210804	0.269871	0.772732	0.754357	0.183223	0.671702	0.624463	0.616775	0.524318
226	0.386244	0.624463	0.734632	0.157864	0.255721	0.938238	0.371891	0.255004	0.496646	0.41028	0.735601	0.899277	0.269871	0.106319	0.811476	0.21807	0.309496	0.705481	0.778827	0.182952	0.636954	0.82091	0.798236	0.515428
227	0.367205	0.82091	0.701897	0.159829	0.178973	0.956263	0.432368	0.3136	0.543527	0.468483	0.783897	0.832862	0.309496	0.252018	0.822336	0.269871	0.292341	0.732896	0.761612	0.114813	0.631477	0.85959	0.823811	0.460781
228	0.405018	0.85959	0.705756	0.179144	0.40144	0.865513	0.478705	0.314306	0.565242	0.525056	0.718537	0.746167	0.292341	0.357534	0.717857	0.309496	0.255004	0.676028	0.704593	0.294284	0.764116	0.915707	0.903353	0.429962
229	0.379858	0.915707	0.57791	0.113771	0.184803	0.709682	0.434334	0.287632	0.544717	0.60625	0.681366	0.795157	0.255004	0.355985	0.682607	0.292341	0.3136	0.667959	0.609167	0.2857	0.738509	0.885509	0.865337	0.453353
230	0.428528	0.885509	0.523131	0.113195	0.102136	0.716286	0.412475	0.346564	0.63065	0.63278	0.675507	0.728858	0.3136	0.240601	0.69341	0.255004	0.314306	0.639944	0.598596	0.266385	0.715823	0.851233	0.8261	0.45607
231	0.549262	0.851233	0.603708	0.256102	0.390361	0.72805	0.364022	0.343368	0.638691	0.576448	0.817395	0.691154	0.314306	0.436314	0.835825	0.3136	0.287632	0.675739	0.871053	0.245846	0.860105	0.817953	0.821251	0.443294
232	0.524318	0.817953	0.576508	0.213499	0.442271	0.834976	0.357055	0.379562	0.416673	0.695532	0.790003	0.68521	0.287632	0.40335	0.7756	0.314306	0.346564	0.771142	0.771303	0.293211	0.699147	0.746911	0.719413	0.457721
233	0.515428	0.746911	0.702565	0.201089	0.222675	0.863039	0.37151	0.332033	0.41656	0.660416	0.765735	0.829136	0.346564	0.508419	0.756151	0.287632	0.343368	0.740931	0.735831	0.317891	0.628468	0.77277	0.758501	0.469087
234	0.460781	0.77277	0.330887	0.135894	0.317548	0.795421	0.386244	0.300212	0.496112	0.531422	0.920077	0.80135	0.343368	0.451903	0.932933	0.346564	0.379562	0.757248	0.879168	0.120208	0.826176	0.672113	0.638456	0.504404
235	0.429962	0.672113	0.234994	0.0874341	0.251609	0.90409	0.367205	0.385954	0.627307	0.46154	0.747896	0.776734	0.379562	0.59811	0.759341	0.343368	0.332033	0.743127	0.739004	0.106319	0.865104	0.807879	0.76274	0.472368
236	0.453353	0.807879	0.669669	0.144536	0.181334	0.93653	0.405018	0.25793	0.695441	0.550573	0.672289	0.933293	0.332033	0.427077	0.673614	0.379562	0.300212	0.679794	0.700872	0.252018	0.921581	0.811547	0.778103	0.449222
237	0.45607	0.811547	0.674092	0.142412	0.232987	0.971541	0.379858	0.541424	0.622841	0.660173	0.883782	0.758639	0.300212	0.314943	0.871797	0.332033	0.385954	0.719023	0.836702	0.357534	0.891189	0.812901	0.787493	0.422093
238	0.443294	0.812901	0.662225	0.234743	0.395406	0.972923	0.428528	0.409264	0.544929	0.771059	0.925425	0.681946	0.385954	0.259676	0.899729	0.300212	0.25793	0.607007	0.789126	0.355985	0.856693	0.825496	0.842258	0.428601
239	0.457721	0.825496	0.684276	0.240807	0.231191	0.918205	0.549262	0.204077	0.66047	0.625644	0.985839	0.896477	0.25793	0.357594	0.986601	0.385954	0.541424	0.595138	0.804054	0.240601	0.8232	0.720742	0.74347	0.422093
240	0.469087	0.720742	0	0.264661	0.687443	0.907357	0.524318	0.345252	0.565835	0.643553	0.953329	0.938718	0.541424	0.476017	0.945081	0.25793	0.409264	0.607248	0.74338	0.436314	0.751702	0.610252	0.593708	0.416507
241	0.504404	0.610252	0.225197	0.223193	0.177302	0.923991	0.515428	0.434761	0.306414	0.704593	0.916428	1	0.409264	0.373961	0.902228	0.541424	0.204077	0.739217	0.747163	0.40335	0.777727	0.704275	0.720795	0.387119
242	0.472368	0.704275	0.653555	0.234669	0.287372	0.785823	0.460781	0.489758	0.538696	0.507912	0.880598	0.967022	0.204077	0.464634	0.896933	0.409264	0.345252	0.758136	0.810286	0.508419	0.676424	0.700809	0.691513	0.413349
243	0.449222	0.700809	0.659099	0.219897	0.355097	0.652595	0.429962	0.345353	0.774402	0.420003	0.804116	0.929591	0.345252	0.567648	0.78571	0.204077	0.434761	0.811996	0.731815	0.451903	0.813062	0.674851	0.66781	0.375049
244	0.422093	0.674851	0.672691	0.164427	0.194015	0.675367	0.453353	0.719331	0.659139	0.714915	0.831955	0.893247	0.434761	0.760468	0.8284	0.345252	0.489758	1	0.801731	0.59811	0.816753	0.694305	0.693823	0.368537
245	0.428601	0.694305	0.699882	0.422704	0.422957	0.712614	0.45607	0.113761	0.534086	0.769434	0.723589	0.815666	0.489758	0.667438	0.697293	0.434761	0.345353	0.882263	0.623037	0.427077	0.818116	0.515131	0.503191	0.3264
246	0.422093	0.515131	0.667655	0.66097	0.396994	0.666174	0.443294	0.564364	0.536687	0.786277	0.869754	0.843906	0.345353	0.609673	0.83303	0.489758	0.719331	0.696379	0.739785	0.314943	0.830792	0.677177	0.654679	0.347336
247	0.416507	0.677177	0.673198	1	0.773426	0.634562	0.457721	0.433348	0.546293	0.592724	0.873702	0.733983	0.719331	0.536525	0.849808	0.345353	0.113761	0.667532	0.814133	0.259676	0.725365	0.629244	0.626318	0.333783
248	0.387119	0.629244	0.653555	0.850747	0.387607	0.616211	0.469087	0.0328636	0.588209	0.567677	0.87516	0.882247	0.113761	0.573846	0.860064	0.719331	0.564364	0.703636	0.819291	0.357594	0.614167	0.674613	0.685609	0.505593
249	0.413349	0.674613	0.64852	0.772336	0.437001	0.650447	0.504404	0.682028	0.657704	0.636509	0.88872	0.886252	0.564364	0.576764	0.919875	0.113761	0.433348	0.775706	0.868281	0.476017	0.708793	0.764236	0.768236	0.290503
250	0.375049	0.764236	0.642477	0.51411	0.383391	0.502426	0.472368	0.237479	0.729852	0.660425	0.775942	0.887731	0.433348	0.497955	0.811984	0.564364	0.0328636	0.485662	0.845849	0.373961	0.705304	0.687029	0.645485	0.290576
251	0.368537	0.687029	0.629385	0.688228	0.501098	0.21902	0.449222	0.0666689	0.755328	0.7555	0.656991	0.901486	0.0328636	0.469193	0.648421	0.433348	0.682028	0.445785	0.835839	0.464634	0.67918	0.659351	0.641399	0.318241
252	0.3264	0.659351	0.618307	0.661899	0.496813	0.416132	0.422093	0.549632	0.583855	0.793438	0.758214	0.787088	0.682028	0.567377	0.787219	0.0328636	0.237479	0.612336	0.755681	0.567648	0.698759	0.578324	0.578262	0.325767
253	0.347336	0.578324	0.640963	0.655323	0.467629	0.477471	0.428601	0.207407	0.705239	0.738415	0.754483	0.666428	0.237479	0.442426	0.755239	0.682028	0.0666689	0.613321	0.770074	0.760468	0.518435	0.575123	0.55928	0.311075
254	0.333783	0.575123	0.653555	0.66874	0.841543	0.525576	0.422093	0.447476	0.713186	0.726784	0.726537	0.769105	0.0666689	0.523472	0.729351	0.237479	0.549632	0.644984	0.739236	0.667438	0.681521	0.523692	0.515637	0.294654
255	0.505593	0.523692	0.639343	0.864299	0.804925	0.494897	0.416507	0.203337	0.652868	0.814034	0.747481	0.76532	0.549632	0.396405	0.757762	0.0666689	0.207407	0.600026	0.779565	0.609673	0.63328	0.603898	0.594167	0.266458
256	0.290503	0.603898	0.621328	0.859239	0.221658	0.441157	0.387119	0.531939	0.732416	0.778811	0.554584	0.736973	0.207407	0.605205	0.549563	0.549632	0.447476	0.578188	0.610383	0.536525	0.67894	0.656715	0.641569	0.276513
257	0.290576	0.656715	0.601242	0.769946	0.183809	0.39447	0.413349	0.45861	0.659896	0.76126	0.729041	0.758218	0.447476	0.566841	0.715011	0.207407	0.203337	0.562146	0.756604	0.573846	0.769138	0.647842	0.636821	0.291328
258	0.318241	0.647842	0.608743	0.712481	0.240904	0.411993	0.375049	0.419691	0.869174	0.762312	0.677437	0.56255	0.203337	0.511578	0.684035	0.447476	0.531939	0.595806	0.673342	0.576764	0.691436	0.58528	0.562093	0.286033
259	0.325767	0.58528	0.589101	0.693322	0.233355	0.441985	0.368537	0.706045	0.656018	0.802956	0.726281	0.739513	0.531939	0.37879	0.748791	0.203337	0.45861	0.605933	0.745774	0.497955	0.66358	0.645588	0.62311	0.308864
260	0.311075	0.645588	0.597713	0.696834	0.247504	0.443772	0.3264	0.394833	0.647997	0.804415	0.822767	0.687167	0.45861	0.485554	0.839032	0.531939	0.419691	0.623077	0.808674	0.469193	0.582034	0.544805	0.544311	0.333783
261	0.294654	0.544805	0.589101	0.691538	0.514228	0.425395	0.347336	0.471828	0.57099	0.810339	0.739647	0.736713	0.419691	0.593697	0.70497	0.45861	0.706045	0.597389	0.736497	0.567377	0.578813	0.579479	0.53681	0.277388
262	0.266458	0.579479	0.623737	0.654693	0.241779	0.484806	0.333783	0.710821	0.723878	0.805709	0.709849	0.834586	0.706045	0.719812	0.700506	0.419691	0.394833	0.636936	0.792242	0.442426	0.527052	0.61902	0.598091	0.24766
263	0.276513	0.61902	0.586587	0.61217	0.350648	0.44467	0.505593	0.839079	0.680315	0.426319	0.622617	0.750272	0.394833	0.670837	0.631551	0.706045	0.471828	0.591145	0.665125	0.523472	0.607772	0.61213	0.579743	0.246275
264	0.291328	0.61213	0.546802	0.597154	0.23052	0.436367	0.290503	1	0.619182	0.538394	0.619171	0.720046	0.471828	0.599569	0.61082	0.394833	0.710821	0.578002	0.668263	0.396405	0.660928	0.588006	0.607378	0.201344
265	0.286033	0.588006	0.328768	0.602992	0.324967	0.449241	0.290576	0.461401	0.801454	0.552168	0.563801	0.63156	0.710821	0.551281	0.563156	0.471828	0.839079	0.615792	0.591905	0.605205	0.651997	0.595364	0.556989	0.195636
266	0.308864	0.595364	0.6032	0.406522	0.257343	0.43207	0.318241	0.591173	0.796953	0.559125	0.65015	0.628065	0.839079	0.579181	0.648922	0.710821	1	0.570366	0.726052	0.566841	0.589035	0.514602	0.494664	0.175841
267	0.333783	0.514602	0.584734	0.290852	0.206728	0.392956	0.325767	0.270376	0.522423	0.548139	0.707012	0.5719	1	0.671464	0.700693	0.839079	0.461401	0.527233	0.795162	0.511578	0.649729	0.467109	0.463487	0.190365
268	0.277388	0.467109	0.555528	0.290291	0.20341	0.346568	0.311075	0.0313499	0.5696	0.547571	0.697459	0.659489	0.461401	0.69644	0.695507	1	0.591173	0.482599	0.745455	0.37879	0.5483	0.503266	0.517346	0.206565
269	0.24766	0.503266	0.520005	0.272914	0.235251	0.375882	0.294654	0.708097	0.617074	0.556856	0.630106	0.717168	0.591173	0.809678	0.613893	0.461401	0.270376	0.516279	0.704876	0.485554	0.583196	0.234922	0.274918	0.118693
270	0.246275	0.234922	0.514293	0.266573	0.2007	0.366248	0.266458	0.22389	0.757158	0.562058	0.695032	0.707477	0.270376	0.856777	0.680532	0.591173	0.0313499	0.494151	0.770238	0.593697	0.622991	0	0	0.0973449
271	0.201344	0	0.521117	0.252376	0.213484	0.452226	0.276513	0.531939	0.685487	0.560269	0.586531	0.639157	0.0313499	0.654561	0.594471	0.270376	0.708097	0.472354	0.675555	0.719812	0.616057	0	0	0.0840828
272	0.195636	0	0.54076	0.184503	0.202214	0.662898	0.291328	0.180396	0.853307	0.54122	0.623861	0.705016	0.708097	0.686607	0.586279	0.0313499	0.22389	0.471493	0.69433	0.670837	0.591778	0	0	0.0869961
273	0.175841	0	0.524138	0.251914	0.206529	0.612557	0.286033	0	0.787914	0.542219	0.66643	0.594956	0.22389	0.784135	0.653208	0.708097	0.531939	0.45108	0.747289	0.599569	0.599183	0	0	0.0761402
274	0.190365	0	0.486714	0.254519	0.329727	0.624409	0.308864	0.51697	0.758268	0.550359	0.659012	0.632822	0.531939	0.628812	0.633168	0.22389	0.180396	0.469118	0.743518	0.551281	0.517903	0.0131971	0.0124721	0.106281
275	0.206565	0.0131971	0.483185	0.250036	0.213822	0.620068	0.333783	0.124423	0.758052	0.538723	0.633041	0.676003	0.180396	0.507672	0.663351	0.531939	0	0.47645	0.711822	0.579181	0.470106	0.0624984	0.0590651	0.114321
276	0.118693	0.0624984	0.447494	0.2417	0.241027	0.671686	0.277388	0.312322	0.734746	0.549259	0.640962	0.668479	0	0.392379	0.608317	0.180396	0.51697	0.534779	0.771535	0.671464	0.506494	0.113858	0.107604	0.13006
277	0.0973449	0.113858	0.423935	0.240686	0.217589	0.677128	0.24766	0.710955	0.759475	0.542112	0.554015	0.642134	0.51697	0.422545	0.540249	0	0.124423	0.541395	0.608267	0.69644	0.236429	0.165218	0.156142	0.091151
278	0.0840828	0.165218	0.364008	0.175702	0.337544	0.645454	0.246275	0.346463	0.396394	0.548464	0.502885	0.650168	0.124423	0.44183	0.506199	0.51697	0.312322	0.572253	0.562682	0.809678	0	0.216578	0.204681	0.0861253
279	0.0869961	0.216578	0.34236	0.162049	0.206577	0.728922	0.201344	0.596623	0.0003362	0.554713	0.54181	0.561973	0.312322	0.498702	0.565022	0.124423	0.710955	0.718603	0.690826	0.856777	0	0.267939	0.253219	0
280	0.0761402	0.267939	0.308618	0.175921	0.246193	0.718972	0.195636	0.7085	0.000686215	0.543761	0.252914	0.510108	0.710955	0.616738	0.300253	0.312322	0.346463	0.607923	0.47974	0.654561	0	0.319298	0.301757	0.200371
281	0.106281	0.319298	0.269292	0.174169	0.372658	0.696174	0.175841	0.232365	0.00010552	0.531354	0	0.549593	0.346463	0.624189	0	0.710955	0.596623	0.589899	0	0.686607	0	0.314549	0.303275	0.21249
282	0.114321	0.314549	0.249706	0.17217	0.234577	0.671871	0.190365	0.153251	0.000242804	0.526845	0	0.256547	0.596623	0.668571	0	0.346463	0.7085	0.572129	0	0.784135	0.0132817	0.235614	0.241391	0.170934
283	0.13006	0.235614	0.210429	0.17344	0.229042	0.693048	0.206565	0.144673	0	0.521958	0	0	0.7085	0.56818	0	0.596623	0.232365	0.594759	0	0.628812	0.0628993	0.226421	0.253299	0.144486
284	0.091151	0.226421	0.229789	0.174587	0.212962	0.705649	0.118693	0.348818	0.363173	0.530021	0	0	0.232365	0.591431	0	0.7085	0.153251	0.627166	0	0.507672	0.114589	0.358446	0.368956	0.282172
285	0.0861253	0.358446	0.0336857	0.135425	0.327696	0.662211	0.0973449	0.337079	0.703294	0.371624	0.0142078	0	0.153251	0.650273	0.0136214	0.232365	0.144673	0.562938	0.0280539	0.392379	0.166278	0.431371	0.404503	0.331258
286	0	0.431371	0.122811	0.188331	0.214915	0.649883	0.0840828	0.556259	0.649609	0.512654	0.067285	0	0.144673	0.752746	0.0645082	0.153251	0.348818	0.594725	0.132857	0.422545	0.217967	0.128496	0.152473	0.342674
287	0.200371	0.128496	0.108824	0.176319	0.293939	0.700682	0.0869961	0.770998	0.784741	0.523572	0.122579	0.0144119	0.348818	0.77528	0.11752	0.144673	0.337079	0.610732	0.242035	0.44183	0.269657	0.328583	0.35884	0.353019
288	0.21249	0.328583	0.0859988	0.168898	0.664963	0.732814	0.0761402	0.787918	0.705535	0.526792	0.177872	0.0682515	0.337079	0.729139	0.170531	0.348818	0.556259	0.622546	0.351215	0.498702	0.321347	0.357283	0.34538	0.361546
289	0.170934	0.357283	0.0989784	0.180297	0.985043	0.784273	0.106281	0.799321	0.618001	0.540891	0.233165	0.124339	0.556259	0.775641	0.223543	0.337079	0.770998	0.676324	0.460394	0.616738	0.316567	0.251863	0.272205	0.381652
290	0.144486	0.251863	0.119451	0.19979	0.950632	0.757505	0.114321	0.799792	0.70177	0.634889	0.28846	0.180427	0.770998	0.58583	0.276554	0.556259	0.787918	0.673873	0.569572	0.624189	0.237125	0.440289	0.443261	0.412695
291	0.282172	0.440289	0.029762	0.17946	0.209305	0.713389	0.13006	0.409264	0.717511	0.488888	0.343753	0.236515	0.787918	0.745209	0.329565	0.770998	0.799321	0.63635	0.678751	0.668571	0.227874	0.753648	0.727421	0.431494
292	0.331258	0.753648	0.140431	0.185404	0.185398	0.684172	0.091151	0.556342	0.758748	0.536047	0.33864	0.292603	0.799321	0.95609	0.331223	0.787918	0.799792	0.625541	0.604388	0.56818	0.360746	0.792799	0.755796	0.479191
293	0.342674	0.792799	0.110218	0.187437	0.425547	0.701748	0.0861253	0.796697	0.741108	0.526336	0.253659	0.348691	0.799792	0.954485	0.263636	0.799321	0.409264	0.601417	0.331899	0.591431	0.434138	0.808159	0.784102	0.443952
294	0.353019	0.808159	0.0598624	0.190453	0.281451	0.718338	0	0.625652	0.718469	0.531524	0.243763	0.343504	0.409264	0.812867	0.276641	0.799792	0.556342	0.599234	0.311365	0.650273	0.12932	0.914718	0.890086	0.43958
295	0.361546	0.914718	0.187773	0.198722	0.557534	0.725972	0.200371	0.730095	0.717563	0.524014	0.385899	0.257303	0.556342	0.712807	0.402956	0.409264	0.796697	0.623696	0.439807	0.752746	0.33069	0.805458	0.782573	0.479436
296	0.381652	0.805458	0.469255	0.201568	0.551889	0.778964	0.21249	0.811228	0.566686	0.522259	0.464409	0.247264	0.796697	0.762288	0.441779	0.556342	0.625652	0.639628	0.555911	0.77528	0.359575	0.809371	0.785981	0.462897
297	0.412695	0.809371	0.0453762	0.199985	0.915598	0.794787	0.170934	0.910306	0.716328	0.509769	0.138337	0.391442	0.625652	0.636323	0.166524	0.796697	0.730095	0.657852	0.438455	0.729139	0.253478	0.835408	0.845609	0.425153
298	0.431494	0.835408	0.124325	0.214735	0.731045	0.82499	0.144486	0.955297	0.82329	0.363423	0.353748	0.47108	0.730095	0.646247	0.391909	0.625652	0.811228	0.54607	0.514408	0.775641	0.443113	0.835717	0.825909	0.390469
299	0.479191	0.835717	0.0941121	0.221455	0	0.66038	0.282172	0.467322	0.891421	0.522889	0.384647	0.140324	0.811228	0.818202	0.377208	0.730095	0.910306	0.49599	0.420618	0.58583	0.758483	0.916594	0.915622	0.41692
300	0.443952	0.916594	0.117275	0.191667	0.779201	0.732946	0.331258	0.626425	0.965427	0.516552	0.271152	0.35883	0.910306	0.997407	0.29729	0.811228	0.955297	0.564638	0.394274	0.745209	0.797884	0.92886	0.911318	0.565707
301	0.43958	0.92886	0.279524	0.187499	0.985942	0.741065	0.342674	0.863433	0.966151	0.514676	0.47401	0.390172	0.955297	0.972186	0.484109	0.910306	0.467322	0.495501	0.577745	0.95609	0.813344	0.993626	1	0.546516
302	0.479436	0.993626	0.279363	0.185769	0.751944	0.74906	0.353019	0.820882	0.703108	0.512814	0.811369	0.275047	0.467322	1	0.794456	0.955297	0.626425	0.540899	0.77158	0.954485	0.920586	0.773131	0.778689	0.524175
303	0.462897	0.773131	0.315619	0.179103	0.988625	0.743116	0.361546	0.804198	0.510016	0.562092	0.853518	0.480819	0.626425	0.79114	0.825446	0.467322	0.863433	0.635676	0.807452	0.812867	0.810625	0.921252	0.919891	0.491387
304	0.425153	0.921252	0.34236	0.198023	0.536751	0.767059	0.381652	0.803895	0.79005	0.549041	0.870055	0.823024	0.863433	0.653222	0.856361	0.626425	0.820882	0.680551	0.837673	0.712807	0.814563	0.857245	0.84198	0.48592
305	0.390469	0.857245	0.354953	0.181757	0.319199	0.710104	0.412695	0.596925	0.753792	0.533351	0.984775	0.865778	0.820882	0.79284	0.972111	0.863433	0.804198	0.66895	0.905776	0.762288	0.840767	0.929654	0.939117	0.486141
306	0.41692	0.929654	0.403286	0.171297	0.465442	0.694959	0.431494	0.80403	0.86201	0.513871	0.867147	0.882553	0.804198	0.748484	0.854691	0.820882	0.803895	0.641672	0.882013	0.636323	0.841078	0.855134	0.854986	0.480457
307	0.565707	0.855134	0.427964	0.183026	0.163074	0.613499	0.479191	0.7011	0.85215	0.596282	0.87136	0.998921	0.803895	0.749531	0.858412	0.804198	0.596925	0.616212	0.879391	0.646247	0.922474	0.95951	0.95323	0.48592
308	0.546516	0.95951	0.427964	0.17865	0.242126	0.642126	0.443952	0.852199	0.926017	0.543208	0.89939	0.879603	0.596925	0.844913	0.923535	0.803895	0.80403	0.599847	0.899154	0.818202	0.934818	1	0.983969	0.478341
309	0.524175	1	0.486827	0.179357	0.582705	0.685889	0.43958	0.682735	0.885021	0.514535	0.899724	0.883876	0.80403	0.832809	0.90202	0.596925	0.7011	0.617576	0.90867	0.997407	1	0.951106	0.948751	0.48264
310	0.491387	0.951106	0.487496	0.182704	0.870198	0.696878	0.479436	0.328467	0.144177	0.517512	0.986795	0.912309	0.7011	0.915851	1	0.80403	0.852199	0.643352	0.999797	0.972186	0.778091	0.936062	0.931376	0.478705
