n	x1	x2	x3	x4	x5	x6	x7	x8	x9	x10	x11	x12	x13	x14	x15	y1
1	4.48941	-4.92813	-1.63687	1.31581	-1.73578	4.3677	2.98092	-0.565578	4.58827	3.17187	0.834813	-0.043935	-2.46123	-2.82844	2.21972	0.140505
2	-2.17031	-1.19641	0.507528	-4.2556	-3.10485	-4.30863	0.731723	-2.67691	-3.03411	4.03972	4.24292	-0.126499	1.84316	-1.79797	-0.637084	0.206707
3	1.91503	1.56515	-4.32128	-4.82076	0.932853	3.65964	-0.386334	0.521127	1.83151	-4.55152	-4.52281	4.37028	-2.37996	2.69691	2.96057	0.261905
4	-3.23584	-3.64864	-3.729	-1.34069	-2.95727	2.00272	0.982399	-0.991378	1.04244	0.225314	3.88212	-2.1144	3.42734	-1.75496	4.80063	-0.262481
5	-0.0075067	-1.07624	4.97987	-4.07465	-2.41659	-0.406464	1.44647	4.41492	0.0420148	1.92366	3.7852	2.66205	-0.379426	1.74577	-1.49411	0.822798
6	-0.142751	1.41816	-2.83076	1.89998	-1.57912	3.15164	-4.0914	4.46333	-1.62304	4.79073	-2.65107	-3.1957	-1.96424	-2.85045	1.79679	0.812899
7	1.95953	-2.87058	2.72214	4.54293	1.72296	-0.83139	3.95785	-3.23503	-3.90772	2.74306	4.42703	0.712849	-0.51117	-2.06709	-4.13998	-0.165789
8	2.27818	0.168008	-0.309859	-4.30093	-1.68035	0.598743	-4.83761	1.69661	0.389469	-2.48868	3.5009	3.42523	-0.339125	0.297695	0.384761	0.430588
9	1.7903	-1.98017	-0.0723055	-1.48674	2.18844	-1.11445	0.27823	3.28072	-3.3714	-0.294745	-1.00643	1.11743	2.63817	-0.146417	4.1162	0.192152
10	-0.715793	-4.88153	-2.16917	2.60386	0.717211	-2.00678	-0.699534	-3.89332	0.504545	-2.19863	4.53191	-4.83458	3.09907	-0.0833245	1.95572	-0.343732
11	-3.8811	4.84437	-4.53103	3.30734	-1.27008	0.747203	1.58806	0.358523	-4.54754	-4.41838	-3.52404	3.09062	0.435206	-4.40784	-1.48105	0.150764
12	-1.36258	-4.6022	-2.51978	4.35463	-1.60898	1.78069	-4.53869	3.89557	4.58206	4.99323	4.06099	2.68112	-0.0900991	1.01671	3.80002	-0.215404
13	-0.245729	1.48568	2.10736	3.48419	-2.76712	-1.30458	-1.15729	-2.31466	-0.722959	0.318669	-4.22404	4.71225	0.910825	-0.705085	2.27922	0.775278
14	2.28696	-3.93196	-4.95191	2.74828	4.96361	4.63015	2.7415	4.0246	2.31127	-2.3486	0.0413098	1.1113	2.40567	-3.47301	-1.78134	-0.289785
15	0.889862	-1.24013	1.91407	4.73257	1.44521	-3.80889	0.0512437	2.22118	-4.09664	-4.03793	-3.48391	3.18258	-3.25074	4.44842	0.859598	0.656482
16	1.92764	0.0647582	-0.516335	1.89126	-0.30509	-2.77483	0.91586	-2.99382	-0.123432	-4.04283	3.11748	-2.71776	-2.51584	-3.66386	3.1721	0.691341
17	1.24403	3.25021	2.90468	-2.31076	4.44132	-2.04408	4.91042	-4.65532	-1.08201	-3.57349	3.52726	0.667245	-4.12506	-0.613139	-4.31609	-0.0585619
18	0.748667	-2.90601	3.20576	-4.55642	-0.680845	-0.878379	-2.55024	4.19572	0.0787907	-4.43276	-3.52204	2.56295	-3.09662	4.65007	-1.19302	-0.00533266
19	-4.84641	2.55474	1.49623	4.59491	-4.48933	1.40665	4.93959	-0.571345	2.83316	3.46685	-4.9041	3.70809	-2.14628	-4.22019	1.31841	-0.229743
20	3.4124	-2.62602	1.97205	-2.26844	1.4956	4.42181	-3.07272	-3.42561	4.98906	-1.59475	4.13734	-3.10757	-1.94469	-2.05568	-2.95398	-0.032835
21	-4.38994	4.44055	-3.35907	-3.87928	0.847193	-3.41948	0.549378	-1.31965	-4.95263	0.645279	-2.61156	-2.09891	1.42509	3.70685	2.06931	-0.107285
22	4.44329	4.92562	4.85082	0.938887	4.34743	-3.2219	2.51328	4.33649	0.183346	1.65062	-3.77108	3.23866	4.59494	-1.72506	3.84872	0.156387
23	4.03549	-0.0841292	4.96944	-0.117319	1.49639	0.518818	3.56303	1.54377	-3.8359	-4.04853	4.44486	2.58919	4.65832	1.51416	-4.45725	-0.0255819
24	-4.53163	1.6284	-3.10366	4.8158	3.4065	4.40962	4.15229	-1.41016	1.06023	-4.61879	-3.1715	0.655173	-1.34385	-4.32278	-0.309339	-0.116255
25	3.57203	-4.35334	4.57334	0.0684167	1.16547	3.13637	-3.38782	2.32957	4.08784	-3.94296	-0.0812435	3.74616	2.5712	0.461506	0.52374	-0.281416
26	-2.84786	0.42499	0.745673	-4.44137	-0.165395	-0.102037	-0.851526	-4.10516	0.279175	0.976974	1.55001	3.93533	1.65419	-3.75933	2.50736	0.199778
27	2.30085	-4.18598	-2.42423	-1.53368	3.95039	-0.812046	-4.20411	3.03823	0.244991	0.714649	1.78439	-2.18381	-3.82384	-2.69187	1.34484	-0.032115
28	-3.23017	-2.1483	0.0188959	1.60444	2.74966	4.16737	2.49928	-1.97116	0.144344	-0.950711	-3.03583	-3.20147	0.289963	4.47153	4.09938	-0.218695
29	1.10398	-2.9527	-2.4343	0.0543649	1.23525	-1.6384	-1.90741	-3.51976	4.07625	4.87698	-0.703564	-4.7476	-2.8149	-4.35872	2.35843	0.071577
30	-4.78987	-3.33574	4.01555	2.9598	-4.16837	1.51483	-4.01136	0.975976	-4.43588	-2.04719	2.77451	0.854081	-2.57567	1.87389	-3.04194	-0.191922
31	-0.52837	4.4396	2.01242	-4.29312	-2.19881	-4.89499	-2.81287	-3.12256	4.98199	1.48356	-2.87016	-2.83291	2.12484	4.48827	3.81246	-0.181251
32	0.0663341	3.64684	2.28433	0.630452	-3.40036	0.0588443	-3.51547	-0.976025	-3.06726	-1.55741	3.49561	-3.62767	-4.54498	4.20249	-0.826473	-0.182742
33	-4.43997	-3.61039	1.05097	-4.45798	2.87318	3.18081	-2.29088	-0.00198124	2.66908	-3.47842	-0.466027	2.36748	-3.0017	-1.91452	0.0256777	-0.147667
34	-1.32749	-4.40901	-1.21774	0.272157	0.649837	0.266798	4.29613	2.58257	3.70939	2.79174	3.95491	4.16441	1.99423	-1.87156	4.72444	-0.113994
35	3.38384	4.1794	-4.73354	1.25702	2.36021	-2.02442	-3.74496	0.029284	-0.502842	0.78901	-2.60324	1.49546	3.87449	2.42244	4.80212	-0.113368
36	-4.60689	-4.19143	1.36711	1.04295	1.07536	0.663243	-1.37448	-0.215246	-1.54502	-2.41957	-1.05084	-4.55079	0.708869	-1.3264	3.83305	-0.0723121
37	-0.111729	-1.05994	0.0900665	-2.75152	1.91564	1.3451	2.27776	-3.5872	-2.86589	4.67452	2.90826	-3.9914	2.09697	2.71038	3.0349	0.869999
38	3.84347	-0.44097	-0.853556	-0.0811684	-4.77773	2.77197	4.70359	-1.32275	-4.6476	-1.34725	-0.873539	1.06127	2.32634	-2.04049	-4.05046	-0.124311
39	-3.73359	3.04958	-1.80198	3.18204	-0.605321	-4.52422	4.59484	1.52879	-4.84969	2.5031	2.53739	2.24727	0.213481	0.572298	0.439192	-0.398155
40	4.99822	2.46342	4.3346	-4.77951	0.235387	4.03818	-1.10225	0.587789	-2.30907	3.02421	-3.35094	-4.98273	-4.01628	-2.4014	-3.71632	-0.183723
41	4.03329	0.796622	4.46572	-1.57203	1.2724	4.06057	4.95677	1.42271	1.56367	2.49416	-1.33001	-3.22285	-1.93354	4.10918	0.0941223	-0.179647
42	-2.44246	1.81682	4.32789	2.79293	0.855004	-1.77436	-1.61928	3.54593	-3.75015	0.0297749	3.56321	-2.76643	2.62838	4.84689	-3.73314	0.0666374
43	-1.575	4.31261	-0.305165	4.6974	3.37318	-0.3484	1.12012	-0.063157	-2.85424	4.7901	1.71399	0.212217	3.89928	-3.19189	-2.30556	-0.0796701
44	4.51126	2.33458	-2.84142	0.366266	-4.43978	0.539296	-1.0878	-3.18993	-4.43093	-2.52459	-0.956361	3.19745	-2.67771	0.310502	-3.37755	-0.212555
45	-3.3651	-4.99466	-3.68015	-4.99192	-0.343062	2.43996	-0.0550807	1.8027	2.23007	-3.34109	-2.98509	1.12935	-1.53298	-0.290644	-0.863972	0.0978181
46	-3.5294	4.99126	4.58688	-2.96918	0.530554	-1.50092	-1.15911	1.09962	0.97449	2.88453	-0.702928	3.29678	-1.80497	0.919517	4.93168	-0.0663871
47	-1.79963	2.23937	4.93976	2.85731	-0.320671	-0.115323	-0.339994	-3.0906	1.54359	1.67492	3.03874	-4.98939	-3.61572	-2.82523	2.84329	0.182301
48	2.83455	0.191779	0.676198	-1.6349	3.69086	4.51709	4.46473	-0.334647	2.40162	-1.2382	-2.03787	-4.40335	4.68132	-2.10619	-1.20298	-0.0970882
49	1.92068	-2.16643	-3.34567	-3.39999	2.71825	1.31434	-1.49059	-0.738163	-2.01074	-3.45185	-0.727551	-0.626464	-1.27708	-2.88426	4.97843	0.101
50	-1.68461	-1.13893	-2.43842	-2.21989	3.52643	4.96321	1.54191	-3.51144	-4.44014	1.22323	-0.617625	-0.643116	-1.85609	2.21595	1.01122	0.247395
51	-0.25608	-0.0658022	-2.67444	3.25333	4.19603	0.314816	4.80148	-1.53152	4.68835	-1.4756	0.584221	4.66678	-4.1073	0.534507	-0.163005	0.963163
52	3.69807	1.49878	-3.36999	2.2245	1.46198	3.17192	3.71306	2.02184	-0.604849	-1.90457	-3.62127	2.53906	-4.68862	2.38994	-2.71702	-0.0966756
53	0.245577	4.7155	-4.46369	-0.558388	0.0303164	-4.66222	2.9101	-0.281331	-1.13782	-1.50568	-0.614547	-0.245121	4.02882	4.22245	3.69207	-0.149256
54	0.190848	4.50873	0.145012	-3.34717	2.68065	-1.14193	3.67467	-2.9242	1.9535	-4.9466	4.61486	2.26488	2.44334	-3.10216	-2.48954	-0.153771
55	2.15884	-2.56585	1.95207	-2.81084	-2.22807	-0.137835	1.90783	1.63411	3.35648	-3.70672	-3.61101	2.38531	-4.48427	-4.91894	0.264025	0.0589465
56	-0.227248	-1.41874	1.92474	-2.5466	2.43933	0.599413	-0.470798	-0.607175	0.652812	-0.855938	-3.3423	-1.90385	1.0419	-0.831839	-4.745	0.699363
57	3.47605	-3.87977	-2.55584	-3.75202	0.982395	4.35199	2.88209	-0.661123	-4.35473	4.27108	-3.27582	-3.839	4.35214	1.98821	4.59724	-0.18384
58	-1.8215	-3.45122	-0.785638	-4.38218	2.1482	3.74356	0.0106492	-2.19899	-2.11237	1.66835	0.897164	3.92953	-4.16349	1.15216	2.40557	-0.306579
59	-3.04326	3.59632	3.65355	2.93914	2.9483	1.53564	-2.72198	3.59357	0.80671	-0.997801	4.75457	0.158846	-4.00959	4.35181	4.78289	-0.297789
60	-3.66833	1.96573	-1.85187	3.47987	0.709293	3.15878	-3.71912	3.59692	-0.172867	2.17804	2.52644	0.663647	-1.66979	-0.0679817	2.62039	-0.298707
61	-3.07348	-1.41443	0.559531	4.87483	-4.8788	2.83755	3.4684	0.927913	-3.16025	3.22296	-3.91324	-2.16985	2.57477	-4.13035	0.581519	-0.186763
62	-4.31881	3.25654	-3.58801	-3.03792	1.85346	1.23912	4.14012	-0.620096	-3.09723	-2.52967	4.31192	4.52316	-0.60315	-2.10251	0.0826896	-0.224426
63	-0.728322	-1.98131	-2.07976	-2.25992	3.9466	-0.240019	-4.03696	-4.96664	2.59013	3.53781	-4.09699	-1.82835	3.64289	-1.89567	0.718901	0.287674
64	-1.02456	-1.69191	0.747605	-4.1711	4.54721	-0.112275	0.208806	-3.55003	2.35805	-0.479271	-4.02687	-3.2451	2.41822	1.05582	1.02658	0.417835
65	-4.56309	3.97606	3.76666	4.38352	-1.26396	4.7297	4.41688	-3.67383	3.26751	-4.68011	-0.502175	1.9104	-1.57577	-4.78327	3.8065	0.125287
66	-2.88541	-2.04264	0.0210699	-3.33821	2.84509	-4.77012	-1.88824	0.203138	-0.249395	-0.915104	1.95804	-2.83118	-4.85928	-2.01538	-2.39426	-0.16812
67	4.11677	-3.24873	-3.01075	-2.14719	-3.51903	-3.59387	-0.821014	4.74848	-3.27398	3.67681	1.65888	0.150247	3.89354	0.46538	-2.64	-0.243609
68	0.317364	3.10678	4.24176	-1.83755	3.33665	-2.64648	3.36559	-1.91274	1.43842	0.323626	0.25608	1.57913	3.30824	2.86182	0.695907	0.112797
69	-4.94048	4.85107	3.54872	-3.45951	-3.7428	-2.27229	-3.71103	-2.01678	-3.59548	2.94785	3.13346	-4.70194	-1.58677	-4.50653	-1.61624	-0.00162665
70	-3.50946	-4.76505	3.97328	4.82719	-2.41153	2.33887	-2.08555	4.02688	-2.33751	3.17053	0.606017	-4.02926	1.03234	-3.69808	-3.96974	-0.0425537
71	0.883409	4.85065	-2.42925	2.14061	-2.42165	-1.14028	-4.87618	-1.01713	-3.19244	3.25729	-0.719071	0.220794	3.75076	2.66469	1.21399	-0.206911
72	1.44894	-1.46513	3.98242	4.03741	-4.12627	-3.10313	3.06429	-1.46377	-4.93261	-1.32969	-0.493031	1.09973	-0.0277703	0.537227	-3.01686	0.512517
73	-0.177125	3.10797	4.12375	2.40123	-3.03231	4.24757	-3.6159	-1.22475	2.50486	0.665029	3.99605	1.25562	-1.67028	0.210035	-4.1828	-0.0416665
74	-0.647931	-3.53263	-4.30362	0.225804	-1.63576	3.76067	3.76203	-1.56837	-2.56903	-1.731	4.53136	2.4032	3.80623	-3.48549	-2.77392	-0.188642
75	1.9142	-4.36174	4.6273	3.88189	4.88583	-3.9886	-2.34286	2.39069	1.67643	-3.34681	-1.3537	-4.99385	1.86323	-0.536493	-2.5089	-0.227627
76	-0.958621	2.32271	2.97924	-2.19659	-4.24566	-4.58979	1.07241	-4.7143	2.81341	-0.121357	-3.19979	-4.96051	-3.20715	-2.56154	4.66679	0.306832
77	-4.32526	-2.67571	-4.32181	-1.66812	4.71498	2.35463	-0.0149301	-1.63872	2.36078	-3.1517	2.82479	4.85188	-4.62951	1.64036	-1.18964	-0.228457
78	-1.51484	-3.1126	2.97851	4.55757	-2.8269	0.791921	-0.563786	-1.02669	0.831407	1.22906	1.41177	0.498196	1.90379	3.73606	1.17639	-0.0607333
79	-4.76433	3.45103	-1.46899	0.220743	-3.18768	-4.10821	2.06904	4.63711	-4.25633	2.43953	1.27747	-0.445969	2.0286	1.95921	0.687095	-0.0715046
80	2.5745	-2.42459	-4.99806	4.7476	3.36733	-0.561845	-1.2791	-0.801262	-4.33279	-4.86733	4.69693	2.57101	3.86873	0.873322	2.80668	-0.168273
81	2.31976	4.40434	-1.97258	4.13208	-4.70387	-4.90354	3.76919	-3.9602	2.53599	0.0466571	0.593833	-0.435411	-2.99413	-3.71907	4.16149	-0.224769
82	-3.2631	-2.54782	3.60302	-4.89577	1.89034	-2.67607	-0.697034	2.55755	-2.5434	-1.0001	0.128559	-3.67468	4.87322	-2.06476	3.64509	-0.156289
83	4.27756	0.962665	2.77717	4.57368	1.05913	1.54635	-4.38651	-1.40488	-3.40699	1.20732	3.15971	-1.40112	2.48825	2.3212	1.04912	-0.19104
84	3.50131	-0.0533063	4.16232	0.391643	2.27062	-1.53471	-2.05081	4.72722	2.46519	3.07775	-3.94746	2.33841	-3.98701	4.69763	1.61597	-0.0254722
85	1.97566	2.47479	1.18965	-1.96521	-0.978855	1.80314	1.62991	0.614154	-1.98954	-0.210378	4.21304	-4.5013	-2.88918	0.262158	1.84238	-0.0965294
86	-3.21093	-4.66876	4.15511	4.05969	-1.20347	-2.8957	3.7869	-3.73828	-4.81794	4.83945	3.60013	-3.80495	4.53707	0.2161	3.17071	-0.130688
87	2.01187	-3.59425	-3.7945	-3.96699	3.20889	2.83541	1.64716	-3.78065	-2.37497	0.8602	-3.28195	-0.264151	-3.87764	3.56043	0.904766	-0.202594
88	1.23601	-0.95907	4.40919	-4.96746	1.14523	3.19609	-3.70574	1.32729	3.03554	4.89439	2.52234	2.57261	0.11049	0.693046	-0.415526	0.585477
89	1.51624	1.89854	0.617484	-0.274868	-0.266051	-2.73535	0.94448	2.35898	3.12485	2.66253	-2.90517	4.24721	1.22296	2.99959	-0.866972	0.453246
90	3.17396	0.981642	-0.731863	-0.68081	-0.822267	0.562395	-4.35352	-2.78673	0.456785	3.16881	4.78588	-4.43273	-1.13814	-0.629648	2.08352	-0.143725
91	-4.2396	4.98784	-3.19135	0.494351	-2.74752	2.75313	-2.14667	-4.62267	0.415662	-0.0518456	4.62454	-3.36138	-2.05225	-1.24243	3.21108	0.101447
92	-0.80728	-3.54852	1.25071	3.37045	2.01388	1.89719	-4.41628	-2.52934	0.0660055	-4.6304	-1.96206	3.92787	-0.260047	-4.87854	4.68827	-0.217915
93	-0.272211	-3.0699	0.182618	1.98027	4.68323	3.03595	2.35761	0.0988958	-2.0159	1.98214	1.73752	0.931848	-4.26029	-0.0514057	-1.88481	-0.00280424
94	-0.433323	3.92195	2.51177	-3.41944	0.819142	3.09549	-0.948781	-4.11485	3.46509	2.08916	4.81301	-1.79495	2.21061	4.50128	2.93283	-0.143159
95	4.14072	-0.316101	-0.0868922	3.82395	-2.28015	-2.72929	-1.07715	0.703946	4.25286	-4.33964	-3.36421	4.99257	0.608959	-0.249012	-2.33619	-0.208468
96	-3.41424	-2.73796	-4.10178	2.4049	-4.64247	-0.0505596	3.29005	3.82262	-2.9614	3.10306	-2.97233	4.24921	2.60434	4.96051	3.38993	-0.139679
97	-2.71176	-0.126387	2.21388	0.00808352	2.14433	-3.86327	-4.28797	1.39718	-3.20291	-2.65218	1.38975	2.40605	2.09881	4.05356	-2.84367	0.170706
98	-0.581632	2.3147	3.04421	-0.2241	-2.73586	1.33426	-1.40147	-0.697264	-0.562684	0.626196	-1.44805	-2.95834	0.586701	-3.05812	-0.670106	0.231121
99	-4.53969	4.15576	4.33798	2.60464	-4.70751	-4.94999	-0.998176	-2.91042	-2.60217	-4.60842	4.49563	4.49664	4.44513	-3.34804	0.913118	-0.0774346
100	-4.15377	0.491954	-0.537082	-0.555246	4.79469	3.90023	-4.92905	-1.65336	-4.05811	0.657651	0.288514	0.271783	1.11796	-0.555728	-0.390239	-0.106403
101	-1.2774	-0.263241	-0.340232	2.72443	1.82634	2.0576	3.116	1.32197	1.55424	2.56114	2.97394	-2.53264	2.64559	-0.955735	0.695173	1.00939
102	-3.81287	-4.76283	4.33525	-4.01818	4.1374	4.4062	-0.671546	-4.92071	0.0638483	4.61697	0.351073	-3.81819	-0.93876	4.96083	-0.0955834	-0.0678423
103	3.798	-0.379399	-2.37116	0.62434	-3.3218	-4.25515	-3.05368	3.23244	3.30599	4.92025	-4.3002	0.951575	-1.03548	1.39497	-3.27418	-0.118349
104	-3.03701	3.19026	3.56391	-3.89961	2.59646	-2.10763	-3.82032	-2.3397	-2.49067	1.53075	-1.15788	1.57057	1.49158	3.74653	0.368574	-0.185937
105	-3.88782	-3.62462	-4.00709	-2.20962	-2.87977	-2.06077	-3.97718	-4.57379	-2.14052	-3.27738	1.37779	1.824	3.11759	3.10361	0.679005	-0.153308
106	-1.13074	-0.736408	-3.83301	-3.53428	2.15596	-2.65334	-0.873978	4.66529	3.87741	2.96814	1.23587	0.368998	1.71467	-3.39556	1.48118	0.71135
107	3.09005	-2.40265	4.27157	-4.78973	0.536582	-4.70561	-4.36351	3.39606	-2.983	2.01428	0.220058	-4.86541	0.117887	-4.10094	0.83427	0.0311233
108	-4.90214	1.35147	1.23404	2.25382	3.69814	-4.63993	1.91911	2.57555	3.3282	-1.84502	-2.05545	0.0428745	-0.240583	4.42573	-1.86708	-0.446185
109	2.35677	3.6973	-1.6568	-2.10665	3.99168	-1.02032	-3.71058	-3.99131	-4.00604	1.50947	-3.85672	1.11185	2.40854	1.97755	-3.70367	-0.312013
110	2.64781	3.41091	-0.670771	1.34594	3.77097	-3.75166	-1.07851	2.09918	-0.596683	1.86604	-2.85795	4.16273	1.29177	0.274976	1.5195	-0.143173
111	-0.0109321	3.61817	4.41286	-1.01925	-2.40215	-4.29773	-0.0105616	-1.40819	2.21175	1.13272	4.70366	-0.379717	-1.88974	-4.00001	1.79715	-0.00858319
112	-0.00625974	-1.02097	0.76324	3.91523	-3.92179	-4.83344	0.781275	-1.77974	4.32929	-2.92695	3.49524	0.848796	2.06211	2.11341	0.261653	0.559483
113	-3.95713	4.71126	0.963925	1.0323	-1.69692	-1.82433	-2.83498	-1.99326	2.79595	0.275281	-0.993268	-0.406899	0.460952	-2.34547	4.80116	-0.212735
114	1.5635	-0.141603	0.905648	-2.65522	3.07866	0.234939	-0.582175	1.5739	-3.91627	-3.52006	-1.31269	1.34539	-2.47719	-1.60143	-2.69069	0.753059
115	3.55511	1.70165	0.484982	-4.27987	4.70839	-1.71906	0.995409	-1.28488	2.87404	-3.54364	1.36965	2.67519	-3.56779	-0.982075	-3.54462	-0.170997
116	1.31378	-1.92305	-2.07379	-0.607565	3.31189	2.34403	-4.03367	4.39562	3.82397	-0.346359	0.741009	-3.65322	3.05221	3.05032	4.90189	0.289437
117	-0.246135	-1.4647	-4.37799	-0.537744	1.81624	1.61742	3.17738	-0.309726	3.07378	-0.452966	-2.63453	4.506	3.56496	-1.17915	1.6773	0.649768
118	4.41663	0.49339	2.46176	3.2406	-4.85297	-1.79723	4.58738	3.19924	-3.74691	4.48926	-2.04689	-0.211609	-4.88872	2.41537	-3.39537	-0.0804141
119	1.7287	0.592745	1.2949	-0.197517	-4.86022	3.66037	-0.691521	3.70474	-2.51879	-4.01422	2.85112	-2.38416	-4.25998	4.92372	2.14289	0.390182
120	2.58095	-2.21668	4.47068	2.16832	-4.01744	-4.27623	1.65758	-1.06433	0.512163	1.76886	-3.64897	2.11679	-1.50244	1.94378	-1.58831	-0.00112983
121	3.30004	2.08356	-2.92794	-2.39148	0.788296	-0.446721	-1.4057	-1.36058	2.16912	-0.665677	-1.43686	-0.68799	-1.85952	-2.09651	1.94829	-0.12379
122	-0.350161	0.115018	-3.9208	1.00087	-2.76819	-0.42324	-2.05535	0.643505	-2.1232	-4.97179	2.71557	0.485327	0.816509	-2.73115	4.07963	0.96958
123	4.45593	4.43796	-1.58605	-1.98093	-1.25003	1.55443	0.922555	-4.30173	0.962829	1.40699	-4.57012	-0.158089	-0.940259	-3.85595	-0.555234	0.118929
124	4.55978	4.44928	-3.20524	-3.20841	-0.973962	-0.260587	2.4351	1.90284	-0.232375	0.150667	-2.61183	-4.41587	2.41951	-3.5322	-4.95994	0.0415426
125	1.85748	-0.118255	-1.94087	-4.39255	-3.56382	3.98169	-3.69429	2.399	0.388675	-3.26441	-2.75909	4.44842	-2.12037	1.68568	2.81849	0.610213
126	2.26777	-4.53172	3.03706	-3.70619	0.20769	0.472159	3.19665	4.97532	-4.37717	-4.41518	-4.44055	3.04234	-2.94738	-4.40049	-0.100183	-0.152669
127	1.93436	-1.34135	0.507265	3.37054	-2.35967	1.81298	0.769542	3.02901	3.54857	3.01046	2.47742	-3.5718	-0.303862	0.295919	-4.89828	0.260943
128	-4.43	3.97866	-1.1425	0.777689	-0.549178	-2.94584	0.753004	0.0736486	-2.36102	1.31245	-1.88401	-0.308402	1.91197	3.01581	-3.37404	-0.0783213
129	-4.42939	-1.47693	4.9965	-1.78905	-4.66395	0.766042	-3.76004	3.88462	-1.2235	3.71738	-4.68718	3.47264	-0.986698	-4.58546	4.41424	-0.185887
130	3.3929	-4.5655	1.76223	-2.15627	-2.51135	-2.48477	2.91738	0.127631	3.82769	-3.96664	4.81923	0.739656	4.04917	-3.55481	1.31027	-0.170048
131	-2.42776	-3.55831	4.52122	-2.09171	2.20773	-4.23882	-3.20709	-4.01577	4.47856	-2.89427	4.45687	-1.50814	-2.47972	3.87111	-4.93114	-0.299562
132	-4.49665	-4.73295	-4.89226	-2.008	-2.21772	3.02512	3.11963	-3.39003	4.05848	2.93886	2.34963	3.10766	4.38405	-1.3401	-4.3201	0.167679
133	-4.17426	-1.81888	-1.41181	3.03348	-1.05771	0.381101	4.01771	-1.57915	2.48683	3.47458	1.91272	-4.99289	2.34569	1.98157	-1.48807	-0.242569
134	-1.22103	-0.282547	-4.52307	1.56126	-2.25743	3.59656	3.17123	-3.19894	1.53542	0.520858	4.90871	0.919478	4.18076	-4.41139	1.74522	0.921783
135	-2.63813	-0.823202	-0.2213	1.30417	4.5579	-1.20359	4.72502	2.04473	-2.72901	1.63774	2.05184	4.61668	-1.38069	-4.43623	-0.773609	0.0378427
136	3.94384	-3.41885	-4.096	-3.31358	-4.82228	4.07523	-1.51253	1.71314	-0.403915	-1.60382	-2.36738	-1.22316	-1.01521	4.37784	1.13872	-0.183634
137	3.16159	-0.843459	-2.55712	2.71949	2.95295	-2.83209	-0.23578	-4.77606	3.80564	-3.18394	4.84062	-2.57505	-2.62018	-0.932986	-1.47082	0.0651098
138	0.110336	2.62656	-0.302726	0.288051	1.70179	3.18475	-2.99881	-3.70213	-3.41907	-0.366191	0.0747147	0.565722	-0.988351	-3.78657	-1.27269	0.0654634
139	3.16819	-1.34369	-3.5532	1.12114	0.824221	1.21102	1.34508	-0.370135	3.02708	1.1857	2.05482	-4.5931	-4.74728	-4.416	2.12947	-0.269968
140	-0.24397	2.96085	-4.01762	-3.54218	1.1456	-2.01642	-2.24431	2.72653	2.61738	2.83041	-1.70775	-3.37097	4.04384	2.01956	4.79722	0.130821
141	-2.29985	3.46636	0.918364	3.52437	-0.322623	-2.73655	-1.84576	-2.29554	3.44915	-4.79095	-1.88864	3.70187	-4.20695	-4.75917	-3.03456	0.0155922
142	4.92629	2.46977	1.45468	1.07189	-4.54666	4.21037	-1.20159	3.07073	2.04078	2.09066	4.69976	1.08461	-0.889782	4.49698	3.78476	-0.127109
143	-2.42342	0.415348	2.30914	2.25395	2.67879	-4.53663	4.95841	1.12794	-4.32757	-1.93023	-0.17019	-3.53452	-1.6894	1.79525	2.95286	0.352723
144	0.422629	-0.237869	-2.20657	0.875972	-1.0275	1.59185	-1.0533	-3.98673	-1.3175	-1.35354	2.09789	2.79272	-1.85656	0.882651	-4.6307	1.01128
145	3.55879	-1.80821	2.62325	1.23759	-1.34484	2.58166	-2.63447	-0.672415	-4.34857	2.19534	0.793061	-1.03798	-1.00941	-1.25408	-2.73052	-0.0549646
146	0.0445223	-3.99589	-4.90259	3.99122	-2.98262	-1.22008	-2.36232	4.11527	-3.42736	0.781127	-0.00207947	-3.05806	-0.66008	3.18971	4.56519	-0.286789
147	-4.42249	-3.15513	2.14685	-2.05696	1.17245	2.79828	-4.86162	-3.03449	-3.2397	-0.871031	0.711432	-0.970221	-0.158893	-0.120018	-3.93861	-0.179354
148	3.91573	-0.917122	-2.77599	-3.44659	-1.80185	-1.20335	2.33454	3.19607	0.738592	-3.32554	1.38578	0.303783	-2.74804	3.23064	-2.54937	-0.143549
149	0.195	-0.596909	-4.75109	0.333377	1.3686	-2.99079	4.46235	-2.91997	1.03899	-0.696547	1.96002	2.10038	-2.34987	1.88452	4.16587	0.842332
150	-1.75125	-1.68177	2.35366	1.4469	2.11488	-0.311805	-0.357034	-2.14652	1.36265	-3.97126	3.15726	3.61461	4.25938	-4.39211	-1.19039	0.288684
151	-1.33753	-4.1432	4.14299	-4.96892	-2.13399	3.60534	-2.88889	3.905	-2.09121	4.07113	1.00538	0.558921	0.955649	0.171251	1.65314	-0.248485
152	4.97137	4.10956	-0.133102	2.08626	-1.20225	4.50986	4.93973	-4.8396	-4.46139	3.09699	3.77502	4.79799	3.70488	-2.41537	-1.53954	0.0609727
153	4.56168	-3.27238	-1.50846	-2.57231	-4.66704	0.602645	-3.6673	-1.75825	-0.326228	2.33807	3.80067	-4.37058	-2.49067	0.453815	-2.61468	-0.199499
154	-3.50513	0.796225	-2.48856	0.292625	0.30609	-2.54883	0.453026	0.844695	-4.45184	-0.771958	0.642683	4.25304	1.81267	4.10314	3.81472	-0.112423
155	3.54029	-2.40532	-3.75758	3.87325	3.19732	-2.42489	-2.88499	-2.1289	4.91319	-4.08432	-1.49948	-2.57749	1.36949	0.885836	-1.64816	-0.2883
156	4.14807	-0.693875	-2.32666	-0.545844	1.7573	3.12636	-4.70115	2.30546	-2.6456	0.941534	1.5585	4.16708	0.0446764	0.373227	2.70737	-0.151336
157	2.63935	1.61564	1.58062	0.836678	4.19076	3.69563	3.70777	4.10394	4.61131	-2.79171	-3.47354	0.980805	3.09413	-0.121702	2.77549	0.123604
158	-2.91839	3.14817	3.48052	3.83891	1.27453	3.77937	1.14437	3.62894	-0.279096	-2.29712	2.79601	4.76558	3.0761	0.503381	2.40493	-0.435055
159	-0.308254	-2.91599	-1.75839	-1.1175	-4.22036	-3.05061	-2.01355	-4.60905	-0.842322	-0.487097	1.37175	-2.74819	4.3912	-0.852762	2.72664	-0.0801863
160	0.874814	-3.10192	0.0677614	-2.85065	-4.32255	-3.78787	-4.22172	0.398357	-1.08499	3.5743	0.163937	-3.00889	-0.922322	-2.43113	1.68286	0.092103
161	1.16168	0.810485	-4.43464	1.94132	2.75987	-1.44819	2.33226	-3.08245	3.06471	-1.29598	-0.830644	2.45591	2.85125	-3.104	-4.12653	0.651367
162	-2.22844	4.14787	4.92016	-1.55099	-4.64	-4.30156	3.84737	-0.724991	4.27274	-0.988695	1.26612	-1.64958	1.58018	-2.05102	4.5121	-0.0731495
163	-2.60934	-1.48566	1.45342	-4.84947	2.06615	-1.21432	-2.93192	0.130859	2.4897	1.23744	-2.41323	0.340954	3.13344	-1.53976	4.42106	0.174988
164	3.56892	0.82441	4.68081	3.92892	1.52286	3.52818	-1.79607	0.795596	-2.46051	4.47005	4.14601	4.11966	-2.58097	3.65812	-3.48968	0.039573
165	0.933375	0.111536	-3.33914	-2.00048	3.89722	-1.27106	3.13038	1.38692	4.96638	-4.28285	-3.27213	3.09982	-0.822605	-3.85107	-0.995929	0.953105
166	3.61819	-3.14929	-2.85307	-3.84232	-3.67924	-3.70705	-4.72266	-1.2602	4.95106	-3.21233	4.67317	0.0625993	-1.55147	-2.32731	-1.04018	-0.172896
167	2.17747	-4.19692	-4.65326	2.14385	-3.47977	-2.92539	0.243672	0.697623	-1.77645	4.24774	1.10682	-2.0586	4.07622	1.19683	-3.41182	0.0713087
168	-1.56111	2.57449	0.972701	-0.240348	3.86744	1.25004	3.49945	3.8185	3.03771	3.17262	-1.1189	-3.51377	-4.15468	2.84092	3.6637	-0.0790329
169	-3.35161	3.18766	0.807554	-1.83138	-4.73773	-3.94877	3.86624	-1.51418	-4.70103	-0.0269371	1.42722	4.37519	-3.83011	3.0154	-0.197249	-0.185743
170	-2.62276	-3.04238	1.21394	-3.75532	3.20766	-0.286611	-4.93682	1.24537	-2.11399	-1.05572	2.7316	-1.26868	-3.21479	1.3953	0.379717	-0.297812
171	4.97287	-2.79714	3.54834	-4.76486	-1.74592	2.41458	-1.27904	-1.44695	-2.61236	-4.85182	-2.07176	-1.44246	3.16358	2.73099	4.54245	-0.207348
172	-3.64708	4.70773	-4.4548	-3.5839	0.953093	-1.56879	0.360387	-1.31531	2.16253	2.14559	-4.92	-2.45775	2.11846	-2.71715	-3.90941	-0.0275664
173	2.3536	0.536938	3.50517	-3.92544	4.08999	-4.10719	-3.77726	-2.98177	-0.549656	4.38632	4.74923	-1.0072	4.00419	4.85746	0.492863	0.270933
174	0.20059	0.381196	-2.37351	-3.84632	3.8124	2.98687	-0.161623	0.974935	0.132465	-0.0816249	3.51718	-2.74908	2.20123	4.60777	4.60452	0.864343
175	-2.26183	3.11293	-4.32092	-3.17184	4.00574	-3.09818	-1.15361	-1.54392	-3.71186	-1.40438	2.44888	-4.70767	-1.54692	-2.05826	0.12833	-0.183095
176	-4.49047	2.28995	4.29602	4.32193	0.276824	-0.865606	0.296864	-4.59071	4.05277	-1.18595	-2.33979	1.254	-1.57818	-2.73527	3.99217	-0.0530985
177	-3.46525	-2.05619	-4.17968	-4.45951	-0.154369	-0.333288	-1.00343	1.13377	3.26233	-3.55455	1.4261	-3.28459	-0.612802	-3.44557	1.37887	-0.258756
178	-1.33118	-3.17445	-3.61411	3.94565	0.959941	1.68275	4.35494	0.0127104	-4.5032	-2.98485	-3.73329	-1.08138	-0.720121	-4.74112	0.453365	-0.164773
179	2.22369	-3.9208	0.993854	-2.93068	0.74591	4.99043	3.20309	-0.991763	-3.56412	-0.370802	0.723646	0.82308	1.18363	-2.89748	3.35261	-0.0935179
180	-4.82184	4.63348	-0.283007	1.1381	1.31624	-0.92807	-3.84919	1.81304	1.08708	-2.58248	-4.26835	-4.63304	-2.3236	1.18502	2.59065	0.0881713
181	-1.24441	-2.82113	4.65997	4.5015	-2.8307	2.86306	-1.49026	-1.39481	-2.50774	4.23339	4.42827	3.67589	-3.66409	2.78088	1.92348	0.084439
182	1.55697	-3.17576	-0.902864	-2.1268	0.896173	0.247946	4.68624	-3.01675	2.66547	-4.58211	-2.64979	-4.65814	1.60291	4.94085	-0.902546	-0.0167956
183	3.78179	4.60082	-1.40104	-4.04891	2.46388	2.1087	-0.443725	4.95614	1.34208	-1.01546	3.63204	2.67799	-3.23458	0.55552	-0.214761	0.100668
184	-0.0143107	-2.49434	4.06954	-0.32807	-0.511094	1.735	0.0898245	1.83911	2.07686	-3.30726	1.77997	-3.82568	-4.52547	1.38079	-0.226726	0.128468
185	-3.57438	-1.15533	-3.11803	0.981892	-1.19918	3.22405	4.96643	-2.56714	0.902042	-3.26815	2.98838	-4.31272	-3.5437	-4.89914	2.29676	0.168444
186	4.80242	-0.652571	4.75848	-0.708675	-3.91757	-0.151694	-3.86956	3.15929	1.54104	2.91041	4.33361	2.01557	-0.708806	-0.893117	3.44119	-0.104187
187	3.13587	0.988853	-0.57692	-3.06331	-0.787094	-0.610486	-0.630458	-4.88505	1.12136	-2.64208	-4.19777	2.57767	-2.54122	3.09899	-2.14444	0.0227126
188	2.20299	2.30381	-2.80726	3.28542	-2.84788	-1.67682	1.44471	3.69316	-3.76642	0.778324	0.708734	0.524775	4.88521	-0.850078	-1.33936	0.0620686
189	0.87406	3.573	0.59733	-4.91303	-2.03748	4.96687	-4.79809	4.08388	-2.67521	-3.99586	1.66155	-0.21643	4.10314	4.51711	-2.6711	-0.0177725
190	4.63271	4.19729	0.00552704	-3.21517	-2.47954	-3.54976	-4.522	-1.24596	2.22857	1.18673	4.27882	2.11377	-4.66335	-2.06054	-2.01217	0.0989481
191	3.90966	3.53679	-1.9252	-3.12783	3.50366	-1.72329	-4.04395	-4.17155	-0.719142	2.6176	0.612021	-1.616	2.13472	2.94092	-4.61146	-0.222333
192	4.58583	3.86035	4.35847	-2.89371	-4.68941	4.83647	0.860335	2.53916	1.0232	0.139152	-0.347072	1.35985	3.07861	2.64076	0.269508	0.0908955
193	1.6154	-4.28444	2.14168	0.119064	-1.00773	3.09773	0.947515	3.27313	0.715337	-3.44046	-3.34288	-2.14995	4.50046	-2.95433	1.70488	-0.165699
194	0.565225	1.43257	-1.26221	0.875816	1.26904	4.59813	-1.58503	-2.70776	-0.262718	3.0679	3.65209	-2.18411	0.708661	-1.0784	4.4313	0.5666
195	1.42422	-3.93672	-0.44964	-4.58351	4.16101	-4.50212	3.68962	-0.123654	-2.94259	-4.65325	2.7264	-3.44213	-2.60758	-0.568725	3.63197	-0.202983
196	0.872316	-3.66642	2.35984	4.28729	-1.37419	-2.90288	2.35519	-2.7221	-0.0869828	-1.93615	1.1995	-0.655686	4.48807	2.26277	3.89467	-0.00170469
197	4.90456	1.42378	4.39255	3.59418	-3.69987	-3.55004	3.94093	4.02653	-1.99217	-3.66666	-1.5422	-3.3602	0.357261	-1.5457	1.70434	-0.199975
198	3.03792	-4.52119	3.61391	-3.33627	-2.42406	0.969095	-1.05837	2.48895	4.03294	-4.85887	-3.16673	3.52101	2.4039	-4.27206	3.42557	-0.0920286
199	-1.17232	-4.87951	2.01975	0.127811	-3.42955	0.960682	-0.845661	-0.421714	2.29403	2.61214	1.21809	-2.34871	-3.93355	-2.07757	0.77026	-0.165112
200	-2.37592	3.82501	-0.0239345	1.56571	1.31396	-0.990991	1.70684	3.14723	-2.46998	-0.889265	3.87517	-4.04441	2.93842	3.99566	2.97535	-0.137341
201	-1.93377	-4.43389	-1.06397	2.22057	0.144398	-3.76995	-0.167289	-3.63751	-1.11866	0.899156	-0.715081	4.6516	1.29222	0.245268	0.900674	-0.189739
202	-0.274317	-4.72474	-0.564945	-3.96036	-0.715734	-3.85811	4.18687	1.81429	0.252626	3.06204	2.76988	-1.80896	2.0577	0.745225	1.25727	-0.0637353
203	2.62382	4.68125	-1.52216	-2.23178	-4.08869	3.31055	-0.869297	-0.207352	-0.790291	3.41562	-0.555752	-4.49807	-1.33911	-4.65508	0.801121	-0.268718
204	1.07638	0.965293	1.11025	-4.63936	2.10718	0.297124	2.17493	-2.64019	-1.64083	-0.0551897	0.550852	-4.58313	-4.30996	-3.19187	3.04069	0.688715
205	-4.62871	0.285966	-4.1911	-3.71741	-1.40348	-0.0603927	1.07524	2.80623	-1.64477	-4.48051	3.30816	2.01612	-4.13559	-0.890722	3.54636	-0.209727
206	-0.488349	-2.95473	-4.4537	-3.38117	2.34239	2.72123	-1.02136	-4.29844	-2.33396	4.5295	-3.88157	-1.64392	-3.66238	4.15912	-1.27263	0.0215404
207	1.62359	4.96802	0.00996093	-4.77989	-0.0923701	-3.9148	3.02633	3.26286	-3.39531	1.33449	0.27898	-2.53089	-4.55623	-1.17466	3.40412	-0.0775116
208	3.49334	-3.437	-1.53604	4.61177	-0.0809221	-0.198419	3.77088	3.64644	-3.57483	3.73891	-1.34359	-3.35473	-1.35346	-0.258392	4.67161	-0.224805
209	-3.0906	1.3463	1.00609	2.18838	3.81541	1.44986	-3.98629	2.21953	2.07929	4.3507	2.66892	3.25501	4.30653	0.460699	2.15197	-0.229962
210	3.71497	1.70495	-1.4342	-1.36595	-3.49347	-2.66332	-2.71951	-2.0683	-3.92441	0.936895	-0.423028	-0.277874	-4.3215	-0.751422	1.63152	-0.295032
211	2.02481	-4.74533	-1.1801	0.840213	1.70453	-0.166389	-1.94026	-1.21618	-0.815686	-4.27134	-2.96117	-1.50916	1.18936	4.1908	1.73183	-0.321321
212	-3.46019	-0.0566861	1.04588	-1.1797	2.87501	2.12147	4.7572	-2.54801	-3.1564	-4.5643	1.70056	3.47512	2.4605	1.95524	-2.70499	-0.211633
213	-1.69928	-1.34023	2.12863	1.36046	2.44359	-3.68706	2.08913	4.48242	-0.196221	-1.72151	3.67322	-3.46439	-1.57811	1.57898	-0.0276093	0.44282
214	4.9157	-1.82304	-3.0609	2.79072	-4.70157	-3.30371	-4.7573	-2.85797	-2.86801	1.94327	-4.38285	4.5925	-1.1015	-2.08784	-2.10678	-0.0770784
215	2.55827	-4.95921	4.25368	0.00186265	-3.64627	1.34281	-0.515717	1.15751	4.6213	-1.8425	2.69311	-1.95681	4.73649	-2.33449	-4.82573	-0.0337061
216	-1.64877	4.79438	-4.62807	-1.35033	-3.50932	-4.38537	0.791697	-1.37733	2.5579	1.40884	-1.78483	-3.5436	4.32101	1.10839	4.01468	-0.254357
217	4.36179	0.362069	-0.983462	-4.28448	-3.29512	3.50082	1.87303	-3.67383	-3.34168	-0.43386	-0.63064	-3.60519	2.23165	-0.456371	4.25009	-0.250452
218	-0.84218	3.35732	-1.25493	2.37299	4.81372	-1.93392	-1.51862	3.82839	-2.57213	3.84345	-2.15507	-1.85661	-4.45168	-3.65425	-4.98359	-0.071499
219	-3.1255	-1.99592	-0.417446	1.24386	-0.601115	-3.1858	-4.21251	-1.35102	-3.37295	3.68235	-2.30655	-3.18816	-4.77312	-1.7714	-2.38875	-0.0574497
220	-4.03143	-3.69182	-0.240593	-4.21771	-0.625744	3.24079	4.61068	1.80212	2.08423	-2.54439	4.94551	2.63256	-1.19863	4.96193	4.50706	-0.0520193
221	1.80544	-0.45552	0.750917	-3.79567	1.35868	1.53841	-0.146694	2.98573	0.220757	2.54676	4.79757	0.447638	-4.22465	-2.59117	-1.98925	0.618406
222	-0.681074	-2.07882	-0.840316	3.69318	-3.83804	-1.22963	0.495306	3.2462	1.22598	0.440818	0.878755	-4.97265	0.402744	0.385813	1.83279	0.319555
223	4.94722	-3.86327	3.03712	1.3059	2.67514	-2.10957	-0.708364	-2.10411	-4.56281	-0.910792	3.34353	-3.78746	1.49803	-3.64572	4.37431	0.0238963
224	-2.70451	-0.964886	-0.633616	-1.54255	2.80548	4.86169	-3.29635	-0.968538	0.302508	2.58241	-0.941189	-4.29475	-2.03178	-4.10839	-4.34752	0.0963654
225	-0.895052	3.92873	1.95838	-3.21992	-3.18084	-3.74998	-0.324023	-2.74365	0.339224	-1.98049	-1.53112	-3.16274	-0.626215	-2.15681	-3.28731	-0.211526
226	0.747802	-0.586628	3.59613	-1.44672	-0.724938	-4.70022	2.58474	4.57757	2.88219	-3.35645	-4.71718	-4.14959	-2.46484	-4.0647	-0.0446447	0.856632
227	-3.53611	2.89368	1.73544	-1.71695	4.14369	-3.58858	0.539394	-0.517082	-0.569076	4.00828	1.32018	3.80471	-3.14853	3.03286	3.8517	-0.0677647
228	-1.73493	0.58629	2.33395	2.54013	0.886074	-0.0813095	2.1177	-1.23174	1.56225	2.40052	-0.38133	4.09741	3.33582	4.57403	-4.43871	0.436429
229	1.2295	1.30946	-1.15566	0.373193	2.72088	4.38374	4.85611	-2.8482	3.39202	1.17629	-4.04349	-4.75651	-0.79085	4.80821	2.23364	0.640752
230	-2.18007	0.323763	-4.38659	3.70601	-4.75755	2.73111	-2.52573	1.8047	0.131627	2.09294	0.902103	-1.53255	1.66697	1.4634	4.69695	0.302547
231	-2.02357	-4.69226	0.0701389	-4.30269	4.69148	-0.0737502	-2.15088	3.08349	-3.89746	-1.19437	3.32698	0.311687	-1.38616	0.560628	-1.6985	-0.133154
232	3.62526	2.30052	2.08657	3.86772	0.0316274	4.56084	0.672416	-4.83675	1.65378	-3.42548	-1.3693	-1.67925	3.03792	-1.67235	1.29718	-0.118051
233	3.34566	3.39779	1.99449	3.03714	-1.67596	4.8436	1.12063	-0.573427	-1.35077	-0.552385	4.73826	2.26307	-4.99176	-1.96024	-1.04981	-0.177401
234	-3.74929	0.475374	-4.46725	1.28233	0.0362135	1.20516	1.44559	-3.31001	2.77968	-4.92371	0.0107399	0.817598	-1.59606	-3.69208	-0.836744	-0.189004
235	-3.19827	3.3024	-2.79961	0.125763	3.14601	3.32102	4.55234	-3.20476	-2.23136	4.2906	4.05831	-2.22312	-2.66964	-1.9915	-3.83431	-0.405705
236	1.64106	-0.471867	-4.45846	-3.32273	-4.26671	1.98713	-1.63273	3.51298	2.06342	3.37801	-0.669426	-4.53264	4.68592	3.49383	-2.73092	0.440338
237	2.98833	-4.30578	2.39485	1.13434	4.01525	1.94718	2.92958	-3.21611	1.23778	1.98789	-0.439233	3.56814	4.99639	0.726453	-2.43647	-0.207001
238	2.09166	-0.202871	-0.955214	2.82495	-3.21574	2.41205	1.33793	3.84767	0.79006	-4.3315	4.31503	0.475984	4.16233	-3.41588	-1.53569	0.260958
239	4.85655	3.97896	4.59865	3.8718	0.926145	2.52823	-4.34431	-2.83608	-0.483884	0.216453	-4.26794	-0.487497	-4.05709	-1.70441	3.76809	-0.00990518
240	-1.43478	2.3552	3.2122	0.349478	-0.232744	-0.449873	-0.802847	-4.44268	0.21863	-1.48781	1.0333	-0.619038	0.0963014	4.49761	-0.762484	0.110807
241	-0.924736	4.09626	-1.89068	-4.99859	1.62449	-1.235	-2.83467	-3.8594	3.98146	-2.1026	0.653106	4.92436	1.19299	-0.578801	-1.76522	-0.148913
242	-4.41002	-0.207569	-1.6641	0.357239	4.34256	2.53305	0.914555	-0.438812	-3.95476	-3.05214	3.94215	1.14154	-3.55453	-1.82033	-4.7832	-0.105885
243	-4.45827	1.28898	-4.78179	2.16621	-4.94601	-2.61645	3.30682	4.03544	0.280943	-1.04008	3.9598	-3.52607	3.38112	-2.80542	3.05416	-0.130062
244	-2.15341	4.70344	3.1418	-2.81085	2.23649	-0.943642	1.75034	3.28173	1.00421	0.69249	-0.576732	2.44968	3.87216	-0.359929	2.99141	-0.31065
245	0.161141	-0.141718	0.157622	0.215128	2.24183	-1.53556	-0.74943	-2.47723	2.42436	-1.78963	-1.0033	0.805485	0.404956	-2.94914	-2.82697	1.1263
246	-3.12353	1.33132	2.08661	4.11296	-4.61232	-1.16305	2.39469	1.39189	4.52944	-3.18204	-1.15843	3.40159	1.45803	-3.16702	-1.43727	-0.078262
247	-3.68369	1.9906	3.77786	3.55814	-4.54496	-1.97157	-3.91909	2.87941	1.23881	0.0776135	-1.31511	-3.35624	2.12848	0.857919	4.83328	-0.27461
248	1.16461	4.11254	1.84735	1.55229	-2.05052	-0.757959	-2.05582	-2.52108	1.06	1.78576	-4.11948	-2.48197	3.61874	-0.556749	-1.16566	-0.14936
249	0.609341	-1.77889	-2.60752	1.06438	1.24955	-1.5266	-1.05621	-2.51165	3.55101	2.62868	-0.867885	0.679487	-1.5134	-1.0346	2.70542	0.565794
250	1.68229	4.76744	-2.68962	4.62647	-2.75364	3.37038	1.41223	-1.87312	-4.11159	0.0309649	2.57013	-0.277245	-4.35969	-4.20876	2.11524	-0.0862545
251	1.70469	2.04079	-4.41136	-4.35152	4.52914	4.13965	3.27716	-1.33875	-0.180865	-3.23624	2.62665	-2.47545	-2.01525	2.75666	4.34251	0.0802565
252	4.10995	-1.63653	-0.93458	-3.64369	-3.26615	-4.52235	-0.516817	-2.37774	0.508613	-2.94669	2.34502	1.14892	-2.15545	-0.539743	-2.14639	-0.230098
253	4.88534	0.0488945	-1.49791	4.41447	-0.811457	-3.22075	-1.92427	4.00768	-1.45699	-4.29762	-3.46777	1.52777	3.45904	-4.12526	2.58086	-0.259687
254	-3.65901	-2.32182	2.44105	0.824172	0.300439	-2.05033	2.87748	-2.35454	4.09858	-4.27797	2.10571	-3.04781	-4.39263	-2.84539	0.454281	-0.186284
255	-4.97816	1.34315	2.23353	-1.90243	0.350828	-4.22345	-1.20005	1.88306	2.30431	-2.74101	2.75779	-0.11483	0.156976	2.74248	0.829497	-0.178123
256	3.50767	4.56143	-0.0923614	-1.19189	-2.4889	-2.21488	1.45357	-3.39032	-1.49285	-1.44072	-1.43812	-0.885477	0.713892	4.01616	-0.863634	-0.0835009
257	-2.94296	1.24969	2.23394	2.40787	2.02624	-3.96611	-0.70907	-0.66945	-1.70712	-2.95128	4.21572	3.44986	4.7912	0.045217	-4.42976	0.0641873
258	-4.86832	-1.21769	2.36101	-2.35723	1.56743	-1.18542	-0.747541	-4.92542	2.37386	2.81434	-0.810897	-1.91225	1.83049	3.32547	0.144797	-0.220495
259	-1.91982	0.559409	-2.44733	-4.89358	1.5933	1.8436	-0.56303	4.88619	3.89232	-1.34731	3.33605	3.68352	3.69791	3.90629	2.55819	0.437628
260	-3.6595	4.6118	-3.31926	2.90792	-1.57362	0.933197	2.98251	-4.19976	-1.25247	-2.82839	-1.112	-4.42197	-4.50292	4.03279	-1.34179	-0.0402776
261	1.05649	-3.41454	-1.23537	-2.35021	3.42906	3.2016	-2.46403	2.32138	-3.14571	-4.12798	1.00491	-4.4478	4.77831	-1.4369	-2.197	-0.0134461
262	-2.5852	-4.50299	-2.18848	0.841183	1.4302	-4.20598	1.64143	-4.82226	-2.03437	-4.47058	-4.24424	-1.53729	4.56221	-0.586026	4.5192	-0.173458
263	-3.85232	3.17861	-2.83101	4.57674	1.38021	-0.29504	1.89812	3.2345	0.576981	-2.09698	3.78669	0.355289	1.46612	-3.41031	-0.828441	-0.295082
264	-0.331433	-0.818767	4.84568	-3.90123	-0.024744	1.4871	-3.72349	2.94089	2.01652	-2.96773	-3.5964	1.57874	1.44625	-4.07721	2.72641	0.846761
265	-0.37515	-1.90822	2.30315	-3.99494	2.79674	-0.798734	4.23955	-1.62628	2.10429	3.02625	3.72901	-1.42959	4.61594	-2.09943	-0.0598745	0.409193
266	4.12136	-1.53389	3.66791	-0.903386	4.95321	4.94442	-2.9625	1.96973	-3.02331	-1.5589	-1.45153	3.42293	-0.636106	-3.72512	-1.95222	-0.0868366
267	2.45567	3.57803	-0.947161	0.252416	-2.22071	-1.70761	3.62614	4.88358	-3.68136	2.35515	-1.54601	-4.06542	-4.74428	3.39412	-0.444986	-0.135709
268	3.02112	1.49276	-3.38791	2.97433	1.43718	-1.35041	-0.0559408	3.41387	2.09069	3.49253	1.8368	-3.54541	4.7674	4.88458	3.91026	0.00312663
269	3.34543	-1.06258	-0.837321	-3.87527	2.22981	-2.21118	-3.99169	3.54845	-4.85603	-0.537695	4.48303	-4.60032	-2.14358	-0.961953	3.22454	-0.115844
270	-4.9665	-3.84552	0.633591	-0.0224437	4.56835	-2.27572	-1.52992	1.40514	-0.821126	-1.76251	1.28972	-1.91086	-3.41708	-4.77286	2.25182	-0.141271
271	-2.29236	2.45695	-4.95937	-1.28405	1.00541	-4.8154	3.17826	0.488439	-4.41572	-3.96532	4.52649	3.80882	-3.59341	-3.41435	-1.47388	-0.110792
272	-0.319397	4.02417	1.59671	-0.751051	-3.25154	-4.93321	-4.34591	0.927333	-1.69572	1.94382	4.01647	-0.112805	2.17096	1.26829	2.59484	-0.290419
273	-0.372088	1.30892	-3.68921	-4.36668	1.49352	4.48905	1.12176	2.0778	-4.47626	0.648243	0.886622	-3.06967	2.2339	4.41274	0.320909	0.812826
274	-0.654917	0.449754	3.3423	1.09354	0.516543	3.99639	-2.97913	3.82082	0.940206	-3.96266	-1.29199	-1.88884	2.30563	-3.69715	2.73908	0.875929
275	-1.38545	-2.38635	3.37239	-4.89193	-2.8973	-0.505848	2.18587	-2.37356	-4.85761	-1.92751	-0.443233	2.37629	-2.51476	4.87768	1.22934	0.318537
276	-3.32091	-0.0791184	-4.6837	2.19564	-1.08273	-2.66282	1.01645	4.85748	-1.62548	4.72447	-2.03136	-4.31985	-3.97268	-4.29228	-0.705299	-0.144255
277	-1.35903	4.08011	-0.597229	0.743675	-1.42574	-3.41136	3.37012	-1.28334	-0.338864	-2.07312	-3.90705	2.14637	-2.19544	2.32229	-1.27504	-0.183302
278	3.64584	2.34362	1.19701	-2.43689	4.6808	-2.78653	-2.57941	-1.94468	-3.06206	0.389229	-1.26453	-2.03474	1.09695	3.03017	1.60623	-0.155635
279	0.177059	-2.56706	-2.65009	3.75132	-0.978419	-4.27998	-2.53202	3.68272	-1.35309	-1.43907	0.82909	1.45147	-4.11678	4.55405	-1.52121	0.134903
280	-4.237	-4.4968	3.29508	-1.81641	-1.44148	-4.76698	3.57282	2.29399	-1.80172	-0.330237	0.324154	4.80451	4.84682	2.75709	-2.84558	0.00231719
281	3.59815	-3.22133	-2.12555	-3.93387	-4.53861	1.52135	-0.372939	1.29048	-2.02718	0.510279	0.84453	1.45161	0.394877	-0.955581	2.27402	-0.323536
282	2.77722	4.77157	2.99101	-3.66426	-4.99541	1.56382	3.62973	-1.79713	-3.76641	-1.04611	-1.99262	-3.91959	-3.28902	0.161804	4.67856	-0.13152
283	-1.51035	3.03625	-4.25531	-1.04896	-0.442397	0.371747	-4.75848	2.53043	-4.11797	1.08605	-1.01796	1.2769	-4.86953	-3.74394	2.75339	-0.0742586
284	2.52496	-2.0711	-4.63098	2.52955	4.49273	3.99875	-4.26758	-4.27369	-2.04736	-1.2602	-3.19327	-0.336382	3.90161	-3.51472	3.15327	0.0547593
285	1.93786	-2.77003	-2.89569	-3.50454	2.60172	-2.65416	4.02589	3.48374	3.43189	-1.99208	-0.239352	3.56237	-0.736022	-2.48596	-1.49974	0.0716759
286	2.56856	0.921892	-2.33496	3.30098	1.64821	0.617676	-2.95922	3.45493	-4.71871	-4.05761	4.94022	3.43456	2.88024	-2.82981	-4.46112	0.0147038
287	4.3757	4.7719	-2.11528	3.40159	3.25565	-3.68339	-3.59049	-1.98371	4.87898	0.673488	0.530336	-1.62076	3.97075	0.569339	4.80841	-0.0826075
288	0.730298	0.302062	-3.56113	-2.6215	-4.08026	-1.52035	-4.16656	-3.79897	-0.577962	-4.22635	4.6356	-2.69772	-2.05616	-4.82553	-3.32202	0.810877
289	-2.28426	-1.94081	-4.92043	-4.02861	-0.624197	-3.51092	-1.01232	-0.745217	2.16257	4.51802	2.63402	1.13332	0.0873572	2.44243	3.77034	0.14312
290	-0.927597	4.66412	0.551235	-0.00785975	-1.85623	1.38467	1.19317	2.56581	2.15832	0.828767	4.86809	-4.89784	1.00324	-3.45392	-2.1821	-0.264019
291	4.06243	-3.37435	-1.21071	-1.56176	-1.88527	2.77697	2.69302	-4.7227	2.29499	0.327044	1.41061	-2.61765	-2.23052	0.180955	-4.3924	-0.143499
292	-4.72828	-3.50656	-0.754502	-1.5845	2.87811	-4.56133	-4.01869	0.036436	1.26744	-4.1506	0.138598	-2.72932	-2.60452	2.9565	-3.66689	0.00686796
293	-0.978877	-3.25421	-0.228653	2.13585	4.52277	-2.53563	2.41315	1.81776	2.79141	-1.17624	4.20011	-4.43912	4.00472	4.80771	1.50309	0.00188873
294	-1.50507	0.874641	-2.05776	-0.523763	-4.08892	4.20968	0.325638	1.04968	-3.51964	2.72111	-0.993823	-2.18653	-3.25776	0.751969	2.58481	0.50238
295	3.87809	0.274735	-4.95082	1.29124	-2.90751	2.84059	-4.885	-3.7074	3.40147	4.11972	-3.89969	-0.0954374	2.3778	-3.82026	-2.09891	-0.145153
296	3.77573	-2.17638	4.1509	4.68681	-2.9667	-0.523459	0.736485	-1.48634	-2.80234	4.74266	1.32712	-1.06011	0.494631	-1.08806	-2.18202	-0.21717
297	-4.23063	-1.03888	4.10922	-2.13814	-3.19829	4.22423	-0.845542	-4.79682	3.34395	0.254765	0.107743	0.721748	1.4345	3.00884	0.603121	-0.286805
298	3.42674	-4.73993	1.47138	-4.53996	-0.263388	-2.79214	-1.02631	1.93427	-3.04947	-4.69919	-4.12584	2.44516	-0.787248	-1.30785	3.21452	-0.0390771
299	3.17387	-2.19863	-3.92362	4.97558	-2.9744	0.23084	-4.82124	-4.63045	-4.5144	0.286502	1.09129	1.92011	-1.70466	-3.30559	3.02927	-0.0686058
300	-4.41881	-1.97404	3.75915	-0.44512	4.96023	-4.29033	-0.144306	-4.16561	3.15483	4.06845	-0.473465	1.36935	2.24232	2.3279	2.44573	-0.156819
301	2.2179	4.3535	-2.32343	2.39665	4.72305	-1.83782	-2.31684	0.81434	-4.91772	0.978494	2.50875	3.11156	1.0584	2.62991	1.40091	-0.257913
302	4.42686	-3.63117	-2.23402	4.38709	-2.9215	2.62167	-4.77852	-4.76667	1.69012	-0.251986	1.60268	-1.06757	-2.92408	-0.951583	-3.84967	-0.016763
303	-3.57058	1.72499	3.54698	-3.84754	4.88717	-3.76986	1.9668	4.96945	2.20863	-0.524441	3.08101	-1.73297	-2.89453	-0.518083	0.876718	-0.223492
304	2.24555	-1.91746	-1.70413	4.32405	-4.29579	-1.48265	4.55738	2.39433	3.26536	1.16007	-3.67324	-4.65872	-4.79152	-2.52291	-3.2293	0.0545917
305	1.93347	-3.97593	-2.07683	1.82064	-2.74579	4.88997	1.79009	4.46285	-0.63447	-0.128895	-2.27012	1.471	4.35302	3.6066	1.78756	-0.391592
306	4.8701	1.55767	0.1762	-4.42569	-4.92498	-0.266417	2.96864	3.34039	-4.10635	4.2954	3.68167	-3.89787	-3.22751	-4.54763	3.03561	-0.0943184
307	-2.20343	-1.62446	-0.143753	0.0507826	-1.73449	-3.35366	-0.486368	2.63104	1.51745	2.24352	-0.897964	0.870467	0.850116	-4.1104	4.13227	0.209607
308	-3.66599	0.764965	-3.38795	4.30266	-0.894648	-2.4943	3.59806	-2.21298	-1.39217	-4.62945	-1.76061	-3.35656	-1.83288	1.61493	1.49968	0.0281384
309	3.2179	4.88044	3.14603	-2.26846	2.51148	-0.336529	4.97505	-3.38649	-4.46606	0.825167	-2.49689	4.66621	2.52743	-1.73719	0.356147	-0.303001
310	-3.87889	1.01795	-1.10052	0.226464	3.52365	-2.50246	3.01349	-2.86852	-2.1319	-3.74712	-1.22509	1.03522	2.86781	-4.7254	-0.746879	-0.346831
311	2.74825	3.42062	1.98466	0.259728	-1.91591	1.95971	1.87324	-1.38197	-2.21513	4.37635	-1.71576	-4.68769	-2.36083	3.64039	-0.281795	-0.216232
312	-1.36697	-1.99855	-3.60873	1.50112	-0.745673	0.166187	-2.46366	-2.87786	0.440786	1.78946	4.87039	-1.13859	-1.22588	0.130117	1.9455	0.352458
313	-4.26618	-2.99664	-4.43646	-1.4813	-3.62029	-1.15223	-1.169	-0.981118	-2.51184	3.54921	-3.74512	-2.75034	4.28536	-2.60964	2.23762	-0.0623146
314	-4.76094	4.93643	-2.47549	-0.506609	0.10262	0.0608467	1.61553	-4.45659	-3.14969	1.48592	-0.595184	0.624425	-3.38397	-3.64968	1.35825	0.109874
315	-1.38061	-3.08614	4.87695	-0.00089308	0.761629	-1.29205	4.01799	3.24979	-2.74284	-4.72713	-4.50056	-3.45748	-2.33677	2.73706	-4.91232	-0.0339987
316	-4.97589	-3.78888	-2.53048	0.126734	1.27197	4.08505	0.670141	3.12227	0.570963	-4.92504	-1.2533	2.187	-3.57472	-4.89505	-4.19361	0.0245134
317	-1.66087	4.98189	0.805497	4.10076	-1.31016	-0.176514	2.35055	0.947005	0.0963537	2.84999	2.48953	2.75958	0.587053	2.57721	1.44619	-0.233169
318	2.65731	1.03269	-2.27194	-1.07072	0.117739	3.3982	-2.94845	-4.3113	3.47315	0.798252	2.8757	4.89843	0.9032	3.68209	-1.76244	0.226805
319	0.885093	-0.512414	-2.66168	4.57494	4.31107	4.68887	0.521942	-0.592574	2.53886	-1.98853	-2.83299	-1.87408	-4.41132	3.6132	1.68909	0.94847
320	-2.27821	-4.08195	-4.80021	2.83953	4.31625	-2.74865	3.52823	2.7894	3.0496	1.40393	2.68783	-1.0472	0.0860173	-4.07461	4.83789	-0.168401
321	4.5736	-1.73629	4.41283	3.88467	-2.04742	-0.0652269	-1.7079	-4.50855	2.94624	0.459107	-1.38264	3.53492	-0.927692	-4.69354	1.72492	-0.255103
322	-2.20604	4.396	-0.251383	-4.15644	0.799931	-2.56355	-0.203636	-4.11405	-1.63816	-0.365743	-4.54045	1.62555	-0.952912	4.34423	4.57813	-0.173417
323	3.98186	-2.36367	-4.93042	1.9281	3.09543	-1.31306	0.463021	-2.83226	-1.0066	-2.81206	-2.48944	2.02164	4.8309	-1.94682	2.88942	-0.0412613
324	2.28542	-3.46126	1.69071	-1.91465	-1.02482	-3.51293	-1.0287	2.33702	1.12133	-0.569149	-1.03743	-4.83158	-1.22492	-1.4593	4.15028	-0.121339
325	1.4114	-1.38972	1.07838	-0.493163	2.29722	-3.4586	1.67458	-3.70938	-1.27066	4.18514	3.31227	-1.43976	-2.76168	1.20169	-4.64964	0.572994
326	-3.1109	-0.223823	1.57246	0.864285	1.26325	-4.45624	-1.79869	-2.61542	-0.0253905	2.16388	-2.447	3.74969	-4.29542	-3.29672	0.16109	-0.0466584
327	-0.685135	2.78166	4.66793	-3.38791	4.32306	1.34251	-2.09729	-1.9476	0.52765	-3.78502	1.61264	2.76597	2.41667	1.96301	0.851442	0.0663062
328	3.02	2.9177	4.27545	-2.00539	0.081578	-3.17155	-3.25571	0.786161	-1.46827	1.90538	-4.89897	-3.68661	1.57331	-3.28688	-4.36355	-0.0135443
329	-2.08418	-0.384169	-1.31115	3.44347	0.830814	-4.6985	1.20944	-1.75251	2.2645	-2.93912	-0.848736	1.11661	-2.3115	-3.3725	-4.167	0.259034
330	-4.31673	-0.613604	4.61844	-0.785002	-3.70822	4.71947	0.528386	2.86509	-3.56742	1.16484	-4.2191	1.04841	4.85369	4.22437	-3.12077	-0.286386
331	-4.84481	0.433808	0.126714	2.41969	2.49469	4.27798	-1.4637	-4.81681	-4.09452	-0.630696	4.76256	-4.44702	-1.87999	3.61738	-1.80492	-0.183484
332	2.58148	1.57073	-1.48435	3.87326	1.2902	4.04404	1.73834	2.72278	0.208873	2.51925	-1.2288	0.0625621	1.74362	0.650426	0.217748	0.0830254
333	-2.82258	-4.22286	-2.36256	4.67211	-4.94488	1.17374	4.8553	-4.0394	-4.45696	4.61786	-3.48643	-1.33695	3.23524	-0.291345	-4.38466	-0.109166
334	2.18607	-3.94846	-3.83661	-1.52373	-4.90442	2.90173	-3.80095	0.304454	0.420979	-0.0297563	-4.63298	-2.8354	-4.37933	0.584763	-0.657979	-0.296914
335	-3.60219	3.2222	-0.985866	-3.54707	-0.604062	-1.13056	-2.58648	-0.061021	-1.5127	-1.0729	3.60203	-3.27746	3.63575	4.21736	4.25844	-0.278327
336	-4.69002	-2.91073	4.8797	-4.59444	4.991	-3.92126	0.710016	0.411983	1.04899	1.07703	2.57658	1.66966	-3.33821	-3.0814	3.06747	-0.100127
337	4.884	0.932734	4.52039	-0.720067	4.80217	-3.06608	4.21891	-1.71053	0.861015	2.82094	0.012014	-0.503233	2.0383	-0.729549	0.422651	-0.399733
338	2.51192	-1.67857	-0.0140044	2.50293	-0.599823	-4.30399	-2.08509	-4.55084	1.77304	-4.50851	2.11882	3.43484	-2.58991	0.186288	3.31883	-0.0155263
339	3.34282	-0.293319	-2.40123	3.14499	1.6406	-3.18232	-3.56553	-2.49839	4.63862	1.44648	1.99838	1.67692	-4.28307	-2.57897	-4.88134	-0.0620077
340	-1.55991	-4.71664	2.43588	2.84027	-4.02063	-4.64921	3.28943	2.75241	-4.15772	0.408251	1.18725	-1.74763	-4.40546	-0.493916	-3.40481	-0.173176
341	0.30122	2.10485	4.74019	-3.05818	3.92253	-3.82535	-0.556568	3.56114	2.62113	-3.55819	0.238064	3.33806	-1.13716	0.356721	-1.36458	0.370756
342	-1.08122	-3.76832	1.63708	-0.101846	-3.41753	-0.0734939	-2.34943	-2.57525	-4.66524	3.83782	0.677119	-4.0707	-1.6561	2.27231	1.23052	-0.0882681
343	-4.55125	2.0125	3.17234	4.37128	3.18715	-2.38423	2.93242	0.808275	-0.94242	-1.82951	-0.853665	2.92042	3.52721	2.78176	-3.28378	-0.140683
344	-2.0521	-1.03891	1.5987	-0.469628	3.8876	4.24926	1.95512	4.22236	3.08708	-2.36776	-4.84835	-3.56902	4.90455	1.38217	-3.12026	0.248496
345	1.91705	-0.445493	-3.74899	0.104192	2.17028	4.18344	-4.08753	-3.77214	-2.64608	0.0588029	4.14828	-4.11887	-2.15944	-4.1355	3.20515	0.384203
346	-2.83376	-3.8602	3.34278	-3.94616	-4.61094	0.297897	-4.7238	3.47614	2.93014	-4.57214	4.90713	2.83469	1.81003	-3.21314	-0.248265	-0.426413
347	-3.63547	-1.96212	4.85593	3.53481	-2.77868	-4.23161	4.76266	-0.42476	0.827197	3.91094	0.456372	3.66776	4.77545	-1.33848	-1.79114	-0.384642
348	-0.651337	-3.06938	1.88161	-0.262275	2.22852	2.15781	-1.78613	0.158659	2.58567	-1.879	-2.00665	-0.604308	-0.09214	2.74508	0.760226	0.108109
349	2.94574	2.60101	-0.704965	-4.83295	3.3694	-0.942301	-0.257706	-0.803399	-2.03136	-4.80133	-2.13564	-2.25591	-1.13981	1.07322	1.33194	-0.0780245
350	0.159612	0.491086	-1.27263	3.37348	-4.35026	-3.68696	-3.50552	-1.35691	0.708731	1.40234	-3.61182	-3.53104	-0.651924	3.98918	0.763991	1.00541
351	-0.48487	2.35859	4.82169	4.25742	-3.44481	-2.20967	4.45609	-0.580449	0.534423	-1.68372	-4.50723	-3.13364	-1.99577	-4.08534	-4.87107	0.326663
352	0.620012	-1.69884	-0.552245	1.26976	-0.385798	0.942232	4.91285	-4.67707	-2.65543	-3.69898	-3.20811	1.69265	-4.70979	2.55588	-3.79222	0.548831
353	2.6488	2.37757	-4.5348	4.20399	-4.8321	4.92129	-1.37646	0.702328	-1.76244	-0.883686	2.56869	1.24179	0.0309757	2.69762	0.815584	-0.188399
354	4.11675	0.553004	4.58739	-1.26905	-3.50476	4.50024	-0.946119	-1.16019	-4.19874	0.84577	-4.46755	-3.90853	-1.59835	-3.25977	3.74027	-0.236289
355	-4.22078	-2.79457	2.94426	-4.05287	-2.87329	-3.4322	1.64946	0.364278	0.684109	-0.781854	-3.39393	-4.28492	-3.08424	2.42165	-3.17967	-0.15318
356	2.37334	-0.179221	-4.73065	3.86858	-0.678984	-0.676769	-2.29162	0.122276	-4.831	-1.75916	1.21375	-1.42935	-0.0189365	-0.0459852	-0.650126	0.503547
357	2.18649	-2.10173	0.297001	4.3132	-0.533934	-3.05354	-0.322517	-4.84982	1.1646	1.28355	-4.13474	3.08037	-1.29479	-2.31441	-1.68624	0.0789834
358	-0.163811	-3.36411	2.57783	0.00519081	-0.123274	-1.20842	3.57584	4.85779	3.74559	-2.07428	2.04428	-3.35614	3.22272	1.35748	1.10993	-0.0946562
359	-4.83082	-3.96503	1.2601	1.33378	2.31852	2.12536	-0.585856	-3.97627	4.81096	2.7279	-3.73266	4.86989	0.862441	-3.21971	3.7974	0.0937047
360	-4.56671	0.895825	-3.37833	0.310016	4.6874	-4.80248	0.167806	3.43299	-1.87676	-2.78791	-4.92314	-3.65405	3.56957	1.18678	-3.48487	-0.166247
361	4.60454	-2.55311	2.84891	1.92306	4.57225	-2.73695	2.94679	4.38321	4.99095	4.21412	4.2531	0.853394	-4.00558	3.0505	-0.828611	-0.117036
362	-4.93279	4.23257	-1.20619	4.75462	4.43009	3.96161	3.18761	-2.44667	-3.8263	3.26446	-1.10072	4.74327	-0.548751	0.41441	4.34781	0.0926108
363	1.89814	-1.73668	1.27087	1.47039	0.526368	-0.782343	0.853602	0.517322	-1.56822	0.106703	-3.62928	-0.573802	-1.8428	0.542105	-2.9629	0.0878095
364	-3.73033	0.434803	0.363934	-4.30024	-0.603584	-1.44846	-1.74691	0.570117	-3.18399	2.15237	0.313388	1.26726	-2.43322	-0.338802	-1.83461	-0.131355
365	0.8301	-4.06793	4.63579	-3.64353	0.149725	0.489387	1.87379	3.58151	-4.40391	3.24451	-1.9923	-1.24671	-1.21339	0.0448021	0.394289	-0.147818
366	-4.17091	-0.240136	2.01424	0.225508	3.31141	-4.73267	-4.20437	-4.87259	2.4197	1.10901	1.39467	4.98649	-4.22979	4.56006	0.816586	-0.189169
367	-3.29772	4.19585	2.17306	1.85201	-0.314763	-0.953154	0.433511	0.281327	-2.70865	3.44121	4.03462	1.07796	-1.51398	-0.571089	0.473894	-0.112458
368	-4.76624	1.81473	-4.51649	3.54516	2.08206	-3.72086	3.67258	-0.498234	2.38815	0.067248	-0.511748	3.15836	-0.372687	-4.69516	4.86064	-0.179402
369	-1.17684	2.47789	1.71265	3.5084	-3.47526	-2.85384	-1.21027	-1.18391	-4.41263	-2.17565	4.89406	-0.926611	2.25326	0.36795	-1.12612	-0.0175992
370	-4.31139	-2.00523	-0.853127	2.77067	-0.72609	-2.18055	-2.72756	-3.33794	2.8867	1.76069	4.82042	-2.48599	2.06553	4.68106	1.33717	-0.17167
371	-0.456575	1.39371	-0.154426	1.06816	3.53986	3.6353	4.88426	4.12723	-3.54035	4.77831	-1.79938	3.71291	0.146263	2.0745	-3.77583	0.408737
372	0.533792	3.49285	2.7143	2.80623	-4.84509	0.600995	-0.433075	4.97533	3.11501	-3.36754	4.65639	-0.547818	1.17588	1.0501	4.29776	-0.144346
373	-2.75595	-0.410037	2.93306	-2.8717	-1.2828	4.39271	-3.09338	1.91782	3.10562	2.05288	-1.00767	4.32979	2.80085	-3.24456	-1.45127	0.0316657
374	-2.95841	-4.59001	0.0954676	-2.8035	1.01099	4.66239	-2.82816	-0.874005	-3.70515	-3.17177	3.57818	2.47073	2.87833	2.87593	4.71478	-0.0416101
375	-2.53171	0.80899	-3.15692	1.18549	0.201698	-1.2503	-1.89669	-1.69268	-4.19743	2.09564	-2.36289	3.60343	3.85108	1.18584	-3.70088	0.216015
376	-3.29089	-3.76422	-4.57607	2.7201	-4.10182	-2.40423	-3.1539	-2.80697	-0.576002	-4.57573	4.66376	-2.69767	3.30021	4.37853	-0.229381	-0.0757094
377	-0.890803	-3.77839	-4.04389	4.3109	-0.0286908	-0.94058	-2.38179	0.773884	-3.84494	0.255317	-0.62269	-4.99386	-3.55884	0.676432	1.14645	-0.169593
378	-2.31171	1.95175	-4.52656	2.11228	2.37602	-4.8628	4.41461	0.676227	4.51573	-0.814769	4.78542	-4.26266	0.14134	4.09632	0.708652	0.167997
379	4.20076	-3.28547	-3.51746	-4.64418	1.96985	0.859846	-4.63804	3.41101	-3.46372	1.50841	3.07959	3.92182	-1.10935	3.17211	-0.972527	-0.198347
380	2.97268	3.35524	-2.2183	2.38729	-0.968533	-2.70257	-3.42747	-1.18311	-1.96523	1.71387	-2.08679	3.74342	0.914626	-0.372258	-4.77404	-0.244052
381	1.27044	-3.40241	1.0858	1.6324	-4.9914	2.62208	-1.85919	3.08819	1.54391	2.03145	1.2603	-4.42862	4.20251	2.1207	-3.4494	-0.265331
382	4.90584	-0.37129	-2.51932	-1.06269	1.92614	-0.946799	2.7542	4.9609	-4.23293	-4.33259	3.70432	1.68169	0.295151	3.93028	-2.04786	-0.19488
383	1.89274	0.0160847	4.58454	1.90134	-2.36183	-2.27466	-0.0104738	4.18207	4.7568	-3.75017	4.75345	3.95931	3.37052	-3.69595	-4.19367	0.46748
384	0.435038	0.944578	0.147193	-2.63883	4.99778	-2.09861	-2.67792	-4.23515	-1.4312	-3.9736	2.44654	3.86395	4.95668	-4.60132	0.75669	0.746152
385	-0.0272313	4.98322	-2.34197	2.61093	-2.29144	2.64755	1.79301	-2.53464	3.89738	1.54646	-3.57533	2.2679	2.8505	-2.769	-4.26819	-0.164916
386	1.67638	-0.792415	-4.97279	1.67416	2.10897	-2.65071	2.43901	-4.32223	-1.62431	-0.114448	4.54172	-1.66762	0.284231	0.298413	3.30514	0.536459
387	0.267447	2.95644	0.916078	2.97601	0.603995	-2.29092	-4.55863	-0.498625	4.25554	-3.13396	-3.23072	2.10604	-0.902964	-2.49892	1.16644	0.1101
388	-0.860427	-1.70936	3.16077	2.51526	3.17619	2.70249	-4.15236	-1.53958	-1.9991	4.15278	3.72787	-4.04265	0.0688618	1.70388	1.56134	0.643987
389	2.77795	2.14524	-3.93728	2.03349	4.01128	-2.16801	-0.860469	-1.89169	0.333077	-4.69403	-0.128613	-0.489456	-4.32001	1.66167	-4.63783	-0.243322
390	3.31651	-3.17099	-0.973754	4.16415	0.289427	2.02715	3.31693	-0.982704	2.9845	-1.6142	-4.27883	-0.454163	-3.83626	2.86641	0.608553	-0.077957
391	3.19723	1.87769	3.44055	-2.66324	4.986	-1.22638	-2.35728	-0.142609	3.28417	-1.67729	-3.48094	3.64634	-3.5143	-2.67969	-2.70084	-0.179149
392	4.80097	4.41759	3.86285	3.1179	-1.56511	1.84734	-3.4963	-0.843943	-3.60682	-2.33256	-2.97753	2.00173	-4.13534	3.90016	0.442279	-0.0885192
393	-1.79858	3.88616	4.2159	0.844145	-1.25645	2.50007	4.16686	0.262616	1.14641	-4.34745	2.58292	3.44557	3.462	3.21974	-2.42627	0.0104886
394	1.00789	2.64231	4.58226	2.40107	-4.69026	-3.39527	-0.597199	-3.82559	-4.49511	4.84508	-0.624174	4.39105	4.06098	-4.78003	-1.86539	0.192452
395	1.56106	4.38683	3.39722	-2.29253	-4.96062	0.980147	-3.84696	3.50139	-0.800111	-1.27323	3.79909	-2.7794	0.718094	2.95964	3.35921	-0.306117
396	1.00151	-4.27344	-3.63141	1.31125	-2.6687	0.771395	2.48566	-2.16381	0.616475	-3.13851	-2.77276	-0.322541	-2.91854	0.361849	-3.76148	-0.24059
397	-3.53171	-1.24093	-1.05401	-3.49233	4.73922	0.0990266	-4.99094	-1.06089	3.8258	3.80815	1.15971	-0.456107	1.76778	-0.481086	0.688193	-0.0930625
398	1.83168	3.74605	2.87529	-0.682658	-3.41776	-1.50823	1.17883	-1.19052	3.16923	3.26029	4.17133	4.40774	4.72857	-2.0696	-1.64627	-0.324458
399	-3.76376	-2.33038	3.45275	-3.7547	1.60873	2.27855	-4.94655	-2.23156	-3.17755	1.82123	2.28735	2.51064	2.55653	2.80778	-1.0746	-0.164999
400	-2.32855	2.53573	3.9568	-0.746313	-3.9725	0.135631	3.06317	4.19672	-1.60408	2.2345	3.60447	-1.87551	-4.8351	-3.04181	-0.639266	-0.0901457
401	-2.16548	-4.58905	0.606035	4.44325	2.6895	0.659481	-2.78831	4.51195	-2.51929	4.49905	2.02259	-4.96276	2.30682	-4.05201	4.69767	-0.299577
402	2.2334	-4.09691	2.87313	3.2609	1.03872	0.936293	2.45762	4.43464	-1.82921	1.06208	-2.44087	-1.66431	3.02028	1.91986	1.17021	-0.266195
403	3.43123	-2.4741	0.613466	1.12073	3.18538	2.82516	0.632682	-4.33391	2.3242	-2.34473	-4.29667	-0.368971	-1.39674	-4.599	1.57731	-0.13078
404	2.4804	0.0958284	0.895298	-1.48088	-3.96788	-1.64708	-2.04624	-0.79709	4.415	0.512888	2.5386	2.43528	-2.56725	-1.29119	0.866506	0.340021
405	-0.0413506	4.32228	-3.01276	-1.85597	2.14744	2.61992	-1.18988	-0.528359	-4.72481	-0.486556	4.10267	-1.12154	-0.0855537	0.679985	-3.89884	-0.325899
406	1.19699	3.44415	1.67951	2.22911	-3.20294	4.63327	-3.56798	-3.78794	0.146158	3.97062	3.64734	2.57891	-2.32057	-0.486153	-2.46244	-0.216591
407	-2.99829	1.50108	0.681587	4.14914	-0.878997	4.4917	-1.37922	-0.603803	-0.994854	-2.27655	3.27466	3.91959	3.40344	4.37582	-3.53156	-0.18119
408	4.91259	3.24334	-2.19808	-3.29035	2.87661	-0.766061	-2.07829	-1.97724	-1.79544	-3.43094	-4.39833	0.883991	1.0829	-1.86077	2.8857	-0.0458396
409	-2.41601	3.82082	2.03484	1.70499	3.31252	-4.34437	-3.89881	-2.68234	-1.62092	4.37584	-3.76274	-3.21748	3.75166	-2.2943	-1.65365	-0.262909
410	-3.41031	2.12638	-0.672063	4.46629	-3.63968	2.24965	-2.51094	-0.435119	3.81871	-1.90927	-4.55113	-0.0983896	1.22996	3.33457	2.4856	-0.352672
411	0.0507752	0.369414	-0.809412	-1.63671	1.02504	0.291775	0.680959	4.40413	-0.332382	1.91822	-3.81335	-1.58072	4.62391	-0.467001	2.74374	0.843623
412	-0.129875	1.57014	0.588978	1.23045	-1.18021	3.07803	-4.20467	-2.3615	-3.83124	-3.7558	2.54011	2.39872	4.57877	0.0257049	-2.55051	0.689003
413	-0.0518148	4.21629	0.812789	-4.02677	-0.491932	-3.50625	-4.62265	4.17569	3.41196	-3.436	-2.40504	3.03588	1.097	-4.66129	-4.72192	-0.361022
414	1.84822	2.80867	-3.56072	-4.33199	0.886701	-2.76539	-1.69349	2.05546	-1.52119	-4.15339	-0.545819	-1.94242	0.872317	1.90368	3.00576	-0.0536403
415	0.0886103	-2.28354	3.97899	4.59668	-0.789787	4.35634	3.77236	-2.37782	-4.07965	-3.63267	-4.34194	2.01735	-3.29397	-4.06386	4.23704	0.401512
416	2.04571	3.35414	3.45236	-2.06759	-4.41125	-3.24113	4.98787	-0.932446	-2.39452	-0.557947	2.12513	3.4778	-3.65427	0.130893	-1.43359	-0.0771538
417	-0.937807	-0.890117	-1.83691	3.27241	-1.53377	-3.06455	-4.10542	-0.613425	-1.69722	-3.44736	-3.59607	0.00881484	-2.51122	-4.35903	-3.07632	0.736993
418	0.0490106	-2.94075	-3.43235	1.39474	2.19015	0.134061	-4.54307	-3.69997	3.29715	3.72934	-0.233743	-4.7674	4.62392	4.15283	-1.46461	-0.128318
419	-3.82344	-4.44324	3.5442	-1.33466	-3.80227	-4.53212	-1.06153	3.8844	-4.2543	-2.33603	4.50349	-3.38773	-1.85166	-4.88955	1.54639	0.163887
420	3.60565	2.80584	-3.4458	0.795796	-2.0601	-2.98887	2.09583	-3.76295	-4.25953	-3.13792	-3.53034	-4.63561	-3.98509	0.0050436	-3.45905	-0.186532
421	-3.42833	-1.45076	0.206293	-2.2306	-0.982877	4.14477	-3.34619	-0.237176	-3.19126	-3.8427	1.37509	-0.0429229	-3.73225	-2.07851	-3.80473	-0.106764
422	4.00111	2.98141	2.32293	-3.05898	4.99254	-0.581242	-1.82193	-4.26699	1.28084	-0.352272	-3.9026	2.29575	4.65277	-2.36165	3.86743	-0.291755
423	-1.79798	2.84464	-3.36317	2.21914	1.98941	-1.70936	-3.01804	3.79815	-0.552065	3.35706	-1.24478	0.715682	-3.72146	-0.0495076	-2.85711	-0.219109
424	-4.87571	-4.87139	0.89262	-4.88317	-0.452629	4.07069	-4.15016	-4.17179	-1.28158	-3.05276	3.12397	-1.62881	-0.414411	1.99139	1.57321	0.00980597
425	-2.56977	3.62822	-1.20766	4.41964	-3.08114	0.774307	3.21779	1.3668	-0.868637	-3.02699	-2.91752	0.409907	1.92351	-0.774633	3.21559	-0.300835
426	3.3442	1.76773	-0.533507	-2.10843	0.838419	0.316332	-1.28022	4.55684	2.26357	-3.15625	-2.07197	-3.15084	3.83514	4.50123	-0.720609	-0.171323
427	2.46336	-1.70642	-1.30097	4.38223	4.06788	-3.08318	0.749021	-1.80075	-1.11016	2.8315	3.60915	-4.18666	-2.94314	1.82474	-3.31155	0.271191
428	3.45618	-4.12698	3.06051	-0.705397	1.18935	-3.21971	-1.14856	-1.54708	-1.37596	1.77947	0.302077	-2.54082	1.2807	4.58147	4.92255	-0.118749
429	4.57428	-1.7195	4.30477	3.64216	0.197327	0.053793	-3.15859	4.08717	-2.11471	-4.54944	4.90051	-0.0578438	2.2753	-3.41104	-3.65132	-0.224461
430	-2.71495	3.19119	-3.13603	0.90909	-0.0293403	2.16605	3.36827	-3.74864	1.74752	3.29082	-4.17436	-4.97198	2.59559	4.4678	0.225348	-0.0883507
431	-2.35061	-3.6908	-0.687487	0.534677	-3.24024	-0.786977	-4.52317	4.03506	0.801987	-3.17448	-3.5207	0.847135	-0.952783	-3.01595	-4.81311	-0.369097
432	3.37808	-0.677759	-4.82181	-1.65126	-3.51171	3.54646	-0.399902	3.23581	1.83728	0.425734	3.26383	-0.567122	-0.106471	-1.51082	2.08226	-0.130936
433	1.20273	2.80169	-2.38306	2.96249	-2.98529	-1.90623	1.99755	2.8167	-0.0807098	3.47685	-1.33617	3.96651	-4.5391	-1.14928	-3.57522	0.0155067
434	0.747018	-0.0918065	0.577535	2.23531	-1.54534	-4.82237	0.471117	-4.70806	0.603366	-1.26506	-0.27518	-4.5031	2.22412	-3.19292	1.69963	0.755921
435	0.0258092	-0.575975	-0.337884	2.04052	2.5178	-3.34034	-0.142781	-2.56291	-4.86349	3.52105	-3.5964	-4.40259	-2.62823	-2.17163	0.327417	0.932772
436	-4.76439	-4.8219	0.810701	-1.30973	-4.64426	-3.71818	-1.01779	0.959101	0.0167627	3.70703	1.456	-2.75912	-4.48588	-1.84438	2.26669	0.184174
437	-0.06186	2.81774	-0.692787	-2.54406	4.4774	4.16443	-0.106971	4.61392	2.68548	1.29663	-4.78867	-4.94275	4.125	0.538747	-0.342178	0.258656
438	-0.164076	-1.48891	4.46463	0.191659	-0.207088	-1.55316	-3.84924	4.80967	-2.84613	2.60676	-2.94944	-2.33202	-4.23762	4.31725	2.60612	0.70768
439	3.58012	-1.37554	-4.93794	3.05752	-2.2111	-0.0449101	2.67144	-4.52562	-3.74828	2.88277	-4.46837	-4.62328	-1.57848	0.189454	3.07711	-0.131659
440	-2.89266	1.3678	1.19079	-0.738798	-1.02545	3.24135	1.92918	-0.263066	2.5586	-0.464694	-1.68295	-3.81694	-0.402633	-3.62543	-1.02804	0.204873
441	4.55246	4.04601	-0.553666	-4.19583	1.92878	-0.0220339	-3.81911	-4.6497	-4.83258	4.258	4.54617	-4.8072	-4.1538	3.20667	0.409835	-0.134777
442	-0.42479	0.752187	-3.34055	-3.49561	-4.51088	4.21804	1.0397	-1.19383	-4.5989	-4.36293	0.18075	-0.62694	-4.81048	-0.773237	3.81939	0.829453
443	-4.0063	-3.84445	-1.20264	-2.82542	-3.49415	-1.03522	-3.56742	-3.94798	-0.842423	-2.72122	4.25869	4.56741	4.50609	4.5727	-3.65495	-0.285807
444	2.09723	-0.41636	0.652304	2.58635	-1.19832	-3.308	-3.60747	-0.797211	-2.67093	1.57328	3.57585	-2.48141	-4.19996	2.39524	-1.48771	0.326431
445	-3.04441	-3.8074	0.686873	-1.53857	0.157381	2.11945	-0.486549	4.31496	4.39823	-1.22786	3.88237	3.90432	-1.65516	-4.77258	-3.17149	-0.111889
446	1.41215	-1.85494	-0.0889971	-4.78616	-0.16294	1.30353	-0.583373	2.16613	-2.12319	-2.00752	4.68472	-1.32315	-4.61228	-1.80299	0.632439	0.395198
447	-3.41968	3.88389	4.09387	1.7377	1.00334	-1.39268	1.05266	0.40157	2.37947	-0.0649707	-0.694108	-4.27569	0.162446	1.13441	3.21706	-0.258001
448	-3.63788	2.3981	-2.2396	1.19918	-1.29837	2.17702	-1.63469	1.57844	-4.8305	-1.94997	-4.74471	-4.44278	1.24705	0.887729	-2.86246	-0.298221
449	0.130932	-0.018399	3.87524	-3.86573	3.58892	-0.0721044	1.53584	0.96839	4.86292	-4.15827	1.6927	0.0253704	1.97614	-0.0902387	2.51246	1.04513
450	-0.0894381	-2.71691	-2.52894	3.61219	4.46012	0.836367	0.19063	4.62962	3.8864	0.44592	-4.81317	0.133446	-3.66635	-2.67563	-4.73562	0.164592
451	1.31525	-3.80039	-3.60135	-0.095825	1.1275	2.93449	-4.12743	0.990428	3.77622	2.56526	-3.9842	0.752363	-2.52497	3.52826	0.27506	-0.107353
452	2.55815	-3.78204	-2.94898	2.01827	2.05433	2.24165	1.64789	0.940732	-2.31243	1.83472	-3.92582	-0.978784	4.15909	-3.66144	-4.66353	-0.251789
453	-4.6413	-2.26279	0.240642	1.4862	-4.3283	1.11321	-2.52337	4.44792	-1.32153	-1.50757	0.200287	1.1535	-2.97931	-4.52465	-0.0995965	-0.153358
454	1.11837	2.51053	0.0517689	-1.8273	-0.247821	-3.30035	4.11343	2.43975	3.53437	-4.81239	-3.53904	2.69346	-3.47383	-3.20257	3.05216	0.277609
455	-0.736626	2.03807	-0.461637	-0.0649272	-1.84872	2.01499	-0.617003	1.82975	-4.49258	4.58328	-2.01675	-2.47189	-4.94137	2.88365	2.98763	0.506764
456	0.498164	-1.8561	2.17472	-4.74966	-0.156447	1.28815	2.69009	-1.62207	1.47576	4.15105	-3.92861	3.00193	-4.05152	4.12355	-2.7347	0.448293
457	2.98655	-1.33808	2.20037	-3.86217	-4.32309	-3.41663	2.96759	-3.81567	-3.83335	-4.04916	-1.28756	-3.77472	3.83449	-3.29992	4.31741	-0.13743
458	-2.53869	-4.98877	2.44858	2.30486	1.29938	0.138674	-4.31721	-2.22486	-0.710274	-3.24582	-4.22293	0.238208	-4.12227	-1.95763	-1.77524	-0.0140351
459	-0.460351	-4.75726	-0.637404	0.216558	-3.17389	-2.66982	1.40089	-2.00724	-1.71898	-4.88667	-0.781953	-2.88449	-3.18659	-1.46454	-0.0479851	-0.124089
460	-0.0367561	1.46024	-1.69837	-3.73738	-3.40109	-1.01558	-0.962236	0.888636	0.738604	-0.185169	-3.87316	1.61634	2.8572	-0.648394	-3.84401	0.701497
461	3.09994	3.7142	1.37254	4.92605	-3.95562	-2.22657	-2.08119	-0.674599	-2.11323	2.13686	1.44091	-0.299821	-4.32768	-3.60708	-1.28817	-0.0625025
462	-4.82793	4.97072	2.61879	-3.22902	-1.04486	-3.34345	2.65961	4.69375	1.47138	3.78645	1.31008	-0.671419	-1.86194	2.46607	-2.57148	0.202749
463	-3.14774	-1.16138	-2.64543	-2.10335	1.61205	0.273382	2.22205	4.49882	-2.58976	-1.33705	-0.801003	-1.91744	0.055875	2.91083	4.75165	-0.098876
464	4.72237	4.03083	4.85387	-1.32249	-4.31262	2.51348	-1.62874	2.15877	1.29993	4.68135	-3.51265	4.43799	2.14742	-1.08413	-3.70975	0.0186997
465	-4.01397	1.27044	-0.8131	2.59808	-3.45618	-3.59105	2.0969	-1.04594	0.0719003	-3.7041	2.03662	-4.87222	4.20672	1.78827	-3.46018	-0.0788437
466	-4.42935	2.14348	-4.81185	-3.74197	-0.343037	-1.44059	3.41679	-4.0431	-1.75924	4.90414	-4.60511	-4.61183	-1.17999	-3.31486	-3.62579	-0.113484
467	-4.90955	0.872043	3.97229	-3.36574	2.28099	1.06919	0.588323	-2.64711	2.36508	-2.37506	-2.51933	1.57181	4.41321	-0.979519	-1.13858	0.0382172
468	-3.99509	1.11199	0.849156	0.661872	4.6714	-0.73405	1.61877	-2.08784	-0.829907	2.01365	-1.69967	2.9901	3.6988	-0.325466	3.08055	-0.305969
469	-0.42916	-1.35318	4.71481	-3.14817	4.71601	0.303136	-0.79528	2.08109	2.92808	1.68539	-1.3471	2.34128	-4.29413	2.51433	-1.73487	0.706303
470	4.37712	-3.85385	-0.818893	4.04852	0.412099	-4.20013	-3.03933	4.58219	2.81353	0.261001	2.57229	1.51233	4.93554	0.652843	-3.91683	0.0427269
471	-1.41764	0.367656	-2.065	-1.70163	-4.32921	2.13972	-4.62054	3.59887	-1.1749	-0.967638	0.940154	-0.469032	-3.45331	4.20528	4.82796	0.591148
472	2.63091	1.38621	0.0469035	4.59159	0.968402	-2.13957	-0.147412	-1.4593	4.37276	-0.211876	4.19354	-4.54408	3.37048	-0.438805	-1.60908	0.039748
473	-3.33115	0.231987	-4.46936	-2.95169	-1.16914	-0.644263	1.08067	4.77101	3.8867	2.62736	3.97629	3.71467	2.69328	2.55869	4.68878	-0.198418
474	1.07499	1.98721	-0.21881	-2.95661	4.84765	4.63378	0.584084	4.2204	-0.578099	-0.222377	4.67633	-2.20762	4.33882	-1.93275	-0.53877	0.350421
475	-0.429194	-1.40211	1.50954	3.40166	2.95362	-2.40979	3.17267	1.84033	-4.78244	2.14896	0.554994	2.91084	-0.29235	0.24377	4.85115	0.87383
476	-1.63786	1.68601	-0.68778	3.94623	0.906418	3.73412	-1.27615	0.582746	-3.4735	-1.93733	3.64999	0.987733	2.63347	-2.75212	-2.50273	0.268298
477	1.03514	-4.7985	0.0874782	-0.792192	2.04183	0.305043	-3.64323	-2.40318	-1.78411	1.06442	2.84059	-1.93296	0.961673	4.15935	4.90541	0.0140609
478	-3.53228	-2.50216	-1.31354	0.19157	3.08059	0.212959	3.25424	1.73058	-3.79931	0.887712	3.97846	-1.30204	-3.07715	4.17997	3.78544	-0.220625
479	1.13066	1.2218	-0.909516	2.48743	3.81862	2.30637	-1.44815	1.65921	-4.62658	4.51352	0.818564	-4.72117	-4.84637	3.34006	1.87025	0.598939
480	4.36809	3.79243	-0.00065488	2.44868	-0.994615	-1.74642	-0.820733	0.206078	4.1413	-1.84227	3.90404	-3.93586	-2.6623	2.68948	2.1948	-0.0431812
481	3.55949	-3.22003	-0.317773	2.37811	4.08634	3.23407	-0.962671	4.45975	2.74759	4.85589	4.73858	2.90123	3.19595	1.60883	-1.9928	-0.0786445
482	-3.20038	-1.99693	-1.57439	0.805009	1.25665	2.60488	-3.98891	0.397948	-4.23739	4.91513	1.46209	-1.8997	2.60461	-1.34311	-3.3402	-0.114403
483	4.38458	3.33912	4.03791	3.47092	1.57319	-1.92476	2.93067	-0.679213	-2.06887	2.66925	-2.77798	-3.87292	-0.721917	0.229214	4.13081	-0.249827
484	-2.16615	3.39053	-3.7145	-1.15507	-1.21152	-2.9519	-1.23994	-4.74943	0.148405	-3.63533	-1.09254	1.8082	-4.25075	-2.75342	0.846114	-0.248597
485	4.22016	3.81978	3.92135	2.15083	-1.85944	-3.14751	-0.179915	0.362578	-2.02043	4.09817	-4.40821	-2.88962	4.35318	2.62063	-0.755748	-0.105648
486	-2.36522	-0.680707	-0.700587	1.42326	1.36739	3.05948	1.67383	-3.4842	4.42415	-4.41871	3.324	-4.8266	-2.17213	-0.829884	4.39356	0.237671
487	-3.35236	-1.90853	1.54439	-0.211793	-0.0560411	-3.63552	-4.84921	2.92353	-4.53735	-4.25742	-4.96609	4.81583	3.36321	-0.721842	-2.15038	-0.0991177
488	2.16892	-1.8829	-1.6638	-1.46369	-3.82342	-4.98998	0.0521091	-4.39928	-4.40869	-1.62389	-4.22588	-1.58082	2.54623	-4.83232	0.0668226	0.128255
489	-4.3623	1.71207	4.85503	0.581656	3.07655	-4.99419	-1.49481	3.5392	-4.25161	-1.46091	3.35503	4.1116	2.81725	-3.79535	2.92929	-0.223279
490	-3.95361	3.06638	-3.09013	-2.77704	3.07641	1.96198	-2.17631	3.66772	-4.66191	-1.40219	-2.91311	2.88432	-1.23451	2.15372	3.52202	-0.066916
491	-4.52244	2.00875	-0.896328	3.55412	2.01456	2.60886	2.09332	2.76295	-3.85205	0.448341	1.87455	3.9652	1.65299	-0.196159	-1.30461	-0.188167
492	-3.23823	1.93643	3.07319	4.83818	-1.10159	-4.10312	3.50589	-0.763497	-0.50531	-4.40721	-2.87918	3.26018	2.7465	-4.35716	3.73774	0.109586
493	-0.24475	-0.253488	2.29186	-3.23019	-2.64463	-0.614829	4.53276	-1.49668	4.83351	1.40732	-2.53148	1.4865	-3.78884	1.1639	-3.48695	1.04605
494	3.44948	0.13458	2.76385	-2.65211	1.03146	1.26974	1.5844	-4.47385	1.86253	3.70522	3.78633	-0.39097	4.34806	2.52407	4.36428	0.00602899
495	-0.90543	-0.184073	-3.86591	1.44994	4.2011	-4.33315	4.95326	4.03461	2.07417	-2.57823	0.521112	3.28532	3.58567	2.03417	0.34671	1.06774
496	-4.51871	-0.724807	2.83154	1.51275	-4.45507	-0.584064	2.0389	2.40746	-1.87885	0.825236	-2.98351	-2.53079	-1.65069	-3.61923	1.56378	-0.15119
497	3.16523	-2.48514	-1.98628	2.36633	-1.81829	-2.03302	1.40094	-4.74412	0.388754	-3.07794	3.5412	-1.02557	3.95622	-1.11209	-4.51423	-0.369093
498	-0.239034	-2.72859	-4.11804	0.305899	1.68735	2.92086	-2.28664	4.8085	-1.2539	-0.270152	-2.72228	2.0954	1.11062	3.8415	0.260638	-0.0564661
499	3.62548	-3.14478	-2.37303	-3.19281	-0.177797	4.02792	-2.93693	-4.78904	-4.05003	-4.39573	-0.814615	4.90619	-0.507818	-0.328841	-0.653935	-0.239169
500	2.6642	2.45138	-1.88667	-3.5897	-2.81877	0.391042	3.5057	3.29185	-0.767459	-1.23366	1.91732	1.08776	1.39331	3.72451	-4.09003	-0.331695
