30/08/1992	0.55078534	0.540350877	0.496618357
31/08/1992	0.551832461	0.530994152	0.490821256
1/09/1992	0.552879581	0.520467836	0.485990338
2/09/1992	0.552879581	0.495906433	0.484057971
3/09/1992	0.545549738	0.451461988	0.496618357
4/09/1992	0.538219895	0.430409357	0.50821256
5/09/1992	0.530890052	0.407017544	0.492753623
6/09/1992	0.523560209	0.408187135	0.461835749
7/09/1992	0.516230366	0.411695906	0.430917874
8/09/1992	0.508900524	0.414035088	0.401932367
9/09/1992	0.501570681	0.402339181	0.384541063
10/09/1992	0.491099476	0.374269006	0.35942029
11/09/1992	0.480628272	0.354385965	0.323671498
12/09/1992	0.493193717	0.34619883	0.316908213
13/09/1992	0.491099476	0.350877193	0.317874396
14/09/1992	0.489005236	0.357894737	0.317874396
15/09/1992	0.486910995	0.361403509	0.317874396
16/09/1992	0.455497382	0.347368421	0.31884058
17/09/1992	0.416753927	0.306432749	0.31884058
18/09/1992	0.404188482	0.302923977	0.319806763
19/09/1992	0.4	0.338011696	0.319806763
20/09/1992	0.410122513	0.323976608	0.320772947
21/09/1992	0.420243979	0.305263158	0.320772947
22/09/1992	0.430366492	0.278362573	0.32173913
23/09/1992	0.330890052	0.230409357	0.32173913
24/09/1992	0.332984293	0.21871345	0.322705314
25/09/1992	0.332984293	0.222222222	0.316908213
26/09/1992	0.329842932	0.219883041	0.298550725
27/09/1992	0.337172775	0.244444444	0.304347826
28/09/1992	0.344502618	0.271345029	0.313043478
29/09/1992	0.351832461	0.298245614	0.322705314
30/09/1992	0.348691099	0.32748538	0.322705314
1/10/1992	0.351832461	0.349707602	0.277294686
2/10/1992	0.273298429	0.325146199	0.266666667
3/10/1992	0.212565445	0.311111111	0.262801932
4/10/1992	0.235863874	0.312280702	0.245410628
5/10/1992	0.259162304	0.315789474	0.226086957
6/10/1992	0.282460733	0.319298246	0.206763285
7/10/1992	0.305759162	0.314619883	0.193236715
8/10/1992	0.312041885	0.287719298	0.190338164
9/10/1992	0.289005236	0.277192982	0.192270531
10/10/1992	0.294240838	0.260818713	0.2
11/10/1992	0.29668377	0.240935673	0.206763285
12/10/1992	0.299127749	0.221052632	0.214492754
13/10/1992	0.301570681	0.205847953	0.220289855
14/10/1992	0.273298429	0.208187135	0.225120773
15/10/1992	0.265968586	0.212865497	0.229951691
16/10/1992	0.269109948	0.212865497	0.234782609
17/10/1992	0.237696335	0.21754386	0.220289855
18/10/1992	0.227748691	0.232748538	0.210628019
19/10/1992	0.217801047	0.249122807	0.202898551
20/10/1992	0.207853403	0.260818713	0.196135266
21/10/1992	0.197905759	0.25497076	0.195169082
22/10/1992	0.194764398	0.256140351	0.190338164
23/10/1992	0.19895288	0.269005848	0.194202899
24/10/1992	0.210471204	0.263157895	0.194202899
25/10/1992	0.217452356	0.256140351	0.192270531
26/10/1992	0.224432461	0.250292398	0.190338164
27/10/1992	0.231413613	0.243274854	0.190338164
28/10/1992	0.241884817	0.235087719	0.192270531
29/10/1992	0.237696335	0.230409357	0.193236715
30/10/1992	0.230366492	0.231578947	0.190338164
31/10/1992	0.22617801	0.229239766	0.199033816
1/11/1992	0.218499476	0.228070175	0.199033816
2/11/1992	0.210819895	0.228070175	0.198067633
3/11/1992	0.203141361	0.226900585	0.197101449
4/11/1992	0.196858639	0.229239766	0.196135266
5/11/1992	0.208376963	0.231578947	0.188405797
6/11/1992	0.192670157	0.228070175	0.192270531
7/11/1992	0.19895288	0.21754386	0.187439614
8/11/1992	0.20174555	0.221052632	0.187439614
9/11/1992	0.204537173	0.225730994	0.188405797
10/11/1992	0.207329843	0.226900585	0.182608696
11/11/1992	0.2	0.215204678	0.158454106
12/11/1992	0.207329843	0.207017544	0.155555556
13/11/1992	0.207329843	0.203508772	0.149758454
14/11/1992	0.216753927	0.201169591	0.142995169
15/11/1992	0.220243979	0.195321637	0.137198068
16/11/1992	0.223735079	0.189473684	0.13236715
17/11/1992	0.227225131	0.18245614	0.131400966
18/11/1992	0.209424084	0.173099415	0.137198068
19/11/1992	0.211518325	0.169590643	0.136231884
20/11/1992	0.203141361	0.160233918	0.138164251
21/11/1992	0.197905759	0.154385965	0.134299517
22/11/1992	0.189180105	0.149707602	0.134299517
23/11/1992	0.180453403	0.14502924	0.133333333
24/11/1992	0.171727749	0.140350877	0.133333333
25/11/1992	0.165445026	0.135672515	0.13236715
26/11/1992	0.159162304	0.135672515	0.131400966
27/11/1992	0.152879581	0.14619883	0.133333333
28/11/1992	0.156020942	0.147368421	0.133333333
29/11/1992	0.153228272	0.14502924	0.13236715
30/11/1992	0.150436649	0.142690058	0.13236715
1/12/1992	0.147643979	0.141520468	0.133333333
2/12/1992	0.159162304	0.14619883	0.140096618
3/12/1992	0.161256545	0.147368421	0.146859903
4/12/1992	0.158115183	0.148538012	0.157487923
5/12/1992	0.148691099	0.150877193	0.171980676
6/12/1992	0.148691099	0.149707602	0.17294686
7/12/1992	0.148691099	0.148538012	0.17294686
8/12/1992	0.148691099	0.148538012	0.171980676
9/12/1992	0.147643979	0.156725146	0.168115942
10/12/1992	0.143455497	0.171929825	0.151690821
11/12/1992	0.146596859	0.18128655	0.141062802
12/12/1992	0.15078534	0.184795322	0.134299517
13/12/1992	0.153228272	0.18245614	0.126570048
14/12/1992	0.155672251	0.180116959	0.119806763
15/12/1992	0.158115183	0.176608187	0.112077295
16/12/1992	0.161256545	0.173099415	0.10531401
17/12/1992	0.166492147	0.167251462	0.097584541
18/12/1992	0.17382199	0.150877193	0.093719807
19/12/1992	0.179057592	0.136842105	0.088888889
20/12/1992	0.187434555	0.129824561	0.084057971
21/12/1992	0.195811518	0.123976608	0.079227053
22/12/1992	0.204188482	0.118128655	0.075362319
23/12/1992	0.180104712	0.10994152	0.075362319
24/12/1992	0.164397906	0.099415205	0.074396135
25/12/1992	0.157068063	0.095906433	0.072463768
26/12/1992	0.148481675	0.092397661	0.076328502
27/12/1992	0.139895288	0.088888889	0.080193237
28/12/1992	0.131308901	0.086549708	0.084057971
29/12/1992	0.122722513	0.083040936	0.087922705
30/12/1992	0.114136126	0.081871345	0.088888889
31/12/1992	0.105759162	0.085380117	0.088888889
1/01/1993	0.10052356	0.085380117	0.090821256
2/01/1993	0.097120419	0.087719298	0.093719807
3/01/1993	0.093717277	0.09122807	0.097584541
4/01/1993	0.090314136	0.094736842	0.101449275
5/01/1993	0.086910995	0.099415205	0.104347826
6/01/1993	0.082722513	0.104093567	0.103381643
7/01/1993	0.082722513	0.112280702	0.101449275
8/01/1993	0.082722513	0.118128655	0.106280193
9/01/1993	0.084816754	0.126315789	0.112077295
10/01/1993	0.091797906	0.128654971	0.114009662
11/01/1993	0.09877801	0.130994152	0.115942029
12/01/1993	0.105759162	0.132163743	0.116908213
13/01/1993	0.097382199	0.134502924	0.117874396
14/01/1993	0.103664921	0.138011696	0.116908213
15/01/1993	0.109947644	0.147368421	0.113043478
16/01/1993	0.112041885	0.153216374	0.106280193
17/01/1993	0.112390576	0.152046784	0.103381643
18/01/1993	0.112740314	0.149707602	0.101449275
19/01/1993	0.113089005	0.148538012	0.098550725
20/01/1993	0.117277487	0.147368421	0.093719807
21/01/1993	0.122513089	0.152046784	0.083091787
22/01/1993	0.120418848	0.154385965	0.08115942
23/01/1993	0.126701571	0.150877193	0.079227053
24/01/1993	0.1274	0.14619883	0.082125604
25/01/1993	0.128097382	0.141520468	0.085990338
26/01/1993	0.128795812	0.134502924	0.088888889
27/01/1993	0.129842932	0.121637427	0.088888889
28/01/1993	0.128795812	0.113450292	0.088888889
29/01/1993	0.12460733	0.107602339	0.088888889
30/01/1993	0.119371728	0.102923977	0.089855072
31/01/1993	0.114921466	0.102923977	0.09178744
1/02/1993	0.110471204	0.102923977	0.09468599
2/02/1993	0.106020942	0.102923977	0.09468599
3/02/1993	0.101570681	0.102923977	0.09178744
4/02/1993	0.098429319	0.105263158	0.097584541
5/02/1993	0.095287958	0.106432749	0.106280193
6/02/1993	0.091099476	0.106432749	0.123671498
7/02/1993	0.091099476	0.106432749	0.134299517
8/02/1993	0.091099476	0.106432749	0.143961353
9/02/1993	0.091099476	0.106432749	0.154589372
10/02/1993	0.087958115	0.106432749	0.170048309
11/02/1993	0.087958115	0.10877193	0.187439614
12/02/1993	0.092146597	0.115789474	0.198067633
13/02/1993	0.090052356	0.129824561	0.208695652
14/02/1993	0.090401047	0.174269006	0.214492754
15/02/1993	0.090750785	0.219883041	0.220289855
16/02/1993	0.091099476	0.276023392	0.225120773
17/02/1993	0.095287958	0.360233918	0.228985507
18/02/1993	0.103664921	0.416374269	0.24057971
19/02/1993	0.119371728	0.438596491	0.245410628
20/02/1993	0.131937173	0.447953216	0.250241546
21/02/1993	0.15357801	0.446783626	0.259903382
22/02/1993	0.175217801	0.444444444	0.268599034
23/02/1993	0.196858639	0.438596491	0.276328502
24/02/1993	0.215706806	0.415204678	0.280193237
25/02/1993	0.235602094	0.407017544	0.28115942
26/02/1993	0.247120419	0.429239766	0.285024155
27/02/1993	0.247120419	0.405847953	0.286956522
28/02/1993	0.24921466	0.419883041	0.290821256
1/03/1993	0.251308901	0.437426901	0.295652174
2/03/1993	0.253403141	0.449122807	0.300483092
3/03/1993	0.260732984	0.43625731	0.309178744
4/03/1993	0.264921466	0.426900585	0.320772947
5/03/1993	0.276439791	0.430409357	0.331400966
6/03/1993	0.268062827	0.446783626	0.336231884
7/03/1993	0.279581152	0.471345029	0.341062802
8/03/1993	0.291099476	0.497076023	0.344927536
9/03/1993	0.302617801	0.522807018	0.348792271
10/03/1993	0.305759162	0.543859649	0.354589372
11/03/1993	0.414659686	0.550877193	0.367149758
12/03/1993	0.307853403	0.559064327	0.379710145
13/03/1993	0.304712042	0.58245614	0.389371981
14/03/1993	0.315183246	0.605847953	0.396135266
15/03/1993	0.32565445	0.628070175	0.402898551
16/03/1993	0.336125654	0.647953216	0.409661836
17/03/1993	0.34973822	0.659649123	0.416425121
18/03/1993	0.354973822	0.678362573	0.425120773
19/03/1993	0.372774869	0.715789474	0.428985507
20/03/1993	0.37591623	0.78128655	0.433816425
21/03/1993	0.386038743	0.795321637	0.44057971
22/03/1993	0.396160209	0.803508772	0.446376812
23/03/1993	0.406282723	0.810526316	0.453140097
24/03/1993	0.413612565	0.801169591	0.458937198
25/03/1993	0.416753927	0.771929825	0.463768116
26/03/1993	0.414659686	0.768421053	0.49178744
27/03/1993	0.421989529	0.761403509	0.528502415
28/03/1993	0.424782199	0.743859649	0.566183575
29/03/1993	0.427573822	0.726315789	0.603864734
30/03/1993	0.430366492	0.706432749	0.641545894
31/03/1993	0.440837696	0.685380117	0.679227053
1/04/1993	0.448167539	0.661988304	0.707246377
2/04/1993	0.454450262	0.63625731	0.692753623
3/04/1993	0.441884817	0.611695906	0.665700483
4/04/1993	0.479232461	0.594152047	0.606763285
5/04/1993	0.516579058	0.576608187	0.544927536
6/04/1993	0.553926702	0.560233918	0.506280193
7/04/1993	0.586387435	0.543859649	0.541062802
8/04/1993	0.609424084	0.528654971	0.529468599
9/04/1993	0.640837696	0.523976608	0.500483092
10/04/1993	0.653193717	0.518128655	0.485990338
11/04/1993	0.665549738	0.512280702	0.479227053
12/04/1993	0.677905759	0.506432749	0.473429952
13/04/1993	0.69026178	0.500584795	0.466666667
14/04/1993	0.702617801	0.49005848	0.457004831
15/04/1993	0.706806283	0.466666667	0.434782609
16/04/1993	0.651308901	0.447953216	0.41352657
17/04/1993	0.611518325	0.428070175	0.393236715
18/04/1993	0.582547644	0.408187135	0.373913043
19/04/1993	0.55357801	0.387134503	0.354589372
20/04/1993	0.52460733	0.368421053	0.336231884
21/04/1993	0.49947644	0.355555556	0.325603865
22/04/1993	0.496335079	0.338011696	0.324637681
23/04/1993	0.492146597	0.314619883	0.303381643
24/04/1993	0.484816754	0.293567251	0.296618357
25/04/1993	0.465183246	0.277192982	0.284057971
26/04/1993	0.445549738	0.260818713	0.270531401
27/04/1993	0.42591623	0.245614035	0.259903382
28/04/1993	0.406282723	0.229239766	0.255072464
29/04/1993	0.376963351	0.214035088	0.243478261
30/04/1993	0.348691099	0.196491228	0.245410628
1/05/1993	0.329842932	0.175438596	0.228985507
2/05/1993	0.320418848	0.168421053	0.222222222
3/05/1993	0.310994764	0.162573099	0.216425121
4/05/1993	0.301570681	0.157894737	0.211594203
5/05/1993	0.295287958	0.152046784	0.205797101
6/05/1993	0.269109948	0.149707602	0.196135266
7/05/1993	0.258219895	0.159064327	0.187439614
8/05/1993	0.247329843	0.175438596	0.182608696
9/05/1993	0.236439791	0.173099415	0.18647343
10/05/1993	0.225549738	0.168421053	0.190338164
11/05/1993	0.214659686	0.164912281	0.192270531
12/05/1993	0.208376963	0.164912281	0.184541063
13/05/1993	0.208376963	0.162573099	0.162318841
14/05/1993	0.194764398	0.177777778	0.173913043
15/05/1993	0.195811518	0.205847953	0.178743961
16/05/1993	0.185602094	0.215204678	0.183574879
17/05/1993	0.17539267	0.222222222	0.189371981
18/05/1993	0.165183246	0.229239766	0.198067633
19/05/1993	0.154973822	0.232748538	0.217391304
20/05/1993	0.158115183	0.229239766	0.225120773
21/05/1993	0.165445026	0.237426901	0.223188406
22/05/1993	0.171727749	0.235087719	0.222222222
23/05/1993	0.168586387	0.231578947	0.215458937
24/05/1993	0.165445026	0.228070175	0.207729469
25/05/1993	0.162303665	0.224561404	0.200966184
26/05/1993	0.158115183	0.219883041	0.2
27/05/1993	0.163350785	0.216374269	0.202898551
28/05/1993	0.17382199	0.211695906	0.196135266
29/05/1993	0.193717277	0.210526316	0.184541063
30/05/1993	0.20104712	0.210526316	0.189371981
31/05/1993	0.208376963	0.209356725	0.195169082
1/06/1993	0.215706806	0.209356725	0.201932367
2/06/1993	0.209424084	0.207017544	0.206763285
3/06/1993	0.207329843	0.203508772	0.205797101
4/06/1993	0.278534031	0.214035088	0.211594203
5/06/1993	0.193717277	0.214035088	0.214492754
6/06/1993	0.187085864	0.210526316	0.206763285
7/06/1993	0.180453403	0.207017544	0.197101449
8/06/1993	0.17382199	0.203508772	0.190338164
9/06/1993	0.184293194	0.198830409	0.190338164
10/06/1993	0.183246073	0.194152047	0.192270531
11/06/1993	0.182198953	0.196491228	0.199033816
12/06/1993	0.189528796	0.2	0.203864734
13/06/1993	0.190314136	0.203508772	0.203864734
14/06/1993	0.191099476	0.207017544	0.203864734
15/06/1993	0.191884817	0.210526316	0.202898551
16/06/1993	0.192670157	0.208187135	0.199033816
17/06/1993	0.202094241	0.184795322	0.189371981
18/06/1993	0.189528796	0.178947368	0.185507246
19/06/1993	0.183246073	0.174269006	0.188405797
20/06/1993	0.187783246	0.169590643	0.177777778
21/06/1993	0.192321466	0.164912281	0.165217391
22/06/1993	0.196858639	0.160233918	0.153623188
23/06/1993	0.195811518	0.156725146	0.147826087
24/06/1993	0.189528796	0.152046784	0.163285024
25/06/1993	0.189528796	0.152046784	0.166183575
26/06/1993	0.193717277	0.150877193	0.158454106
27/06/1993	0.183944503	0.148538012	0.160386473
28/06/1993	0.174170681	0.147368421	0.163285024
29/06/1993	0.164397906	0.14619883	0.163285024
30/06/1993	0.169633508	0.14502924	0.156521739
1/07/1993	0.168586387	0.147368421	0.155555556
2/07/1993	0.160209424	0.153216374	0.158454106
3/07/1993	0.160209424	0.161403509	0.168115942
4/07/1993	0.157853403	0.169590643	0.166183575
5/07/1993	0.155497382	0.178947368	0.164251208
6/07/1993	0.153141361	0.187134503	0.15942029
7/07/1993	0.15078534	0.189473684	0.147826087
8/07/1993	0.144502618	0.170760234	0.143961353
9/07/1993	0.152879581	0.161403509	0.137198068
10/07/1993	0.160209424	0.159064327	0.136231884
11/07/1993	0.15357801	0.152046784	0.139130435
12/07/1993	0.14694555	0.14502924	0.142028986
13/07/1993	0.140314136	0.142690058	0.14589372
14/07/1993	0.141361257	0.154385965	0.148792271
15/07/1993	0.14973822	0.157894737	0.14589372
16/07/1993	0.153926702	0.155555556	0.139130435
17/07/1993	0.151832461	0.141520468	0.138164251
18/07/1993	0.142059686	0.14502924	0.136231884
19/07/1993	0.132285864	0.150877193	0.134299517
20/07/1993	0.122513089	0.154385965	0.131400966
21/07/1993	0.123560209	0.152046784	0.12173913
22/07/1993	0.122513089	0.14502924	0.107246377
23/07/1993	0.132984293	0.141520468	0.088888889
24/07/1993	0.131937173	0.128654971	0.086956522
25/07/1993	0.133682723	0.114619883	0.087922705
26/07/1993	0.135427225	0.100584795	0.088888889
27/07/1993	0.137172775	0.086549708	0.090821256
28/07/1993	0.131937173	0.074853801	0.093719807
29/07/1993	0.132984293	0.070175439	0.089855072
30/07/1993	0.130890052	0.074853801	0.087922705
31/07/1993	0.135078534	0.078362573	0.082125604
1/08/1993	0.132285864	0.078362573	0.08115942
2/08/1993	0.129494241	0.079532164	0.080193237
3/08/1993	0.126701571	0.078362573	0.082125604
4/08/1993	0.084816754	0.073684211	0.087922705
5/08/1993	0.072251309	0.066666667	0.084057971
6/08/1993	0.068062827	0.056140351	0.083091787
7/08/1993	0.073298429	0.05497076	0.076328502
8/08/1993	0.074694241	0.058479532	0.079227053
9/08/1993	0.076091099	0.063157895	0.082125604
10/08/1993	0.077486911	0.066666667	0.085024155
11/08/1993	0.07434555	0.065497076	0.083091787
12/08/1993	0.080628272	0.057309942	0.080193237
13/08/1993	0.068062827	0.056140351	0.086956522
14/08/1993	0.061780105	0.063157895	0.087922705
15/08/1993	0.068062827	0.070175439	0.09178744
16/08/1993	0.07434555	0.077192982	0.096618357
17/08/1993	0.080628272	0.084210526	0.097584541
18/08/1993	0.069109948	0.09005848	0.085024155
19/08/1993	0.072251309	0.094736842	0.07826087
20/08/1993	0.054450262	0.093567251	0.074396135
21/08/1993	0.161256545	0.097076023	0.075362319
22/08/1993	0.131238743	0.100584795	0.076328502
23/08/1993	0.10122199	0.104093567	0.07826087
24/08/1993	0.071204188	0.100584795	0.07826087
25/08/1993	0.07539267	0.080701754	0.077294686
26/08/1993	0.080628272	0.080701754	0.09178744
27/08/1993	0.083769634	0.081871345	0.103381643
28/08/1993	0.092146597	0.083040936	0.11884058
29/08/1993	0.094939267	0.086549708	0.103381643
30/08/1993	0.09773089	0.088888889	0.085990338
31/08/1993	0.10052356	0.09122807	0.072463768
1/09/1993	0.073298429	0.093567251	0.076328502
2/09/1993	0.072251309	0.093567251	0.079227053
3/09/1993	0.069109948	0.087719298	0.070531401
4/09/1993	0.069109948	0.085380117	0.066666667
5/09/1993	0.069109948	0.084210526	0.06763285
6/09/1993	0.069109948	0.081871345	0.069565217
7/09/1993	0.069109948	0.080701754	0.070531401
8/09/1993	0.073298429	0.077192982	0.072463768
9/09/1993	0.089005236	0.070175439	0.06763285
10/09/1993	0.090052356	0.058479532	0.061835749
11/09/1993	0.07434555	0.060818713	0.063768116
12/09/1993	0.072949738	0.061988304	0.0647343
13/09/1993	0.07155288	0.063157895	0.0647343
14/09/1993	0.070157068	0.064327485	0.0647343
15/09/1993	0.069109948	0.060818713	0.061835749
16/09/1993	0.060732984	0.05380117	0.063768116
17/09/1993	0.054450262	0.05380117	0.066666667
18/09/1993	0.053403141	0.056140351	0.072463768
19/09/1993	0.057242932	0.057309942	0.073429952
20/09/1993	0.061081675	0.057309942	0.072463768
21/09/1993	0.064921466	0.057309942	0.072463768
22/09/1993	0.053403141	0.05497076	0.073429952
23/09/1993	0.055497382	0.058479532	0.075362319
24/09/1993	0.055497382	0.060818713	0.08115942
25/09/1993	0.062827225	0.074853801	0.095652174
26/09/1993	0.063175916	0.073684211	0.10821256
27/09/1993	0.063525654	0.071345029	0.120772947
28/09/1993	0.063874346	0.069005848	0.131400966
29/09/1993	0.062827225	0.067836257	0.138164251
30/09/1993	0.065968586	0.077192982	0.140096618
1/10/1993	0.072251309	0.09122807	0.142028986
2/10/1993	0.078534031	0.10877193	0.14589372
3/10/1993	0.077748691	0.119298246	0.149758454
4/10/1993	0.076963351	0.130994152	0.154589372
5/10/1993	0.07617801	0.141520468	0.15942029
6/10/1993	0.07539267	0.148538012	0.163285024
7/10/1993	0.083769634	0.141520468	0.166183575
8/10/1993	0.107853403	0.148538012	0.163285024
9/10/1993	0.12565445	0.161403509	0.162318841
10/10/1993	0.126701571	0.16374269	0.157487923
11/10/1993	0.127748691	0.16374269	0.152657005
12/10/1993	0.128795812	0.167251462	0.147826087
13/10/1993	0.136125654	0.177777778	0.143961353
14/10/1993	0.145549738	0.185964912	0.134299517
15/10/1993	0.146596859	0.192982456	0.133333333
16/10/1993	0.15078534	0.189473684	0.137198068
17/10/1993	0.156282723	0.18245614	0.13236715
18/10/1993	0.161780105	0.174269006	0.126570048
19/10/1993	0.167277487	0.167251462	0.120772947
20/10/1993	0.172774869	0.159064327	0.116908213
21/10/1993	0.169633508	0.152046784	0.115942029
22/10/1993	0.169633508	0.14502924	0.114975845
23/10/1993	0.165445026	0.141520468	0.113043478
24/10/1993	0.163002094	0.138011696	0.114975845
25/10/1993	0.160558115	0.135672515	0.116908213
26/10/1993	0.158115183	0.132163743	0.119806763
27/10/1993	0.144502618	0.128654971	0.122705314
28/10/1993	0.141361257	0.128654971	0.123671498
29/10/1993	0.141361257	0.12748538	0.125603865
30/10/1993	0.140314136	0.12748538	0.131400966
31/10/1993	0.135776963	0.12748538	0.125603865
1/11/1993	0.131238743	0.12748538	0.117874396
2/11/1993	0.126701571	0.12748538	0.119806763
3/11/1993	0.122513089	0.130994152	0.143961353
4/11/1993	0.118324607	0.135672515	0.142028986
5/11/1993	0.113089005	0.140350877	0.142028986
6/11/1993	0.122513089	0.148538012	0.140096618
7/11/1993	0.124258639	0.154385965	0.136231884
8/11/1993	0.126003141	0.159064327	0.133333333
9/11/1993	0.127748691	0.161403509	0.129468599
10/11/1993	0.126701571	0.152046784	0.124637681
11/11/1993	0.135078534	0.139181287	0.125603865
12/11/1993	0.147643979	0.148538012	0.124637681
13/11/1993	0.144502618	0.154385965	0.120772947
14/11/1993	0.148691099	0.154385965	0.116908213
15/11/1993	0.152879581	0.153216374	0.112077295
16/11/1993	0.157068063	0.150877193	0.107246377
17/11/1993	0.158115183	0.142690058	0.101449275
18/11/1993	0.163350785	0.142690058	0.096618357
19/11/1993	0.158115183	0.136842105	0.089855072
20/11/1993	0.158115183	0.133333333	0.086956522
21/11/1993	0.152181152	0.128654971	0.083091787
22/11/1993	0.146248168	0.125146199	0.079227053
23/11/1993	0.140314136	0.119298246	0.074396135
24/11/1993	0.140314136	0.111111111	0.070531401
25/11/1993	0.140314136	0.112280702	0.06763285
26/11/1993	0.140314136	0.10877193	0.068599034
27/11/1993	0.133246073	0.102923977	0.069565217
28/11/1993	0.12617801	0.098245614	0.066666667
29/11/1993	0.119109948	0.093567251	0.062801932
30/11/1993	0.112041885	0.09005848	0.059903382
1/12/1993	0.105759162	0.086549708	0.058937198
2/12/1993	0.113089005	0.084210526	0.061835749
3/12/1993	0.103664921	0.081871345	0.061835749
4/12/1993	0.095287958	0.078362573	0.060869565
5/12/1993	0.088306806	0.077192982	0.057971014
6/12/1993	0.081326702	0.076023392	0.056038647
7/12/1993	0.07434555	0.076023392	0.055072464
8/12/1993	0.07434555	0.080701754	0.056038647
9/12/1993	0.07434555	0.073684211	0.055072464
10/12/1993	0.07434555	0.071345029	0.057004831
11/12/1993	0.077486911	0.067836257	0.063768116
12/12/1993	0.077486911	0.066666667	0.070531401
13/12/1993	0.077486911	0.065497076	0.072463768
14/12/1993	0.077486911	0.065497076	0.073429952
15/12/1993	0.060732984	0.064327485	0.074396135
16/12/1993	0.067015707	0.064327485	0.074396135
17/12/1993	0.061780105	0.067836257	0.076328502
18/12/1993	0.057591623	0.07251462	0.07826087
19/12/1993	0.055846073	0.078362573	0.08115942
20/12/1993	0.054101571	0.084210526	0.084057971
21/12/1993	0.052356021	0.09005848	0.086956522
22/12/1993	0.053403141	0.092397661	0.090821256
23/12/1993	0.056544503	0.095906433	0.101449275
24/12/1993	0.054450262	0.099415205	0.116908213
25/12/1993	0.056544503	0.09122807	0.137198068
26/12/1993	0.061361257	0.093567251	0.158454106
27/12/1993	0.06617801	0.097076023	0.179710145
28/12/1993	0.070994764	0.100584795	0.2
29/12/1993	0.075811518	0.104093567	0.218357488
30/12/1993	0.080628272	0.112280702	0.233816425
31/12/1993	0.07434555	0.132163743	0.245410628
1/01/1994	0.182198953	0.14619883	0.260869565
2/01/1994	0.160209424	0.223391813	0.268599034
3/01/1994	0.138219895	0.307602339	0.276328502
4/01/1994	0.116230366	0.390643275	0.285990338
5/01/1994	0.094240838	0.464327485	0.30531401
6/01/1994	0.107853403	0.497076023	0.313043478
7/01/1994	0.129842932	0.515789474	0.31884058
8/01/1994	0.143455497	0.526315789	0.328502415
9/01/1994	0.171989529	0.513450292	0.350724638
10/01/1994	0.20052356	0.497076023	0.373913043
11/01/1994	0.229057592	0.480701754	0.396135266
12/01/1994	0.257591623	0.473684211	0.410628019
13/01/1994	0.273298429	0.494736842	0.418357488
14/01/1994	0.29947644	0.49005848	0.426086957
15/01/1994	0.303664921	0.49005848	0.434782609
16/01/1994	0.3274	0.495906433	0.436714976
17/01/1994	0.351134031	0.501754386	0.438647343
18/01/1994	0.37486911	0.507602339	0.441545894
19/01/1994	0.394764398	0.522807018	0.450241546
20/01/1994	0.391623037	0.548538012	0.453140097
21/01/1994	0.415706806	0.557894737	0.449275362
22/01/1994	0.42513089	0.562573099	0.446376812
23/01/1994	0.428970681	0.571929825	0.446376812
24/01/1994	0.432809424	0.58128655	0.446376812
25/01/1994	0.436649215	0.609356725	0.445410628
26/01/1994	0.436649215	0.686549708	0.443478261
27/01/1994	0.436649215	0.701754386	0.446376812
28/01/1994	0.436649215	0.711111111	0.448309179
29/01/1994	0.440837696	0.723976608	0.45410628
30/01/1994	0.458290052	0.747368421	0.459903382
31/01/1994	0.475741361	0.771929825	0.4647343
1/02/1994	0.493193717	0.795321637	0.471497585
2/02/1994	0.436649215	0.810526316	0.47826087
3/02/1994	0.439790576	0.81754386	0.482125604
4/02/1994	0.436649215	0.829239766	0.49468599
5/02/1994	0.445026178	0.833918129	0.498550725
6/02/1994	0.447120419	0.842105263	0.506280193
7/02/1994	0.44921466	0.850292398	0.514009662
8/02/1994	0.451308901	0.859649123	0.523671498
9/02/1994	0.47434555	0.866666667	0.537198068
10/02/1994	0.476439791	0.866666667	0.555555556
11/02/1994	0.485863874	0.850292398	0.594202899
12/02/1994	0.484816754	0.828070175	0.64057971
13/02/1994	0.490052356	0.821052632	0.673429952
14/02/1994	0.495287958	0.816374269	0.704347826
15/02/1994	0.50052356	0.807017544	0.736231884
16/02/1994	0.510994764	0.784795322	0.761352657
17/02/1994	0.530890052	0.773099415	0.765217391
18/02/1994	0.526701571	0.756725146	0.737198068
19/02/1994	0.539267016	0.74502924	0.72173913
20/02/1994	0.576264921	0.743859649	0.710144928
21/02/1994	0.613263874	0.74502924	0.698550725
22/02/1994	0.65026178	0.748538012	0.686956522
23/02/1994	0.672251309	0.747368421	0.675362319
24/02/1994	0.693193717	0.693567251	0.657004831
25/02/1994	0.718324607	0.646783626	0.618357488
26/02/1994	0.761256545	0.609356725	0.585507246
27/02/1994	0.75148377	0.58245614	0.562318841
28/02/1994	0.741709948	0.556725146	0.539130435
1/03/1994	0.731937173	0.530994152	0.516908213
2/03/1994	0.707853403	0.50994152	0.496618357
3/03/1994	0.705759162	0.487719298	0.487922705
4/03/1994	0.706806283	0.483040936	0.476328502
5/03/1994	0.679581152	0.492397661	0.460869565
6/03/1994	0.655235602	0.504093567	0.458937198
7/03/1994	0.630890052	0.516959064	0.459903382
8/03/1994	0.606544503	0.529824561	0.461835749
9/03/1994	0.582198953	0.535672515	0.471497585
10/03/1994	0.547643979	0.518128655	0.484057971
11/03/1994	0.537172775	0.492397661	0.489855072
12/03/1994	0.507853403	0.483040936	0.485990338
13/03/1994	0.487609424	0.471345029	0.476328502
14/03/1994	0.467364398	0.459649123	0.465700483
15/03/1994	0.447120419	0.450292398	0.453140097
16/03/1994	0.437696335	0.447953216	0.438647343
17/03/1994	0.457591623	0.446783626	0.432850242
18/03/1994	0.464921466	0.447953216	0.424154589
19/03/1994	0.468062827	0.447953216	0.417391304
20/03/1994	0.475741361	0.444444444	0.412560386
21/03/1994	0.483420942	0.439766082	0.406763285
22/03/1994	0.491099476	0.435087719	0.400966184
23/03/1994	0.498429319	0.430409357	0.397101449
24/03/1994	0.480628272	0.419883041	0.399033816
25/03/1994	0.47434555	0.410526316	0.397101449
26/03/1994	0.461780105	0.409356725	0.393236715
27/03/1994	0.455497382	0.397660819	0.387439614
28/03/1994	0.44921466	0.384795322	0.381642512
29/03/1994	0.442931937	0.371929825	0.378743961
30/03/1994	0.441884817	0.362573099	0.383574879
31/03/1994	0.437696335	0.349707602	0.384541063
1/04/1994	0.431413613	0.353216374	0.384541063
2/04/1994	0.42408377	0.355555556	0.378743961
3/04/1994	0.416753927	0.357894737	0.378743961
4/04/1994	0.409424084	0.360233918	0.379710145
5/04/1994	0.402094241	0.362573099	0.379710145
6/04/1994	0.394764398	0.364912281	0.375845411
7/04/1994	0.397905759	0.368421053	0.381642512
8/04/1994	0.386387435	0.374269006	0.38647343
9/04/1994	0.384293194	0.380116959	0.382608696
10/04/1994	0.381850262	0.38245614	0.377777778
11/04/1994	0.379406283	0.383625731	0.371980676
12/04/1994	0.376963351	0.38245614	0.367149758
13/04/1994	0.361256545	0.374269006	0.363285024
14/04/1994	0.363350785	0.369590643	0.368115942
15/04/1994	0.352879581	0.387134503	0.373913043
16/04/1994	0.362303665	0.411695906	0.373913043
17/04/1994	0.361256545	0.428070175	0.373913043
18/04/1994	0.360209424	0.443274854	0.374879227
19/04/1994	0.359162304	0.460818713	0.374879227
20/04/1994	0.362303665	0.487719298	0.375845411
21/04/1994	0.365445026	0.488888889	0.376811594
22/04/1994	0.357068063	0.45497076	0.376811594
23/04/1994	0.362303665	0.442105263	0.384541063
24/04/1994	0.366753927	0.442105263	0.387439614
25/04/1994	0.371204188	0.443274854	0.389371981
26/04/1994	0.37565445	0.444444444	0.393236715
27/04/1994	0.380104712	0.446783626	0.400966184
28/04/1994	0.380104712	0.458479532	0.403864734
29/04/1994	0.361256545	0.481871345	0.398067633
30/04/1994	0.357068063	0.500584795	0.399033816
1/05/1994	0.378010471	0.498245614	0.409661836
2/05/1994	0.39895288	0.493567251	0.420289855
3/05/1994	0.419895288	0.488888889	0.430917874
4/05/1994	0.386387435	0.484210526	0.44057971
5/05/1994	0.388481675	0.479532164	0.444444444
6/05/1994	0.383246073	0.476023392	0.451207729
7/05/1994	0.380104712	0.474853801	0.449275362
8/05/1994	0.389180105	0.484210526	0.452173913
9/05/1994	0.39825445	0.495906433	0.456038647
10/05/1994	0.407329843	0.506432749	0.459903382
11/05/1994	0.407329843	0.50994152	0.466666667
12/05/1994	0.432460733	0.481871345	0.471497585
13/05/1994	0.439790576	0.451461988	0.470531401
14/05/1994	0.427225131	0.50877193	0.4647343
15/05/1994	0.42591623	0.526315789	0.463768116
16/05/1994	0.42460733	0.539181287	0.462801932
17/05/1994	0.423298429	0.552046784	0.460869565
18/05/1994	0.421989529	0.56374269	0.456038647
19/05/1994	0.42513089	0.577777778	0.453140097
20/05/1994	0.437696335	0.596491228	0.453140097
21/05/1994	0.439790576	0.597660819	0.477294686
22/05/1994	0.439092147	0.580116959	0.487922705
23/05/1994	0.438394764	0.560233918	0.496618357
24/05/1994	0.437696335	0.54619883	0.499516908
25/05/1994	0.452356021	0.557894737	0.484057971
26/05/1994	0.453403141	0.587134503	0.479227053
27/05/1994	0.442931937	0.614035088	0.483091787
28/05/1994	0.468062827	0.607017544	0.480193237
29/05/1994	0.480104712	0.602339181	0.48115942
30/05/1994	0.492146597	0.597660819	0.482125604
31/05/1994	0.504188482	0.592982456	0.484057971
1/06/1994	0.516230366	0.591812865	0.493719807
2/06/1994	0.497382199	0.598830409	0.527536232
3/06/1994	0.480628272	0.595321637	0.536231884
4/06/1994	0.47539267	0.588304094	0.539130435
5/06/1994	0.475741361	0.578947368	0.547826087
6/06/1994	0.476091099	0.567251462	0.557487923
7/06/1994	0.476439791	0.552046784	0.561352657
8/06/1994	0.486910995	0.526315789	0.543961353
9/06/1994	0.519371728	0.513450292	0.544927536
10/06/1994	0.519371728	0.487719298	0.561352657
11/06/1994	0.54973822	0.476023392	0.552657005
12/06/1994	0.547120419	0.479532164	0.544927536
13/06/1994	0.544502618	0.485380117	0.538164251
14/06/1994	0.541884817	0.49122807	0.531400966
15/06/1994	0.539267016	0.498245614	0.524637681
16/06/1994	0.523560209	0.512280702	0.515942029
17/06/1994	0.510994764	0.52748538	0.512077295
18/06/1994	0.532984293	0.542690058	0.50531401
19/06/1994	0.5274	0.542690058	0.496618357
20/06/1994	0.52181466	0.540350877	0.488888889
21/06/1994	0.516230366	0.535672515	0.483091787
22/06/1994	0.518324607	0.521637427	0.484057971
23/06/1994	0.521465969	0.511111111	0.479227053
24/06/1994	0.534031414	0.495906433	0.485990338
25/06/1994	0.526701571	0.505263158	0.486956522
26/06/1994	0.513612565	0.502923977	0.492753623
27/06/1994	0.50052356	0.500584795	0.498550725
28/06/1994	0.487434555	0.495906433	0.50531401
29/06/1994	0.47434555	0.481871345	0.512077295
30/06/1994	0.489005236	0.469005848	0.514009662
1/07/1994	0.494240838	0.447953216	0.50821256
2/07/1994	0.486910995	0.430409357	0.500483092
3/07/1994	0.488306806	0.430409357	0.495652174
4/07/1994	0.489703665	0.431578947	0.490821256
5/07/1994	0.491099476	0.433918129	0.486956522
6/07/1994	0.502617801	0.438596491	0.485024155
7/07/1994	0.505759162	0.435087719	0.483091787
8/07/1994	0.503664921	0.43625731	0.485024155
9/07/1994	0.513089005	0.443274854	0.488888889
10/07/1994	0.510646073	0.43625731	0.484057971
11/07/1994	0.508202094	0.426900585	0.47826087
12/07/1994	0.505759162	0.426900585	0.472463768
13/07/1994	0.493193717	0.447953216	0.46763285
14/07/1994	0.493193717	0.433918129	0.465700483
15/07/1994	0.487958115	0.415204678	0.4647343
16/07/1994	0.472251309	0.443274854	0.466666667
17/07/1994	0.462478534	0.457309942	0.472463768
18/07/1994	0.452704712	0.469005848	0.47826087
19/07/1994	0.442931937	0.480701754	0.479227053
20/07/1994	0.433507853	0.487719298	0.468599034
21/07/1994	0.436649215	0.484210526	0.471497585
22/07/1994	0.437696335	0.474853801	0.460869565
23/07/1994	0.419895288	0.450292398	0.456038647
24/07/1994	0.419633508	0.45497076	0.462801932
25/07/1994	0.419371728	0.461988304	0.469565217
26/07/1994	0.419109948	0.469005848	0.474396135
27/07/1994	0.418848168	0.476023392	0.472463768
28/07/1994	0.417801047	0.486549708	0.477294686
29/07/1994	0.419895288	0.498245614	0.484057971
30/07/1994	0.42617801	0.493567251	0.472463768
31/07/1994	0.424782199	0.518128655	0.474396135
1/08/1994	0.42338534	0.54502924	0.47826087
2/08/1994	0.421989529	0.561403509	0.47826087
3/08/1994	0.432460733	0.549707602	0.468599034
4/08/1994	0.428272251	0.571929825	0.470531401
5/08/1994	0.429319372	0.594152047	0.475362319
6/08/1994	0.430366492	0.601169591	0.484057971
7/08/1994	0.427225131	0.614035088	0.485024155
8/08/1994	0.42408377	0.626900585	0.484057971
9/08/1994	0.420942408	0.639766082	0.490821256
10/08/1994	0.415706806	0.652631579	0.514009662
11/08/1994	0.441884817	0.666666667	0.507246377
12/08/1994	0.442931937	0.684210526	0.50821256
13/08/1994	0.461780105	0.699415205	0.504347826
14/08/1994	0.461780105	0.706432749	0.503381643
15/08/1994	0.461780105	0.713450292	0.503381643
16/08/1994	0.461780105	0.719298246	0.50531401
17/08/1994	0.462827225	0.72748538	0.514975845
18/08/1994	0.47539267	0.741520468	0.520772947
19/08/1994	0.476439791	0.747368421	0.527536232
20/08/1994	0.477486911	0.753216374	0.531400966
21/08/1994	0.489703665	0.757894737	0.531400966
22/08/1994	0.501919372	0.76374269	0.530434783
23/08/1994	0.514136126	0.769590643	0.5352657
24/08/1994	0.512041885	0.774269006	0.548792271
25/08/1994	0.509947644	0.780116959	0.542028986
26/08/1994	0.52460733	0.784795322	0.544927536
27/08/1994	0.52460733	0.787134503	0.533333333
28/08/1994	0.517277487	0.789473684	0.539130435
29/08/1994	0.509947644	0.791812865	0.54589372
30/08/1994	0.502617801	0.796491228	0.556521739
31/08/1994	0.496335079	0.812865497	0.576811594
1/09/1994	0.496335079	0.830409357	0.579710145
2/09/1994	0.521465969	0.844444444	0.571014493
3/09/1994	0.506806283	0.845614035	0.581642512
4/09/1994	0.507853403	0.852631579	0.582608696
5/09/1994	0.508900524	0.860818713	0.582608696
6/09/1994	0.509947644	0.867836257	0.583574879
7/09/1994	0.512041885	0.874853801	0.587439614
8/09/1994	0.535078534	0.879532164	0.593236715
9/09/1994	0.52565445	0.885380117	0.596135266
10/09/1994	0.516230366	0.89005848	0.591304348
11/09/1994	0.506806283	0.89005848	0.58647343
12/09/1994	0.497382199	0.89122807	0.581642512
13/09/1994	0.487958115	0.89122807	0.576811594
14/09/1994	0.489005236	0.892397661	0.573913043
15/09/1994	0.489005236	0.895906433	0.575845411
16/09/1994	0.496335079	0.907602339	0.566183575
17/09/1994	0.503664921	0.912280702	0.557487923
18/09/1994	0.503664921	0.915789474	0.555555556
19/09/1994	0.503664921	0.919298246	0.554589372
20/09/1994	0.503664921	0.922807018	0.554589372
21/09/1994	0.504712042	0.926315789	0.55942029
22/09/1994	0.538219895	0.930994152	0.576811594
23/09/1994	0.543455497	0.936842105	0.571014493
24/09/1994	0.592670157	0.934502924	0.583574879
25/09/1994	0.587783246	0.940350877	0.584541063
26/09/1994	0.582897382	0.947368421	0.582608696
27/09/1994	0.578010471	0.955555556	0.581642512
28/09/1994	0.556020942	0.959064327	0.580676329
29/09/1994	0.55078534	0.956725146	0.579710145
30/09/1994	0.590575916	0.975438596	0.577777778
1/10/1994	0.587434555	0.98245614	0.58647343
2/10/1994	0.595183246	0.988304094	0.592270531
3/10/1994	0.602931937	0.994152047	0.598067633
4/10/1994	0.610680628	1	0.604830918
5/10/1994	0.618429319	0.994152047	0.612560386
6/10/1994	0.62617801	0.953216374	0.629951691
7/10/1994	0.633507853	0.936842105	0.636714976
8/10/1994	0.648167539	0.94619883	0.648309179
9/10/1994	0.662827225	0.938011696	0.660869565
10/10/1994	0.677486911	0.929824561	0.672463768
11/10/1994	0.692146597	0.922807018	0.682125604
12/10/1994	0.694240838	0.921637427	0.685990338
13/10/1994	0.692146597	0.923976608	0.686956522
14/10/1994	0.692146597	0.932163743	0.69178744
15/10/1994	0.729842932	0.929824561	0.70531401
16/10/1994	0.735078534	0.92748538	0.720772947
17/10/1994	0.740314136	0.925146199	0.736231884
18/10/1994	0.745549738	0.922807018	0.746859903
19/10/1994	0.752879581	0.920467836	0.739130435
20/10/1994	0.763350785	0.911111111	0.738164251
21/10/1994	0.760209424	0.900584795	0.764251208
22/10/1994	0.744502618	0.892397661	0.777777778
23/10/1994	0.766840838	0.898245614	0.787439614
24/10/1994	0.789180105	0.905263158	0.797101449
25/10/1994	0.811518325	0.907602339	0.805797101
26/10/1994	0.816753927	0.899415205	0.812560386
27/10/1994	0.786387435	0.901754386	0.811594203
28/10/1994	0.819895288	0.906432749	0.816425121
29/10/1994	0.821989529	0.905263158	0.822222222
30/10/1994	0.832112042	0.886549708	0.838647343
31/10/1994	0.842233508	0.864327485	0.856038647
1/11/1994	0.852356021	0.843274854	0.86763285
2/11/1994	0.877486911	0.822222222	0.865700483
3/11/1994	0.869109948	0.804678363	0.890821256
4/11/1994	0.869109948	0.798830409	0.889855072
5/11/1994	0.863874346	0.795321637	0.895652174
6/11/1994	0.8726	0.795321637	0.899516908
7/11/1994	0.881326702	0.796491228	0.902415459
8/11/1994	0.890052356	0.788304094	0.907246377
9/11/1994	0.90052356	0.76374269	0.915942029
10/11/1994	0.913089005	0.783625731	0.92173913
11/11/1994	0.910994764	0.759064327	0.924637681
12/11/1994	0.937172775	0.753216374	0.923671498
13/11/1994	0.942670157	0.752046784	0.933333333
14/11/1994	0.948167539	0.749707602	0.944927536
15/11/1994	0.953664921	0.748538012	0.953623188
16/11/1994	0.959162304	0.748538012	0.953623188
17/11/1994	0.941361257	0.753216374	0.955555556
18/11/1994	0.945549738	0.757894737	0.961352657
19/11/1994	0.970680628	0.757894737	0.969082126
20/11/1994	0.978359162	0.734502924	0.973913043
21/11/1994	0.986038743	0.70994152	0.977777778
22/11/1994	0.993717277	0.687719298	0.981642512
23/11/1994	0.985340314	0.677192982	0.983574879
24/11/1994	0.983246073	0.667836257	0.991304348
25/11/1994	1	0.658479532	0.987439614
26/11/1994	0.991623037	0.649122807	0.988405797
27/11/1994	0.988132984	0.639766082	0.983574879
28/11/1994	0.984641885	0.630409357	0.978743961
29/11/1994	0.981151832	0.621052632	0.977777778
30/11/1994	0.960209424	0.612865497	0.987439614
1/12/1994	0.980104712	0.608187135	0.984541063
2/12/1994	0.991623037	0.604678363	0.983574879
3/12/1994	0.983246073	0.6	0.980676329
4/12/1994	0.97591623	0.596491228	0.987439614
5/12/1994	0.968586387	0.591812865	0.995169082
6/12/1994	0.961256545	0.588304094	1
7/12/1994	0.959162304	0.583625731	0.997101449
8/12/1994	0.964397906	0.580116959	0.999033816
9/12/1994	0.962303665	0.571929825	0.98647343
10/12/1994	0.964397906	0.549707602	0.985507246
11/12/1994	0.956020942	0.541520468	0.980676329
12/12/1994	0.947643979	0.534502924	0.975845411
13/12/1994	0.939267016	0.526315789	0.970048309
14/12/1994	0.940314136	0.523976608	0.965217391
15/12/1994	0.912041885	0.534502924	0.962318841
16/12/1994	0.97486911	0.536842105	0.963285024
17/12/1994	0.985340314	0.530994152	0.946859903
18/12/1994	0.958813613	0.525146199	0.94589372
19/12/1994	0.932285864	0.519298246	0.94589372
20/12/1994	0.905759162	0.513450292	0.946859903
21/12/1994	0.901570681	0.512280702	0.944927536
22/12/1994	0.922513089	0.513450292	0.9352657
23/12/1994	0.917277487	0.513450292	0.936231884
24/12/1994	0.897382199	0.516959064	0.942995169
25/12/1994	0.892984293	0.519298246	0.927536232
26/12/1994	0.888586387	0.521637427	0.909178744
27/12/1994	0.884188482	0.523976608	0.893719807
28/12/1994	0.879790576	0.52748538	0.893719807
29/12/1994	0.87539267	0.529824561	0.901449275
30/12/1994	0.880628272	0.532163743	0.899516908
31/12/1994	0.859685864	0.534502924	0.883091787
1/01/1995	0.856544503	0.538011696	0.87826087
2/01/1995	0.853403141	0.540350877	0.875362319
3/01/1995	0.85026178	0.542690058	0.874396135
4/01/1995	0.847120419	0.54502924	0.88115942
5/01/1995	0.85026178	0.548538012	0.87826087
6/01/1995	0.84921466	0.550877193	0.875362319
7/01/1995	0.842931937	0.553216374	0.883091787
8/01/1995	0.834554974	0.555555556	0.869565217
9/01/1995	0.82617801	0.559064327	0.855072464
10/01/1995	0.817801047	0.561403509	0.843478261
11/01/1995	0.816753927	0.562573099	0.846376812
12/01/1995	0.819895288	0.557894737	0.845410628
13/01/1995	0.817801047	0.556725146	0.842512077
14/01/1995	0.811518325	0.569590643	0.838647343
15/01/1995	0.80104712	0.569590643	0.837681159
16/01/1995	0.790575916	0.567251462	0.835748792
17/01/1995	0.780104712	0.571929825	0.834782609
18/01/1995	0.77382199	0.587134503	0.830917874
19/01/1995	0.77382199	0.577777778	0.818357488
20/01/1995	0.796858639	0.597660819	0.810628019
21/01/1995	0.794764398	0.592982456	0.820289855
22/01/1995	0.783944503	0.591812865	0.816425121
23/01/1995	0.77312356	0.590643275	0.811594203
24/01/1995	0.762303665	0.597660819	0.803864734
25/01/1995	0.769633508	0.628070175	0.789371981
26/01/1995	0.759162304	0.630409357	0.78647343
27/01/1995	0.740314136	0.632748538	0.781642512
28/01/1995	0.721465969	0.635087719	0.775845411
29/01/1995	0.734729843	0.637426901	0.770048309
30/01/1995	0.74799267	0.639766082	0.763285024
31/01/1995	0.761256545	0.642105263	0.753623188
1/02/1995	0.763350785	0.645614035	0.7352657
2/02/1995	0.751832461	0.652631579	0.73236715
3/02/1995	0.767539267	0.649122807	0.750724638
4/02/1995	0.761256545	0.644444444	0.74589372
5/02/1995	0.760558115	0.639766082	0.744927536
6/02/1995	0.759860733	0.635087719	0.744927536
7/02/1995	0.759162304	0.630409357	0.742028986
8/02/1995	0.740314136	0.629239766	0.730434783
9/02/1995	0.763350785	0.625730994	0.717874396
10/02/1995	0.717277487	0.642105263	0.712077295
11/02/1995	0.760209424	0.666666667	0.704347826
12/02/1995	0.737172775	0.652631579	0.703381643
13/02/1995	0.714136126	0.633918129	0.702415459
14/02/1995	0.691099476	0.61871345	0.700483092
15/02/1995	0.684816754	0.612865497	0.693719807
16/02/1995	0.679581152	0.610526316	0.683091787
17/02/1995	0.677486911	0.609356725	0.68115942
18/02/1995	0.67539267	0.611695906	0.677294686
19/02/1995	0.667364398	0.614035088	0.666666667
20/02/1995	0.659337173	0.616374269	0.655072464
21/02/1995	0.651308901	0.609356725	0.650241546
22/02/1995	0.648167539	0.580116959	0.65410628
23/02/1995	0.658638743	0.594152047	0.628019324
24/02/1995	0.656544503	0.594152047	0.652173913
25/02/1995	0.660732984	0.588304094	0.646376812
26/02/1995	0.662478534	0.58128655	0.645410628
27/02/1995	0.664223037	0.574269006	0.645410628
28/02/1995	0.665968586	0.575438596	0.645410628
1/03/1995	0.671204188	0.597660819	0.645410628
2/03/1995	0.669109948	0.605847953	0.644444444
3/03/1995	0.671204188	0.61871345	0.650241546
4/03/1995	0.668062827	0.592982456	0.659903382
5/03/1995	0.667714136	0.591812865	0.661835749
6/03/1995	0.667364398	0.595321637	0.662801932
7/03/1995	0.667015707	0.597660819	0.663768116
8/03/1995	0.666667016	0.6	0.6647343
9/03/1995	0.666317277	0.602339181	0.669565217
10/03/1995	0.665968586	0.605847953	0.668599034
11/03/1995	0.665968586	0.607017544	0.672463768
12/03/1995	0.665968586	0.592982456	0.674396135
13/03/1995	0.665968586	0.577777778	0.675362319
14/03/1995	0.665968586	0.564912281	0.67826087
15/03/1995	0.665968586	0.567251462	0.684057971
16/03/1995	0.668586387	0.577777778	0.685024155
17/03/1995	0.671204188	0.567251462	0.693719807
18/03/1995	0.673298429	0.562573099	0.69178744
19/03/1995	0.660384293	0.557894737	0.690821256
20/03/1995	0.64746911	0.553216374	0.689855072
21/03/1995	0.634554974	0.550877193	0.688888889
22/03/1995	0.708900524	0.550877193	0.687922705
23/03/1995	0.664921466	0.525146199	0.687922705
24/03/1995	0.660732984	0.512280702	0.687922705
25/03/1995	0.662827225	0.500584795	0.704347826
26/03/1995	0.663874346	0.488888889	0.698550725
27/03/1995	0.664921466	0.478362573	0.690821256
28/03/1995	0.665968586	0.467836257	0.685024155
29/03/1995	0.671204188	0.461988304	0.685024155
30/03/1995	0.646073298	0.457309942	0.688888889
31/03/1995	0.671204188	0.450292398	0.690821256
1/04/1995	0.659685864	0.438596491	0.689855072
2/04/1995	0.659685864	0.430409357	0.686956522
3/04/1995	0.659685864	0.423391813	0.685024155
4/04/1995	0.659685864	0.428070175	0.683091787
5/04/1995	0.659685864	0.461988304	0.683091787
6/04/1995	0.660209424	0.457309942	0.689855072
7/04/1995	0.660732984	0.449122807	0.686956522
8/04/1995	0.655497382	0.443274854	0.679227053
9/04/1995	0.65026178	0.444444444	0.677294686
10/04/1995	0.645026178	0.446783626	0.676328502
11/04/1995	0.639790576	0.45380117	0.674396135
12/04/1995	0.634554974	0.477192982	0.672463768
13/04/1995	0.629319372	0.488888889	0.671497585
14/04/1995	0.631064921	0.512280702	0.670531401
15/04/1995	0.632809424	0.522807018	0.66763285
16/04/1995	0.634554974	0.530994152	0.670531401
17/04/1995	0.636300524	0.540350877	0.673429952
18/04/1995	0.638045026	0.549707602	0.677294686
19/04/1995	0.639790576	0.557894737	0.683091787
20/04/1995	0.628272251	0.566081871	0.69178744
21/04/1995	0.628795812	0.570760234	0.695652174
22/04/1995	0.629319372	0.58128655	0.686956522
23/04/1995	0.664712042	0.574269006	0.683091787
24/04/1995	0.700104712	0.564912281	0.680193237
25/04/1995	0.735497382	0.559064327	0.677294686
26/04/1995	0.770890052	0.568421053	0.672463768
27/04/1995	0.806282723	0.571929825	0.663768116
28/04/1995	0.710471204	0.554385965	0.669565217
29/04/1995	0.614659686	0.554385965	0.684057971
30/04/1995	0.616405236	0.564912281	0.689855072
1/05/1995	0.618149738	0.576608187	0.695652174
2/05/1995	0.619895288	0.584795322	0.701449275
3/05/1995	0.620942408	0.58128655	0.704347826
4/05/1995	0.62408377	0.58128655	0.702415459
5/05/1995	0.620942408	0.583625731	0.707246377
6/05/1995	0.617801047	0.591812865	0.700483092
7/05/1995	0.616753927	0.592982456	0.69178744
8/05/1995	0.615706806	0.591812865	0.684057971
9/05/1995	0.614659686	0.597660819	0.673429952
10/05/1995	0.613612565	0.616374269	0.659903382
11/05/1995	0.608376963	0.602339181	0.6647343
12/05/1995	0.603141361	0.621052632	0.683091787
13/05/1995	0.597905759	0.6	0.673429952
14/05/1995	0.593455497	0.602339181	0.657004831
15/05/1995	0.589005236	0.608187135	0.639613527
16/05/1995	0.584554974	0.614035088	0.621256039
17/05/1995	0.580104712	0.61871345	0.598067633
18/05/1995	0.582198953	0.619883041	0.588405797
19/05/1995	0.580104712	0.619883041	0.573913043
20/05/1995	0.576963351	0.61871345	0.543961353
21/05/1995	0.558813613	0.61871345	0.526570048
22/05/1995	0.540662827	0.61754386	0.510144928
23/05/1995	0.522513089	0.626900585	0.497584541
24/05/1995	0.519371728	0.651461988	0.497584541
25/05/1995	0.808376963	0.61871345	0.500483092
26/05/1995	0.494240838	0.626900585	0.511111111
27/05/1995	0.498429319	0.616374269	0.529468599
28/05/1995	0.532460733	0.603508772	0.540096618
29/05/1995	0.566492147	0.590643275	0.550724638
30/05/1995	0.60052356	0.589473684	0.561352657
31/05/1995	0.634554974	0.61754386	0.575845411
1/06/1995	0.47539267	0.583625731	0.598067633
2/06/1995	0.489005236	0.567251462	0.612560386
3/06/1995	0.486910995	0.553216374	0.625120773
4/06/1995	0.496335079	0.538011696	0.621256039
5/06/1995	0.505759162	0.523976608	0.615458937
6/06/1995	0.515183246	0.50877193	0.603864734
7/06/1995	0.52460733	0.494736842	0.582608696
8/06/1995	0.526701571	0.479532164	0.573913043
9/06/1995	0.529842932	0.465497076	0.536231884
10/06/1995	0.535078534	0.451461988	0.512077295
11/06/1995	0.562827225	0.43625731	0.49178744
12/06/1995	0.590575916	0.422222222	0.470531401
13/06/1995	0.618324607	0.407017544	0.450241546
14/06/1995	0.646073298	0.392982456	0.426086957
15/06/1995	0.635602094	0.378947368	0.393236715
16/06/1995	0.610471204	0.36374269	0.368115942
17/06/1995	0.587434555	0.349707602	0.339130435
18/06/1995	0.568586387	0.334502924	0.336231884
19/06/1995	0.54973822	0.320467836	0.336231884
20/06/1995	0.530890052	0.305263158	0.336231884
21/06/1995	0.514136126	0.29122807	0.32173913
22/06/1995	0.52460733	0.277192982	0.266666667
23/06/1995	0.493193717	0.261988304	0.249275362
24/06/1995	0.491099476	0.247953216	0.234782609
25/06/1995	0.489005236	0.232748538	0.232850242
26/06/1995	0.486910995	0.21871345	0.230917874
27/06/1995	0.484816754	0.222222222	0.229951691
28/06/1995	0.482722513	0.270175439	0.230917874
29/06/1995	0.427748691	0.240935673	0.232850242
30/06/1995	0.372774869	0.225730994	0.201932367
1/07/1995	0.378010471	0.212865497	0.203864734
2/07/1995	0.338219895	0.203508772	0.211594203
3/07/1995	0.298429319	0.192982456	0.219323671
4/07/1995	0.258638743	0.195321637	0.222222222
5/07/1995	0.242931937	0.226900585	0.212560386
6/07/1995	0.227225131	0.216374269	0.220289855
7/07/1995	0.22617801	0.219883041	0.257004831
8/07/1995	0.22617801	0.228070175	0.31884058
9/07/1995	0.224432461	0.25497076	0.33236715
10/07/1995	0.222687958	0.283040936	0.341062802
11/07/1995	0.220942408	0.311111111	0.347826087
12/07/1995	0.220942408	0.341520468	0.324637681
13/07/1995	0.211518325	0.375438596	0.239613527
14/07/1995	0.202094241	0.395321637	0.21352657
15/07/1995	0.22617801	0.425730994	0.205797101
16/07/1995	0.219546597	0.321637427	0.212560386
17/07/1995	0.212914136	0.264327485	0.220289855
18/07/1995	0.206282723	0.235087719	0.226086957
19/07/1995	0.22513089	0.225730994	0.229951691
20/07/1995	0.220942408	0.197660819	0.235748792
21/07/1995	0.267015707	0.202339181	0.21352657
22/07/1995	0.313089005	0.239766082	0.194202899
23/07/1995	0.285863874	0.238596491	0.185507246
24/07/1995	0.258638743	0.232748538	0.176811594
25/07/1995	0.231413613	0.231578947	0.171980676
26/07/1995	0.208376963	0.229239766	0.178743961
27/07/1995	0.208376963	0.175438596	0.179710145
28/07/1995	0.194764398	0.157894737	0.156521739
29/07/1995	0.2	0.160233918	0.166183575
30/07/1995	0.201395812	0.168421053	0.188405797
31/07/1995	0.20279267	0.177777778	0.211594203
1/08/1995	0.204188482	0.190643275	0.231884058
2/08/1995	0.204188482	0.21754386	0.24057971
3/08/1995	0.210471204	0.245614035	0.252173913
4/08/1995	0.215706806	0.270175439	0.280193237
5/08/1995	0.170680628	0.264327485	0.29468599
6/08/1995	0.176264921	0.256140351	0.286956522
7/08/1995	0.181850262	0.246783626	0.277294686
8/08/1995	0.187434555	0.247953216	0.269565217
9/08/1995	0.187434555	0.297076023	0.270531401
10/08/1995	0.215706806	0.364912281	0.269565217
11/08/1995	0.210471204	0.339181287	0.263768116
12/08/1995	0.220942408	0.341520468	0.25410628
13/08/1995	0.22792356	0.332163743	0.238647343
14/08/1995	0.234903665	0.321637427	0.223188406
15/08/1995	0.241884817	0.316959064	0.212560386
16/08/1995	0.265968586	0.326315789	0.218357488
17/08/1995	0.273298429	0.319298246	0.21352657
18/08/1995	0.262827225	0.313450292	0.210628019
19/08/1995	0.264921466	0.287719298	0.200966184
20/08/1995	0.264223037	0.276023392	0.198067633
21/08/1995	0.263525654	0.266666667	0.195169082
22/08/1995	0.262827225	0.259649123	0.193236715
23/08/1995	0.252356021	0.264327485	0.195169082
24/08/1995	0.220942408	0.247953216	0.191304348
25/08/1995	0.241884817	0.232748538	0.175845411
26/08/1995	0.248167539	0.249122807	0.190338164
27/08/1995	0.241536126	0.246783626	0.197101449
28/08/1995	0.234903665	0.242105263	0.201932367
29/08/1995	0.228272251	0.230409357	0.204830918
30/08/1995	0.218848168	0.196491228	0.198067633
31/08/1995	0.220942408	0.190643275	0.185507246
1/09/1995	0.220942408	0.184795322	0.175845411
2/09/1995	0.220942408	0.178947368	0.169082126
3/09/1995	0.209075393	0.194152047	0.163285024
4/09/1995	0.19720733	0.210526316	0.158454106
5/09/1995	0.185340314	0.228070175	0.153623188
6/09/1995	0.232460733	0.240935673	0.149758454
7/09/1995	0.232460733	0.231578947	0.151690821
8/09/1995	0.210471204	0.194152047	0.149758454
9/09/1995	0.215706806	0.183625731	0.142028986
10/09/1995	0.209075393	0.174269006	0.136231884
11/09/1995	0.202442932	0.16374269	0.129468599
12/09/1995	0.195811518	0.155555556	0.125603865
13/09/1995	0.192670157	0.155555556	0.128502415
14/09/1995	0.190575916	0.161403509	0.113043478
15/09/1995	0.192670157	0.16374269	0.103381643
16/09/1995	0.189528796	0.149707602	0.095652174
17/09/1995	0.181413613	0.142690058	0.095652174
18/09/1995	0.173298429	0.135672515	0.097584541
19/09/1995	0.165183246	0.129824561	0.098550725
20/09/1995	0.157068063	0.122807018	0.100483092
21/09/1995	0.154973822	0.116959064	0.106280193
22/09/1995	0.152879581	0.111111111	0.113043478
23/09/1995	0.147643979	0.10877193	0.123671498
24/09/1995	0.141709948	0.097076023	0.136231884
25/09/1995	0.135776963	0.084210526	0.149758454
26/09/1995	0.129842932	0.079532164	0.163285024
27/09/1995	0.115183246	0.101754386	0.175845411
28/09/1995	0.123560209	0.112280702	0.189371981
29/09/1995	0.114136126	0.142690058	0.193236715
30/09/1995	0.110994764	0.18128655	0.168115942
1/10/1995	0.113874346	0.257309942	0.165217391
2/10/1995	0.116753927	0.336842105	0.165217391
3/10/1995	0.119633508	0.416374269	0.170048309
4/10/1995	0.122513089	0.50877193	0.194202899
5/10/1995	0.121465969	0.628070175	0.205797101
6/10/1995	0.14973822	0.65497076	0.220289855
7/10/1995	0.147643979	0.638596491	0.241545894
8/10/1995	0.159510995	0.616374269	0.25410628
9/10/1995	0.171379058	0.592982456	0.265700483
10/10/1995	0.183246073	0.559064327	0.270531401
11/10/1995	0.185340314	0.504093567	0.258937198
12/10/1995	0.184293194	0.50994152	0.26763285
13/10/1995	0.212565445	0.521637427	0.259903382
14/10/1995	0.216753927	0.530994152	0.285990338
15/10/1995	0.219196859	0.516959064	0.290821256
16/10/1995	0.221640838	0.499415205	0.292753623
17/10/1995	0.22408377	0.494736842	0.29468599
18/10/1995	0.22617801	0.536842105	0.303381643
19/10/1995	0.228272251	0.535672515	0.325603865
20/10/1995	0.256544503	0.446783626	0.341062802
21/10/1995	0.258638743	0.45380117	0.377777778
22/10/1995	0.257591623	0.473684211	0.42705314
23/10/1995	0.256544503	0.494736842	0.477294686
24/10/1995	0.255497382	0.518128655	0.520772947
25/10/1995	0.27539267	0.539181287	0.537198068
26/10/1995	0.273298429	0.529824561	0.526570048
27/10/1995	0.304712042	0.516959064	0.49468599
28/10/1995	0.302617801	0.504093567	0.492753623
29/10/1995	0.302617801	0.49122807	0.482125604
30/10/1995	0.302617801	0.478362573	0.470531401
31/10/1995	0.302617801	0.471345029	0.459903382
1/11/1995	0.29947644	0.485380117	0.455072464
2/11/1995	0.571727749	0.506432749	0.455072464
3/11/1995	0.552879581	0.534502924	0.468599034
4/11/1995	0.553926702	0.556725146	0.465700483
5/11/1995	0.533682723	0.559064327	0.459903382
6/11/1995	0.513437696	0.560233918	0.45410628
7/11/1995	0.493193717	0.560233918	0.448309179
8/11/1995	0.493193717	0.555555556	0.445410628
9/11/1995	0.481675393	0.530994152	0.453140097
10/11/1995	0.484816754	0.492397661	0.4647343
11/11/1995	0.464921466	0.452631579	0.468599034
12/11/1995	0.463874346	0.435087719	0.480193237
13/11/1995	0.462827225	0.41871345	0.492753623
14/11/1995	0.461780105	0.402339181	0.504347826
15/11/1995	0.44921466	0.391812865	0.512077295
16/11/1995	0.446073298	0.401169591	0.516908213
17/11/1995	0.440837696	0.409356725	0.520772947
18/11/1995	0.472251309	0.402339181	0.528502415
19/11/1995	0.482722513	0.401169591	0.53236715
20/11/1995	0.493193717	0.4	0.536231884
21/11/1995	0.503664921	0.4	0.534299517
22/11/1995	0.508900524	0.404678363	0.519806763
23/11/1995	0.503664921	0.423391813	0.514975845
24/11/1995	0.514136126	0.41871345	0.490821256
25/11/1995	0.519371728	0.426900585	0.480193237
26/11/1995	0.515881675	0.43625731	0.475362319
27/11/1995	0.512390576	0.445614035	0.471497585
28/11/1995	0.508900524	0.456140351	0.468599034
29/11/1995	0.514136126	0.465497076	0.470531401
30/11/1995	0.512041885	0.470175439	0.465700483
1/12/1995	0.514136126	0.459649123	0.462801932
2/12/1995	0.514136126	0.45380117	0.457004831
3/12/1995	0.488306806	0.471345029	0.448309179
4/12/1995	0.462478534	0.49122807	0.438647343
5/12/1995	0.436649215	0.500584795	0.430917874
6/12/1995	0.430366492	0.481871345	0.437681159
7/12/1995	0.431413613	0.492397661	0.458937198
8/12/1995	0.404188482	0.483040936	0.462801932
9/12/1995	0.408376963	0.483040936	0.459903382
10/12/1995	0.408028272	0.492397661	0.458937198
11/12/1995	0.407678534	0.501754386	0.458937198
12/12/1995	0.407329843	0.512280702	0.457971014
13/12/1995	0.408376963	0.520467836	0.457971014
14/12/1995	0.409424084	0.523976608	0.457971014
15/12/1995	0.407329843	0.522807018	0.461835749
16/12/1995	0.423036649	0.536842105	0.458937198
17/12/1995	0.427225131	0.552046784	0.459903382
18/12/1995	0.431413613	0.567251462	0.461835749
19/12/1995	0.435602094	0.583625731	0.463768116
20/12/1995	0.432460733	0.603508772	0.4647343
21/12/1995	0.508900524	0.602339181	0.463768116
22/12/1995	0.432460733	0.591812865	0.46763285
23/12/1995	0.430366492	0.589473684	0.465700483
24/12/1995	0.433298429	0.587134503	0.461835749
25/12/1995	0.436230366	0.584795322	0.458937198
26/12/1995	0.439162304	0.58245614	0.457004831
27/12/1995	0.442094241	0.580116959	0.459903382
28/12/1995	0.445026178	0.583625731	0.460869565
29/12/1995	0.446073298	0.608187135	0.466666667
30/12/1995	0.44921466	0.635087719	0.472463768
31/12/1995	0.456020942	0.661988304	0.47826087
1/01/1996	0.462827225	0.69005848	0.485024155
2/01/1996	0.469633508	0.716959064	0.490821256
3/01/1996	0.476439791	0.702923977	0.489855072
4/01/1996	0.461780105	0.571929825	0.472463768
5/01/1996	0.461780105	0.553216374	0.500483092
6/01/1996	0.480628272	0.54619883	0.503381643
7/01/1996	0.484816754	0.533333333	0.489855072
8/01/1996	0.489005236	0.519298246	0.474396135
9/01/1996	0.493193717	0.505263158	0.461835749
10/01/1996	0.493193717	0.492397661	0.472463768
11/01/1996	0.52565445	0.488888889	0.529468599
12/01/1996	0.529842932	0.494736842	0.5352657
13/01/1996	0.535078534	0.498245614	0.5352657
14/01/1996	0.537696335	0.501754386	0.5352657
15/01/1996	0.540314136	0.505263158	0.5352657
16/01/1996	0.542931937	0.50877193	0.5352657
17/01/1996	0.545549738	0.519298246	0.538164251
18/01/1996	0.505759162	0.54502924	0.552657005
19/01/1996	0.503664921	0.553216374	0.55942029
20/01/1996	0.504973822	0.562573099	0.556521739
21/01/1996	0.506282723	0.552046784	0.554589372
22/01/1996	0.507591623	0.539181287	0.552657005
23/01/1996	0.508900524	0.526315789	0.550724638
24/01/1996	0.503664921	0.513450292	0.549758454
25/01/1996	0.576963351	0.499415205	0.549758454
26/01/1996	0.576963351	0.485380117	0.561352657
27/01/1996	0.576963351	0.480701754	0.566183575
28/01/1996	0.576963351	0.476023392	0.580676329
29/01/1996	0.576963351	0.471345029	0.596135266
30/01/1996	0.576963351	0.464327485	0.606763285
31/01/1996	0.576963351	0.457309942	0.597101449
1/02/1996	0.57382199	0.478362573	0.593236715
2/02/1996	0.571727749	0.513450292	0.611594203
3/02/1996	0.566492147	0.514619883	0.608695652
4/02/1996	0.571379058	0.501754386	0.610628019
5/02/1996	0.576264921	0.488888889	0.61352657
6/02/1996	0.581151832	0.474853801	0.616425121
7/02/1996	0.579057592	0.464327485	0.616425121
8/02/1996	0.576963351	0.466666667	0.609661836
9/02/1996	0.579057592	0.470175439	0.600966184
10/02/1996	0.582198953	0.47251462	0.593236715
11/02/1996	0.599651309	0.474853801	0.592270531
12/02/1996	0.617102618	0.477192982	0.591304348
13/02/1996	0.634554974	0.487719298	0.591304348
14/02/1996	0.603664921	0.526315789	0.595169082
15/02/1996	0.572774869	0.533333333	0.587439614
16/02/1996	0.57486911	0.529824561	0.578743961
17/02/1996	0.572774869	0.500584795	0.564251208
18/02/1996	0.568935079	0.494736842	0.563285024
19/02/1996	0.565096335	0.49005848	0.562318841
20/02/1996	0.561256545	0.485380117	0.562318841
21/02/1996	0.561256545	0.483040936	0.561352657
22/02/1996	0.561256545	0.481871345	0.558454106
23/02/1996	0.566492147	0.45497076	0.551690821
24/02/1996	0.566492147	0.477192982	0.524637681
25/02/1996	0.562652356	0.463157895	0.52173913
26/02/1996	0.558813613	0.445614035	0.52173913
27/02/1996	0.554973822	0.429239766	0.519806763
28/02/1996	0.556020942	0.416374269	0.511111111
29/02/1996	0.553926702	0.411695906	0.50531401
1/03/1996	0.551832461	0.41754386	0.510144928
2/03/1996	0.566492147	0.377777778	0.501449275
3/03/1996	0.543979058	0.383625731	0.501449275
4/03/1996	0.521465969	0.395321637	0.501449275
5/03/1996	0.49895288	0.390643275	0.503381643
6/03/1996	0.476439791	0.353216374	0.50531401
7/03/1996	0.471204188	0.388304094	0.50821256
8/03/1996	0.470157068	0.394152047	0.519806763
9/03/1996	0.471204188	0.395321637	0.524637681
10/03/1996	0.47408377	0.396491228	0.517874396
11/03/1996	0.476963351	0.396491228	0.509178744
12/03/1996	0.479842932	0.397660819	0.502415459
13/03/1996	0.482722513	0.398830409	0.499516908
14/03/1996	0.484816754	0.398830409	0.487922705
15/03/1996	0.482722513	0.4	0.47826087
16/03/1996	0.477486911	0.401169591	0.476328502
17/03/1996	0.470855497	0.402339181	0.477294686
18/03/1996	0.464223037	0.402339181	0.47826087
19/03/1996	0.457591623	0.403508772	0.480193237
20/03/1996	0.447120419	0.404678363	0.48115942
21/03/1996	0.446073298	0.404678363	0.468599034
22/03/1996	0.446073298	0.405847953	0.470531401
23/03/1996	0.451308901	0.407017544	0.465700483
24/03/1996	0.459685864	0.408187135	0.460869565
25/03/1996	0.468062827	0.408187135	0.456038647
26/03/1996	0.476439791	0.408187135	0.451207729
27/03/1996	0.477486911	0.405847953	0.443478261
28/03/1996	0.477486911	0.404678363	0.428019324
29/03/1996	0.476439791	0.408187135	0.417391304
30/03/1996	0.482722513	0.410526316	0.416425121
31/03/1996	0.470855497	0.423391813	0.406763285
1/04/1996	0.458987435	0.437426901	0.396135266
2/04/1996	0.447120419	0.445614035	0.390338164
3/04/1996	0.446073298	0.452631579	0.401932367
4/04/1996	0.446073298	0.485380117	0.411594203
5/04/1996	0.445026178	0.374269006	0.417391304
6/04/1996	0.442094241	0.368421053	0.417391304
7/04/1996	0.439162304	0.374269006	0.415458937
8/04/1996	0.436230366	0.380116959	0.41352657
9/04/1996	0.433298429	0.385964912	0.409661836
10/04/1996	0.430366492	0.390643275	0.4
11/04/1996	0.404188482	0.394152047	0.398067633
12/04/1996	0.42513089	0.395321637	0.399033816
13/04/1996	0.446073298	0.383625731	0.399033816
14/04/1996	0.440139267	0.373099415	0.394202899
15/04/1996	0.434206283	0.362573099	0.389371981
16/04/1996	0.428272251	0.350877193	0.38647343
17/04/1996	0.430366492	0.333333333	0.390338164
18/04/1996	0.435602094	0.322807018	0.389371981
19/04/1996	0.487958115	0.332163743	0.38647343
20/04/1996	0.435602094	0.32748538	0.383574879
21/04/1996	0.439092147	0.332163743	0.379710145
22/04/1996	0.442583246	0.336842105	0.375845411
23/04/1996	0.446073298	0.342690058	0.373913043
24/04/1996	0.430366492	0.352046784	0.376811594
25/04/1996	0.430366492	0.338011696	0.378743961
26/04/1996	0.418848168	0.333333333	0.374879227
27/04/1996	0.407329843	0.329824561	0.371980676
28/04/1996	0.395811518	0.329824561	0.374879227
29/04/1996	0.384293194	0.329824561	0.377777778
30/04/1996	0.372774869	0.334502924	0.379710145
1/05/1996	0.370680628	0.347368421	0.376811594
2/05/1996	0.367539267	0.319298246	0.368115942
3/05/1996	0.367539267	0.30994152	0.35942029
4/05/1996	0.369633508	0.322807018	0.356521739
5/05/1996	0.366492147	0.320467836	0.350724638
6/05/1996	0.363350785	0.321637427	0.344927536
7/05/1996	0.360209424	0.307602339	0.339130435
8/05/1996	0.34973822	0.312280702	0.334299517
9/05/1996	0.351832461	0.298245614	0.334299517
10/05/1996	0.35078534	0.300584795	0.333333333
11/05/1996	0.351832461	0.315789474	0.336231884
12/05/1996	0.351134031	0.32748538	0.334299517
13/05/1996	0.350436649	0.339181287	0.33236715
14/05/1996	0.34973822	0.347368421	0.330434783
15/05/1996	0.351832461	0.343859649	0.330434783
16/05/1996	0.352879581	0.349707602	0.325603865
17/05/1996	0.34973822	0.354385965	0.319806763
18/05/1996	0.34973822	0.348538012	0.311111111
19/05/1996	0.344502618	0.343859649	0.30821256
20/05/1996	0.339267016	0.338011696	0.30531401
21/05/1996	0.334031414	0.332163743	0.304347826
22/05/1996	0.328795812	0.326315789	0.313043478
23/05/1996	0.330890052	0.320467836	0.319806763
24/05/1996	0.328795812	0.314619883	0.324637681
25/05/1996	0.334031414	0.30877193	0.324637681
26/05/1996	0.335427225	0.304093567	0.320772947
27/05/1996	0.336824084	0.298245614	0.315942029
28/05/1996	0.338219895	0.292397661	0.311111111
29/05/1996	0.319371728	0.286549708	0.313043478
30/05/1996	0.303664921	0.280701754	0.331400966
31/05/1996	0.315183246	0.278362573	0.329468599
1/06/1996	0.309947644	0.284210526	0.3352657
2/06/1996	0.308202094	0.292397661	0.333333333
3/06/1996	0.306457592	0.300584795	0.330434783
4/06/1996	0.304712042	0.307602339	0.327536232
5/06/1996	0.304712042	0.312280702	0.326570048
6/06/1996	0.316230366	0.301754386	0.328502415
7/06/1996	0.317277487	0.287719298	0.329468599
8/06/1996	0.314136126	0.273684211	0.323671498
9/06/1996	0.310732984	0.274853801	0.325603865
10/06/1996	0.307329843	0.277192982	0.328502415
11/06/1996	0.303926702	0.280701754	0.33236715
12/06/1996	0.30052356	0.279532164	0.340096618
13/06/1996	0.30052356	0.267836257	0.334299517
14/06/1996	0.286910995	0.269005848	0.342995169
15/06/1996	0.291099476	0.285380117	0.342995169
16/06/1996	0.285863874	0.294736842	0.338164251
17/06/1996	0.280628272	0.301754386	0.333333333
18/06/1996	0.27539267	0.30994152	0.330434783
19/06/1996	0.280628272	0.319298246	0.330434783
20/06/1996	0.280628272	0.329824561	0.325603865
21/06/1996	0.283769634	0.333333333	0.314009662
22/06/1996	0.283769634	0.348538012	0.313043478
23/06/1996	0.291448168	0.349707602	0.311111111
24/06/1996	0.299127749	0.349707602	0.309178744
25/06/1996	0.306806283	0.349707602	0.306280193
26/06/1996	0.309947644	0.347368421	0.302415459
27/06/1996	0.306282723	0.34502924	0.302415459
28/06/1996	0.302617801	0.360233918	0.300483092
29/06/1996	0.303664921	0.362573099	0.311111111
30/06/1996	0.304363351	0.362573099	0.326570048
1/07/1996	0.305060733	0.36374269	0.342028986
2/07/1996	0.305759162	0.362573099	0.351690821
3/07/1996	0.294240838	0.360233918	0.342028986
4/07/1996	0.296335079	0.357894737	0.334299517
5/07/1996	0.294240838	0.348538012	0.311111111
6/07/1996	0.294240838	0.316959064	0.286956522
7/07/1996	0.290052356	0.307602339	0.28115942
8/07/1996	0.285863874	0.300584795	0.277294686
9/07/1996	0.281675393	0.295906433	0.274396135
10/07/1996	0.283769634	0.292397661	0.276328502
11/07/1996	0.285863874	0.278362573	0.266666667
12/07/1996	0.32565445	0.266666667	0.239613527
13/07/1996	0.334031414	0.258479532	0.206763285
14/07/1996	0.333246073	0.252631579	0.181642512
15/07/1996	0.332460733	0.246783626	0.158454106
16/07/1996	0.331675393	0.237426901	0.139130435
17/07/1996	0.330890052	0.212865497	0.142995169
18/07/1996	0.328272251	0.194152047	0.168115942
19/07/1996	0.32565445	0.192982456	0.190338164
20/07/1996	0.260732984	0.176608187	0.198067633
21/07/1996	0.253403141	0.170760234	0.199033816
22/07/1996	0.246073298	0.164912281	0.199033816
23/07/1996	0.238743455	0.166081871	0.204830918
24/07/1996	0.231413613	0.185964912	0.215458937
25/07/1996	0.231413613	0.191812865	0.184541063
26/07/1996	0.231413613	0.188304094	0.175845411
27/07/1996	0.231413613	0.187134503	0.175845411
28/07/1996	0.206282723	0.187134503	0.166183575
29/07/1996	0.181151832	0.185964912	0.154589372
30/07/1996	0.156020942	0.184795322	0.148792271
31/07/1996	0.158115183	0.178947368	0.157487923
1/08/1996	0.190575916	0.173099415	0.15942029
2/08/1996	0.189528796	0.164912281	0.161352657
3/08/1996	0.189528796	0.155555556	0.160386473
4/08/1996	0.179057592	0.159064327	0.15942029
5/08/1996	0.168586387	0.16374269	0.15942029
6/08/1996	0.158115183	0.166081871	0.157487923
7/08/1996	0.160209424	0.166081871	0.156521739
8/08/1996	0.158115183	0.173099415	0.171980676
9/08/1996	0.159162304	0.180116959	0.185507246
10/08/1996	0.163350785	0.184795322	0.185507246
11/08/1996	0.161256545	0.184795322	0.18647343
12/08/1996	0.159162304	0.18245614	0.18647343
13/08/1996	0.157068063	0.184795322	0.181642512
14/08/1996	0.157068063	0.196491228	0.161352657
15/08/1996	0.165445026	0.203508772	0.169082126
16/08/1996	0.156020942	0.208187135	0.168115942
17/08/1996	0.147643979	0.203508772	0.166183575
18/08/1996	0.148342408	0.196491228	0.166183575
19/08/1996	0.149039791	0.188304094	0.167149758
20/08/1996	0.14973822	0.18128655	0.167149758
21/08/1996	0.156020942	0.176608187	0.165217391
22/08/1996	0.179057592	0.175438596	0.164251208
23/08/1996	0.179057592	0.180116959	0.165217391
24/08/1996	0.180104712	0.180116959	0.161352657
25/08/1996	0.179756021	0.180116959	0.161352657
26/08/1996	0.179406283	0.178947368	0.160386473
27/08/1996	0.179057592	0.18128655	0.158454106
28/08/1996	0.153926702	0.188304094	0.150724638
29/08/1996	0.165445026	0.192982456	0.140096618
30/08/1996	0.163350785	0.192982456	0.136231884
31/08/1996	0.166492147	0.184795322	0.13236715
1/09/1996	0.163699476	0.183625731	0.129468599
2/09/1996	0.160907853	0.18128655	0.126570048
3/09/1996	0.158115183	0.178947368	0.124637681
4/09/1996	0.158115183	0.173099415	0.123671498
5/09/1996	0.156020942	0.166081871	0.12173913
6/09/1996	0.160209424	0.160233918	0.120772947
7/09/1996	0.158115183	0.155555556	0.122705314
8/09/1996	0.154275393	0.150877193	0.130434783
9/09/1996	0.150436649	0.14619883	0.137198068
10/09/1996	0.146596859	0.139181287	0.1352657
11/09/1996	0.129842932	0.12748538	0.100483092
12/09/1996	0.131937173	0.134502924	0.088888889
13/09/1996	0.126701571	0.12748538	0.087922705
14/09/1996	0.128795812	0.123976608	0.082125604
15/09/1996	0.129144503	0.125146199	0.083091787
16/09/1996	0.129494241	0.12748538	0.084057971
17/09/1996	0.129842932	0.128654971	0.083091787
18/09/1996	0.116230366	0.125146199	0.082125604
19/09/1996	0.121465969	0.114619883	0.103381643
20/09/1996	0.123560209	0.105263158	0.097584541
21/09/1996	0.114136126	0.102923977	0.07826087
22/09/1996	0.12181466	0.104093567	0.074396135
23/09/1996	0.129494241	0.105263158	0.072463768
24/09/1996	0.137172775	0.102923977	0.069565217
25/09/1996	0.095287958	0.088888889	0.068599034
26/09/1996	0.10052356	0.080701754	0.068599034
27/09/1996	0.104712042	0.085380117	0.0647343
28/09/1996	0.095287958	0.087719298	0.06763285
29/09/1996	0.088306806	0.085380117	0.070531401
30/09/1996	0.081326702	0.081871345	0.073429952
1/10/1996	0.07434555	0.078362573	0.074396135
2/10/1996	0.07434555	0.069005848	0.071497585
3/10/1996	0.079581152	0.060818713	0.071497585
4/10/1996	0.07434555	0.058479532	0.06763285
5/10/1996	0.07434555	0.063157895	0.065700483
6/10/1996	0.073298429	0.066666667	0.06763285
7/10/1996	0.072251309	0.069005848	0.069565217
8/10/1996	0.071204188	0.07251462	0.070531401
9/10/1996	0.070157068	0.07251462	0.071497585
10/10/1996	0.069109948	0.070175439	0.069565217
11/10/1996	0.069109948	0.076023392	0.074396135
12/10/1996	0.07434555	0.064327485	0.074396135
13/10/1996	0.076091099	0.065497076	0.075362319
14/10/1996	0.077835602	0.066666667	0.075362319
15/10/1996	0.079581152	0.067836257	0.076328502
16/10/1996	0.077486911	0.070175439	0.08115942
17/10/1996	0.079581152	0.071345029	0.07826087
18/10/1996	0.07539267	0.07251462	0.080193237
19/10/1996	0.07434555	0.074853801	0.083091787
20/10/1996	0.075043979	0.076023392	0.085990338
21/10/1996	0.075741361	0.077192982	0.087922705
22/10/1996	0.076439791	0.079532164	0.089855072
23/10/1996	0.079581152	0.080701754	0.09178744
24/10/1996	0.076439791	0.081871345	0.100483092
25/10/1996	0.079581152	0.084210526	0.103381643
26/10/1996	0.080628272	0.085380117	0.106280193
27/10/1996	0.081675393	0.086549708	0.103381643
28/10/1996	0.082722513	0.088888889	0.099516908
29/10/1996	0.083769634	0.093567251	0.095652174
30/10/1996	0.079581152	0.113450292	0.087922705
31/10/1996	0.077486911	0.12748538	0.082125604
1/11/1996	0.07434555	0.129824561	0.079227053
2/11/1996	0.07539267	0.132163743	0.077294686
3/11/1996	0.07713822	0.121637427	0.073429952
4/11/1996	0.078882723	0.10994152	0.068599034
5/11/1996	0.080628272	0.100584795	0.063768116
6/11/1996	0.096335079	0.101754386	0.058937198
7/11/1996	0.096335079	0.099415205	0.053140097
8/11/1996	0.105759162	0.093567251	0.047342995
9/11/1996	0.116230366	0.087719298	0.04057971
10/11/1996	0.110994764	0.081871345	0.034782609
11/11/1996	0.105759162	0.074853801	0.029951691
12/11/1996	0.10052356	0.069005848	0.026086957
13/11/1996	0.097382199	0.063157895	0.021256039
14/11/1996	0.105759162	0.057309942	0.014492754
15/11/1996	0.103664921	0.050292398	0.010628019
16/11/1996	0.105759162	0.044444444	0.006763285
17/11/1996	0.102966492	0.038596491	0.006763285
18/11/1996	0.100174869	0.032748538	0.007729469
19/11/1996	0.097382199	0.026900585	0.006763285
20/11/1996	0.053403141	0.025730994	0.000966184
21/11/1996	0.057591623	0.023391813	0
22/11/1996	0.037696335	0.022222222	0
23/11/1996	0.028272251	0.023391813	0.000966184
24/11/1996	0.02617801	0.019883041	0.002898551
25/11/1996	0.02408377	0.015204678	0.005797101
26/11/1996	0.021989529	0.010526316	0.007729469
27/11/1996	0.02408377	0.005847953	0.009661836
28/11/1996	0.021989529	0.001169591	0.009661836
29/11/1996	0.021989529	0	0.010628019
30/11/1996	0.02408377	0	0.010628019
1/12/1996	0.017452356	0.002339181	0.012560386
2/12/1996	0.010819895	0.004678363	0.015458937
3/12/1996	0.004188482	0.008187135	0.018357488
4/12/1996	0.006282723	0.012865497	0.018357488
5/12/1996	0.00104712	0.016374269	0.018357488
6/12/1996	0.00104712	0.014035088	0.019323671
7/12/1996	0	0.012865497	0.021256039
8/12/1996	0.004537173	0.015204678	0.025120773
9/12/1996	0.009075393	0.01871345	0.028985507
10/12/1996	0.013612565	0.022222222	0.030917874
11/12/1996	0.011518325	0.024561404	0.029951691
12/12/1996	0.006282723	0.025730994	0.032850242
13/12/1996	0.012565445	0.022222222	0.035748792
14/12/1996	0.011518325	0.01871345	0.04057971
15/12/1996	0.013263874	0.019883041	0.048309179
16/12/1996	0.015008377	0.021052632	0.057004831
17/12/1996	0.016753927	0.022222222	0.066666667
18/12/1996	0.013612565	0.024561404	0.079227053
19/12/1996	0.018848168	0.025730994	0.093719807
20/12/1996	0.011518325	0.024561404	0.102415459
21/12/1996	0.011518325	0.025730994	0.093719807
22/12/1996	0.017452356	0.038596491	0.100483092
23/12/1996	0.02338534	0.052631579	0.109178744
24/12/1996	0.029319372	0.086549708	0.114975845
25/12/1996	0.029319372	0.197660819	0.111111111
26/12/1996	0.030366492	0.315789474	0.115942029
27/12/1996	0.031413613	0.433918129	0.114975845
28/12/1996	0.032460733	0.538011696	0.120772947
29/12/1996	0.05026178	0.585964912	0.125603865
30/12/1996	0.068062827	0.628070175	0.130434783
31/12/1996	0.085863874	0.652631579	0.1352657
1/01/1997	0.090052356	0.609356725	0.141062802
2/01/1997	0.094764398	0.560233918	0.146859903
3/01/1997	0.09947644	0.511111111	0.148792271
4/01/1997	0.108900524	0.466666667	0.155555556
5/01/1997	0.111343455	0.442105263	0.160386473
6/01/1997	0.113787435	0.419883041	0.166183575
7/01/1997	0.116230366	0.396491228	0.174879227
8/01/1997	0.126701571	0.374269006	0.191304348
9/01/1997	0.128795812	0.350877193	0.195169082
10/01/1997	0.128795812	0.328654971	0.205797101
11/01/1997	0.142408377	0.312280702	0.220289855
12/01/1997	0.151134031	0.323976608	0.25410628
13/01/1997	0.159860733	0.339181287	0.288888889
14/01/1997	0.168586387	0.352046784	0.323671498
15/01/1997	0.148691099	0.357894737	0.357487923
16/01/1997	0.172774869	0.359064327	0.390338164
17/01/1997	0.17486911	0.350877193	0.42705314
18/01/1997	0.17382199	0.342690058	0.450241546
19/01/1997	0.248865969	0.338011696	0.470531401
20/01/1997	0.323908901	0.333333333	0.489855072
21/01/1997	0.39895288	0.332163743	0.506280193
22/01/1997	0.404188482	0.338011696	0.514009662
23/01/1997	0.406282723	0.34619883	0.51884058
24/01/1997	0.443979058	0.352046784	0.509178744
25/01/1997	0.451308901	0.354385965	0.446376812
26/01/1997	0.471727749	0.34502924	0.428985507
27/01/1997	0.492146597	0.333333333	0.417391304
28/01/1997	0.512565445	0.322807018	0.403864734
29/01/1997	0.532984293	0.315789474	0.38647343
30/01/1997	0.535078534	0.315789474	0.370048309
31/01/1997	0.507853403	0.298245614	0.358454106
1/02/1997	0.506806283	0.283040936	0.34589372
2/02/1997	0.458638743	0.284210526	0.350724638
3/02/1997	0.410471204	0.286549708	0.357487923
4/02/1997	0.362303665	0.29122807	0.35942029
5/02/1997	0.367539267	0.305263158	0.344927536
6/02/1997	0.338219895	0.321637427	0.334299517
7/02/1997	0.330890052	0.336842105	0.336231884
8/02/1997	0.345549738	0.348538012	0.336231884
9/02/1997	0.340662827	0.342690058	0.337198068
10/02/1997	0.335776963	0.335672515	0.338164251
11/02/1997	0.330890052	0.32748538	0.340096618
12/02/1997	0.334031414	0.319298246	0.346859903
13/02/1997	0.332984293	0.313450292	0.354589372
14/02/1997	0.330890052	0.315789474	0.352657005
15/02/1997	0.336125654	0.319298246	0.351690821
16/02/1997	0.329144503	0.321637427	0.346859903
17/02/1997	0.322164398	0.325146199	0.342028986
18/02/1997	0.315183246	0.326315789	0.339130435
19/02/1997	0.317277487	0.322807018	0.337198068
20/02/1997	0.315183246	0.322807018	0.331400966
21/02/1997	0.320418848	0.340350877	0.327536232
22/02/1997	0.315445026	0.354385965	0.319806763
23/02/1997	0.310471204	0.352046784	0.320772947
24/02/1997	0.305497382	0.348538012	0.32173913
25/02/1997	0.30052356	0.343859649	0.32173913
26/02/1997	0.29947644	0.334502924	0.315942029
27/02/1997	0.30052356	0.32748538	0.312077295
28/02/1997	0.294240838	0.329824561	0.316908213
1/03/1997	0.296335079	0.332163743	0.319806763
2/03/1997	0.292495288	0.326315789	0.324637681
3/03/1997	0.288656545	0.319298246	0.330434783
4/03/1997	0.284816754	0.314619883	0.333333333
5/03/1997	0.289005236	0.314619883	0.328502415
6/03/1997	0.289005236	0.316959064	0.333333333
7/03/1997	0.283769634	0.326315789	0.333333333
8/03/1997	0.283769634	0.334502924	0.334299517
9/03/1997	0.287259686	0.336842105	0.336231884
10/03/1997	0.290750785	0.339181287	0.339130435
11/03/1997	0.294240838	0.342690058	0.342995169
12/03/1997	0.292146597	0.348538012	0.346859903
13/03/1997	0.289005236	0.356725146	0.34589372
14/03/1997	0.294240838	0.371929825	0.343961353
15/03/1997	0.286910995	0.38245614	0.344927536
16/03/1997	0.287609424	0.380116959	0.347826087
17/03/1997	0.288306806	0.376608187	0.349758454
18/03/1997	0.289005236	0.370760234	0.351690821
19/03/1997	0.304712042	0.359064327	0.352657005
20/03/1997	0.306806283	0.348538012	0.352657005
21/03/1997	0.301570681	0.352046784	0.356521739
22/03/1997	0.303664921	0.355555556	0.363285024
23/03/1997	0.305759162	0.359064327	0.364251208
24/03/1997	0.307853403	0.361403509	0.364251208
25/03/1997	0.309947644	0.362573099	0.363285024
26/03/1997	0.315183246	0.359064327	0.354589372
27/03/1997	0.32565445	0.355555556	0.350724638
28/03/1997	0.320418848	0.355555556	0.356521739
29/03/1997	0.322513089	0.354385965	0.351690821
30/03/1997	0.32460733	0.354385965	0.351690821
31/03/1997	0.326701571	0.354385965	0.352657005
1/04/1997	0.328795812	0.353216374	0.354589372
2/04/1997	0.330890052	0.353216374	0.360386473
3/04/1997	0.32565445	0.350877193	0.365217391
4/04/1997	0.328795812	0.348538012	0.360386473
5/04/1997	0.32565445	0.34619883	0.363285024
6/04/1997	0.336125654	0.347368421	0.363285024
7/04/1997	0.346596859	0.347368421	0.363285024
8/04/1997	0.357068063	0.34502924	0.365217391
9/04/1997	0.302617801	0.330994152	0.371980676
10/04/1997	0.304712042	0.318128655	0.37294686
11/04/1997	0.303664921	0.314619883	0.371980676
12/04/1997	0.305759162	0.313450292	0.374879227
13/04/1997	0.311343455	0.318128655	0.377777778
14/04/1997	0.316928796	0.322807018	0.381642512
15/04/1997	0.322513089	0.325146199	0.384541063
16/04/1997	0.32565445	0.319298246	0.387439614
17/04/1997	0.32460733	0.311111111	0.391304348
18/04/1997	0.32565445	0.305263158	0.391304348
19/04/1997	0.329842932	0.301754386	0.389371981
20/04/1997	0.331588482	0.302923977	0.382608696
21/04/1997	0.333332984	0.305263158	0.374879227
22/04/1997	0.335078534	0.306432749	0.375845411
23/04/1997	0.337172775	0.306432749	0.397101449
24/04/1997	0.332984293	0.306432749	0.391304348
25/04/1997	0.335078534	0.30877193	0.396135266
26/04/1997	0.337958115	0.312280702	0.401932367
27/04/1997	0.340837696	0.314619883	0.398067633
28/04/1997	0.343717277	0.316959064	0.393236715
29/04/1997	0.346596859	0.320467836	0.387439614
30/04/1997	0.337172775	0.325146199	0.383574879
1/05/1997	0.339267016	0.329824561	0.379710145
2/05/1997	0.336125654	0.329824561	0.373913043
3/05/1997	0.330890052	0.330994152	0.37294686
4/05/1997	0.324956021	0.339181287	0.374879227
5/05/1997	0.319023037	0.348538012	0.375845411
6/05/1997	0.313089005	0.355555556	0.377777778
7/05/1997	0.318324607	0.359064327	0.379710145
8/05/1997	0.312041885	0.361403509	0.377777778
9/05/1997	0.309947644	0.357894737	0.362318841
10/05/1997	0.307853403	0.354385965	0.360386473
11/05/1997	0.308551832	0.354385965	0.362318841
12/05/1997	0.309249215	0.354385965	0.364251208
13/05/1997	0.309947644	0.354385965	0.358454106
14/05/1997	0.307853403	0.355555556	0.33236715
15/05/1997	0.313089005	0.355555556	0.323671498
16/05/1997	0.313089005	0.356725146	0.317874396
17/05/1997	0.313089005	0.357894737	0.311111111
18/05/1997	0.314921466	0.357894737	0.313043478
19/05/1997	0.316753927	0.359064327	0.314975845
20/05/1997	0.318586387	0.360233918	0.315942029
21/05/1997	0.320418848	0.360233918	0.314975845
22/05/1997	0.315183246	0.361403509	0.319806763
23/05/1997	0.382198953	0.361403509	0.331400966
24/05/1997	0.381151832	0.362573099	0.327536232
25/05/1997	0.360558115	0.36374269	0.327536232
26/05/1997	0.339965445	0.36374269	0.326570048
27/05/1997	0.319371728	0.364912281	0.326570048
28/05/1997	0.317277487	0.366081871	0.323671498
29/05/1997	0.317277487	0.366081871	0.314975845
30/05/1997	0.407329843	0.367251462	0.315942029
31/05/1997	0.346596859	0.367251462	0.315942029
1/06/1997	0.345549738	0.368421053	0.313043478
2/06/1997	0.344502618	0.369590643	0.310144928
3/06/1997	0.343455497	0.369590643	0.306280193
4/06/1997	0.339267016	0.370760234	0.301449275
5/06/1997	0.337172775	0.371929825	0.298550725
6/06/1997	0.328795812	0.371929825	0.293719807
7/06/1997	0.32565445	0.373099415	0.288888889
8/06/1997	0.323298429	0.374269006	0.285990338
9/06/1997	0.320942408	0.374269006	0.283091787
10/06/1997	0.318586387	0.375438596	0.280193237
11/06/1997	0.316230366	0.375438596	0.274396135
12/06/1997	0.309947644	0.376608187	0.272463768
13/06/1997	0.302617801	0.377777778	0.26763285
14/06/1997	0.295287958	0.377777778	0.269565217
15/06/1997	0.287958115	0.378947368	0.273429952
16/06/1997	0.280628272	0.380116959	0.277294686
17/06/1997	0.273298429	0.380116959	0.28115942
18/06/1997	0.270680628	0.38128655	0.28115942
19/06/1997	0.268062827	0.38128655	0.283091787
20/06/1997	0.268062827	0.38245614	0.285024155
21/06/1997	0.269109948	0.383625731	0.287922705
22/06/1997	0.269808377	0.383625731	0.287922705
23/06/1997	0.270505759	0.384795322	0.287922705
24/06/1997	0.271204188	0.385964912	0.285024155
25/06/1997	0.280628272	0.385964912	0.277294686
26/06/1997	0.281675393	0.387134503	0.280193237
27/06/1997	0.272251309	0.388304094	0.2647343
28/06/1997	0.265968586	0.388304094	0.257971014
29/06/1997	0.255497382	0.389473684	0.248309179
30/06/1997	0.245026178	0.389473684	0.237681159
1/07/1997	0.234554974	0.390643275	0.231884058
2/07/1997	0.219895288	0.391812865	0.242512077
3/07/1997	0.213612565	0.391812865	0.246376812
4/07/1997	0.211518325	0.392982456	0.245410628
5/07/1997	0.208376963	0.394152047	0.242512077
6/07/1997	0.203839791	0.394152047	0.234782609
7/07/1997	0.199301571	0.395321637	0.22705314
8/07/1997	0.194764398	0.395321637	0.221256039
9/07/1997	0.197905759	0.396491228	0.221256039
10/07/1997	0.19895288	0.397660819	0.226086957
11/07/1997	0.19895288	0.397660819	0.226086957
12/07/1997	0.204188482	0.398830409	0.22705314
13/07/1997	0.200348691	0.4	0.229951691
14/07/1997	0.196509948	0.4	0.232850242
15/07/1997	0.192670157	0.401169591	0.235748792
16/07/1997	0.194764398	0.402339181	0.235748792
17/07/1997	0.194764398	0.402339181	0.235748792
18/07/1997	0.197905759	0.403508772	0.235748792
19/07/1997	0.204188482	0.403508772	0.242512077
20/07/1997	0.205584293	0.404678363	0.245410628
21/07/1997	0.206981152	0.405847953	0.247342995
22/07/1997	0.208376963	0.405847953	0.247342995
23/07/1997	0.209424084	0.407017544	0.243478261
24/07/1997	0.209424084	0.408187135	0.253140097
25/07/1997	0.211518325	0.408187135	0.266666667
26/07/1997	0.213612565	0.409356725	0.271497585
27/07/1997	0.213612565	0.409356725	0.27826087
28/07/1997	0.213612565	0.410526316	0.285024155
29/07/1997	0.213612565	0.411695906	0.29178744
30/07/1997	0.214659686	0.411695906	0.295652174
31/07/1997	0.215706806	0.412865497	0.289855072
1/08/1997	0.215706806	0.414035088	0.280193237
2/08/1997	0.221989529	0.414035088	0.274396135
3/08/1997	0.233159162	0.415204678	0.27826087
4/08/1997	0.244327749	0.416374269	0.283091787
5/08/1997	0.255497382	0.416374269	0.286956522
6/08/1997	0.282722513	0.41754386	0.289855072
7/08/1997	0.32460733	0.41754386	0.300483092
8/08/1997	0.338219895	0.421052632	0.313043478
9/08/1997	0.394764398	0.430409357	0.31884058
10/08/1997	0.387434555	0.439766082	0.328502415
11/08/1997	0.380104712	0.449122807	0.338164251
12/08/1997	0.372774869	0.458479532	0.348792271
13/08/1997	0.384293194	0.467836257	0.358454106
14/08/1997	0.367539267	0.474853801	0.366183575
15/08/1997	0.366492147	0.479532164	0.388405797
16/08/1997	0.358115183	0.476023392	0.395169082
17/08/1997	0.348342408	0.474853801	0.394202899
18/08/1997	0.338568586	0.474853801	0.392270531
19/08/1997	0.328795812	0.473684211	0.390338164
20/08/1997	0.323560209	0.474853801	0.392270531
21/08/1997	0.322513089	0.479532164	0.403864734
22/08/1997	0.320418848	0.487719298	0.385507246
23/08/1997	0.318324607	0.494736842	0.363285024
24/08/1997	0.316230366	0.494736842	0.360386473
25/08/1997	0.314136126	0.495906433	0.35942029
26/08/1997	0.312041885	0.495906433	0.357487923
27/08/1997	0.316230366	0.495906433	0.356521739
28/08/1997	0.315183246	0.495906433	0.355555556
29/08/1997	0.313089005	0.497076023	0.34589372
30/08/1997	0.314136126	0.498245614	0.342995169
31/08/1997	0.314136126	0.500584795	0.340096618
1/09/1997	0.314136126	0.504093567	0.338164251
2/09/1997	0.314136126	0.50877193	0.337198068
3/09/1997	0.308900524	0.513450292	0.341062802
4/09/1997	0.313089005	0.518128655	0.346859903
5/09/1997	0.327748691	0.522807018	0.354589372
6/09/1997	0.323560209	0.52748538	0.357487923
7/09/1997	0.32635288	0.532163743	0.360386473
8/09/1997	0.329144503	0.536842105	0.362318841
9/09/1997	0.331937173	0.541520468	0.365217391
10/09/1997	0.351832461	0.54619883	0.369082126
11/09/1997	0.353926702	0.554385965	0.374879227
12/09/1997	0.356020942	0.562573099	0.383574879
13/09/1997	0.357068063	0.56374269	0.391304348
14/09/1997	0.356369634	0.561403509	0.401932367
15/09/1997	0.355672251	0.557894737	0.412560386
16/09/1997	0.354973822	0.555555556	0.422222222
17/09/1997	0.361256545	0.553216374	0.424154589
18/09/1997	0.369633508	0.552046784	0.42705314
19/09/1997	0.371727749	0.553216374	0.428985507
20/09/1997	0.381151832	0.541520468	0.438647343
21/09/1997	0.390227225	0.528654971	0.445410628
22/09/1997	0.399301571	0.515789474	0.451207729
23/09/1997	0.408376963	0.502923977	0.457004831
24/09/1997	0.419895288	0.49005848	0.4647343
25/09/1997	0.423036649	0.477192982	0.48115942
26/09/1997	0.432460733	0.465497076	0.499516908
27/09/1997	0.430366492	0.45380117	0.500483092
28/09/1997	0.440837696	0.443274854	0.498550725
29/09/1997	0.451308901	0.431578947	0.496618357
30/09/1997	0.461780105	0.419883041	0.493719807
1/10/1997	0.472251309	0.409356725	0.487922705
2/10/1997	0.473298429	0.401169591	0.492753623
3/10/1997	0.478534031	0.392982456	0.496618357
4/10/1997	0.501570681	0.383625731	0.486956522
5/10/1997	0.493979058	0.375438596	0.486956522
6/10/1997	0.486387435	0.367251462	0.488888889
7/10/1997	0.478795812	0.359064327	0.489855072
8/10/1997	0.471204188	0.349707602	0.490821256
9/10/1997	0.470157068	0.342690058	0.490821256
10/10/1997	0.458638743	0.334502924	0.49178744
11/10/1997	0.447120419	0.319298246	0.492753623
12/10/1997	0.445026178	0.321637427	0.490821256
13/10/1997	0.442931937	0.326315789	0.488888889
14/10/1997	0.440837696	0.329824561	0.486956522
15/10/1997	0.438743455	0.332163743	0.488888889
16/10/1997	0.445026178	0.334502924	0.490821256
17/10/1997	0.439790576	0.335672515	0.489855072
18/10/1997	0.440837696	0.338011696	0.493719807
19/10/1997	0.441536126	0.340350877	0.51884058
20/10/1997	0.442233508	0.341520468	0.544927536
21/10/1997	0.442931937	0.343859649	0.566183575
22/10/1997	0.443979058	0.34619883	0.565217391
23/10/1997	0.443979058	0.348538012	0.552657005
24/10/1997	0.445026178	0.350877193	0.549758454
25/10/1997	0.451308901	0.360233918	0.542995169
26/10/1997	0.448865969	0.368421053	0.538164251
27/10/1997	0.44642199	0.377777778	0.53236715
28/10/1997	0.443979058	0.387134503	0.530434783
29/10/1997	0.436649215	0.396491228	0.536231884
30/10/1997	0.429319372	0.404678363	0.533333333
31/10/1997	0.431413613	0.412865497	0.534299517
1/11/1997	0.42408377	0.415204678	0.53236715
2/11/1997	0.431413613	0.41754386	0.531400966
3/11/1997	0.438743455	0.41754386	0.529468599
4/11/1997	0.446073298	0.41871345	0.528502415
5/11/1997	0.434554974	0.41871345	0.525603865
6/11/1997	0.430366492	0.419883041	0.522705314
7/11/1997	0.419895288	0.421052632	0.51884058
8/11/1997	0.410471204	0.422222222	0.517874396
9/11/1997	0.402094241	0.421052632	0.524637681
10/11/1997	0.393717277	0.419883041	0.53236715
11/11/1997	0.385340314	0.41754386	0.541062802
12/11/1997	0.389528796	0.415204678	0.548792271
13/11/1997	0.386387435	0.412865497	0.536231884
14/11/1997	0.386387435	0.404678363	0.5352657
15/11/1997	0.385340314	0.396491228	0.54589372
16/11/1997	0.385340314	0.388304094	0.542995169
17/11/1997	0.385340314	0.380116959	0.539130435
18/11/1997	0.385340314	0.377777778	0.5352657
19/11/1997	0.382198953	0.394152047	0.530434783
20/11/1997	0.381151832	0.412865497	0.526570048
21/11/1997	0.388481675	0.428070175	0.522705314
22/11/1997	0.382198953	0.430409357	0.515942029
23/11/1997	0.383246073	0.431578947	0.512077295
24/11/1997	0.384293194	0.432748538	0.509178744
25/11/1997	0.385340314	0.432748538	0.507246377
26/11/1997	0.386387435	0.435087719	0.510144928
27/11/1997	0.394764398	0.45497076	0.511111111
28/11/1997	0.388481675	0.497076023	0.50821256
29/11/1997	0.389528796	0.458479532	0.50531401
30/11/1997	0.392670157	0.45380117	0.506280193
1/12/1997	0.395811518	0.451461988	0.506280193
2/12/1997	0.39895288	0.446783626	0.506280193
3/12/1997	0.402094241	0.430409357	0.503381643
4/12/1997	0.406282723	0.41754386	0.503381643
5/12/1997	0.410471204	0.421052632	0.502415459
6/12/1997	0.417801047	0.423391813	0.512077295
7/12/1997	0.42233822	0.416374269	0.520772947
8/12/1997	0.42687644	0.408187135	0.529468599
9/12/1997	0.431413613	0.4	0.536231884
10/12/1997	0.439790576	0.390643275	0.539130435
11/12/1997	0.441884817	0.383625731	0.548792271
12/12/1997	0.453403141	0.4	0.554589372
13/12/1997	0.461780105	0.408187135	0.560386473
14/12/1997	0.465968586	0.410526316	0.566183575
15/12/1997	0.470157068	0.4	0.571014493
16/12/1997	0.47434555	0.387134503	0.576811594
17/12/1997	0.485863874	0.374269006	0.581642512
18/12/1997	0.489528796	0.361403509	0.582608696
19/12/1997	0.493193717	0.352046784	0.58647343
20/12/1997	0.497382199	0.352046784	0.589371981
21/12/1997	0.500174869	0.354385965	0.593236715
22/12/1997	0.502966492	0.355555556	0.597101449
23/12/1997	0.505759162	0.356725146	0.599033816
24/12/1997	0.514136126	0.359064327	0.600966184
25/12/1997	0.517277487	0.360233918	0.61352657
26/12/1997	0.517068063	0.361403509	0.61352657
27/12/1997	0.516858639	0.36374269	0.61352657
28/12/1997	0.516649215	0.364912281	0.61352657
29/12/1997	0.516439791	0.366081871	0.61352657
30/12/1997	0.516230366	0.368421053	0.614492754
31/12/1997	0.516230366	0.369590643	0.625120773
1/01/1998	0.521465969	0.370760234	0.651207729
2/01/1998	0.52617801	0.371929825	0.637681159
3/01/1998	0.530890052	0.367251462	0.624154589
4/01/1998	0.532984293	0.361403509	0.624154589
5/01/1998	0.535078534	0.355555556	0.626086957
6/01/1998	0.537172775	0.353216374	0.62705314
7/01/1998	0.537172775	0.356725146	0.625120773
8/01/1998	0.545549738	0.342690058	0.619323671
9/01/1998	0.546596859	0.335672515	0.618357488
10/01/1998	0.548691099	0.348538012	0.619323671
11/01/1998	0.547295288	0.362573099	0.617391304
12/01/1998	0.545898429	0.377777778	0.616425121
13/01/1998	0.544502618	0.391812865	0.614492754
14/01/1998	0.534031414	0.397660819	0.614492754
15/01/1998	0.531937173	0.378947368	0.61352657
16/01/1998	0.544502618	0.378947368	0.602898551
17/01/1998	0.527748691	0.387134503	0.601932367
18/01/1998	0.527748691	0.388304094	0.600966184
19/01/1998	0.527748691	0.387134503	0.599033816
20/01/1998	0.527748691	0.387134503	0.598067633
21/01/1998	0.52565445	0.385964912	0.597101449
22/01/1998	0.522513089	0.385964912	0.591304348
23/01/1998	0.512041885	0.384795322	0.590338164
24/01/1998	0.510994764	0.384795322	0.590338164
25/01/1998	0.505497382	0.385964912	0.584541063
26/01/1998	0.5	0.387134503	0.578743961
27/01/1998	0.494502618	0.388304094	0.574879227
28/01/1998	0.489005236	0.389473684	0.575845411
29/01/1998	0.490052356	0.387134503	0.576811594
30/01/1998	0.487958115	0.371929825	0.573913043
31/01/1998	0.486910995	0.367251462	0.576811594
1/02/1998	0.485863874	0.374269006	0.576811594
2/02/1998	0.484816754	0.38128655	0.575845411
3/02/1998	0.483769634	0.388304094	0.573913043
4/02/1998	0.489005236	0.395321637	0.571014493
5/02/1998	0.486910995	0.402339181	0.568115942
6/02/1998	0.487958115	0.378947368	0.569082126
7/02/1998	0.490052356	0.361403509	0.573913043
8/02/1998	0.489703665	0.354385965	0.571980676
9/02/1998	0.489353927	0.347368421	0.569082126
10/02/1998	0.489005236	0.340350877	0.565217391
11/02/1998	0.489005236	0.338011696	0.560386473
12/02/1998	0.487958115	0.350877193	0.563285024
13/02/1998	0.486910995	0.357894737	0.565217391
14/02/1998	0.478534031	0.359064327	0.570048309
15/02/1998	0.471902618	0.359064327	0.568115942
16/02/1998	0.465270157	0.360233918	0.566183575
17/02/1998	0.458638743	0.360233918	0.564251208
18/02/1998	0.445026178	0.361403509	0.546859903
19/02/1998	0.431413613	0.366081871	0.538164251
20/02/1998	0.431413613	0.370760234	0.534299517
21/02/1998	0.430366492	0.376608187	0.538164251
22/02/1998	0.422687958	0.38128655	0.531400966
23/02/1998	0.415008377	0.387134503	0.524637681
24/02/1998	0.407329843	0.391812865	0.51884058
25/02/1998	0.39895288	0.395321637	0.515942029
26/02/1998	0.4	0.394152047	0.510144928
27/02/1998	0.4	0.402339181	0.49468599
28/02/1998	0.403141361	0.396491228	0.514975845
1/03/1998	0.40174555	0.396491228	0.50821256
2/03/1998	0.400348691	0.396491228	0.502415459
3/03/1998	0.39895288	0.396491228	0.496618357
4/03/1998	0.393717277	0.396491228	0.490821256
5/03/1998	0.389528796	0.396491228	0.487922705
6/03/1998	0.390575916	0.396491228	0.48115942
7/03/1998	0.388481675	0.396491228	0.47826087
8/03/1998	0.387783246	0.394152047	0.477294686
9/03/1998	0.387085864	0.391812865	0.477294686
10/03/1998	0.386387435	0.390643275	0.476328502
11/03/1998	0.386387435	0.388304094	0.470531401
12/03/1998	0.393717277	0.390643275	0.468599034
13/03/1998	0.394764398	0.384795322	0.473429952
14/03/1998	0.381151832	0.388304094	0.477294686
15/03/1998	0.381500524	0.387134503	0.474396135
16/03/1998	0.381850262	0.385964912	0.471497585
17/03/1998	0.382198953	0.385964912	0.468599034
18/03/1998	0.391623037	0.384795322	0.466666667
19/03/1998	0.385340314	0.378947368	0.471497585
