t	x(t-1)	x(t-2)	x(t-3)	x(t-4)	x(t-5)	x(t-6)	x(t-7)	x(t-8)	x(t-9)	x(t-10)	x(t-11)	x(t-12)	x(t-13)	x(t-14)	x(t-15)	xt
1	-0.027187	0.0525446	0.0511994	0.0455325	0.0123375	0.0557468	0.0552518	-0.104896	0.0740825	0.0336478	0.0264828	0.101839	0.0417931	0.0601473	0.0279392	-0.0473644
2	-0.0473644	-0.027187	0.0525446	0.0511994	0.0455325	0.0123375	0.0557468	0.0552518	-0.104896	0.0740825	0.0336478	0.0264828	0.101839	0.0417931	0.0601473	0.0686905
3	0.0686905	-0.0473644	-0.027187	0.0525446	0.0511994	0.0455325	0.0123375	0.0557468	0.0552518	-0.104896	0.0740825	0.0336478	0.0264828	0.101839	0.0417931	0.112643
4	0.112643	0.0686905	-0.0473644	-0.027187	0.0525446	0.0511994	0.0455325	0.0123375	0.0557468	0.0552518	-0.104896	0.0740825	0.0336478	0.0264828	0.101839	0.041256
5	0.041256	0.112643	0.0686905	-0.0473644	-0.027187	0.0525446	0.0511994	0.0455325	0.0123375	0.0557468	0.0552518	-0.104896	0.0740825	0.0336478	0.0264828	0.00730224
6	0.00730224	0.041256	0.112643	0.0686905	-0.0473644	-0.027187	0.0525446	0.0511994	0.0455325	0.0123375	0.0557468	0.0552518	-0.104896	0.0740825	0.0336478	0.0717093
7	0.0717093	0.00730224	0.041256	0.112643	0.0686905	-0.0473644	-0.027187	0.0525446	0.0511994	0.0455325	0.0123375	0.0557468	0.0552518	-0.104896	0.0740825	-0.0280218
8	-0.0280218	0.0717093	0.00730224	0.041256	0.112643	0.0686905	-0.0473644	-0.027187	0.0525446	0.0511994	0.0455325	0.0123375	0.0557468	0.0552518	-0.104896	-0.101504
9	-0.101504	-0.0280218	0.0717093	0.00730224	0.041256	0.112643	0.0686905	-0.0473644	-0.027187	0.0525446	0.0511994	0.0455325	0.0123375	0.0557468	0.0552518	0.165941
10	0.165941	-0.101504	-0.0280218	0.0717093	0.00730224	0.041256	0.112643	0.0686905	-0.0473644	-0.027187	0.0525446	0.0511994	0.0455325	0.0123375	0.0557468	0.10549
11	0.10549	0.165941	-0.101504	-0.0280218	0.0717093	0.00730224	0.041256	0.112643	0.0686905	-0.0473644	-0.027187	0.0525446	0.0511994	0.0455325	0.0123375	0.000499744
12	0.000499744	0.10549	0.165941	-0.101504	-0.0280218	0.0717093	0.00730224	0.041256	0.112643	0.0686905	-0.0473644	-0.027187	0.0525446	0.0511994	0.0455325	0.0474061
13	0.0474061	0.000499744	0.10549	0.165941	-0.101504	-0.0280218	0.0717093	0.00730224	0.041256	0.112643	0.0686905	-0.0473644	-0.027187	0.0525446	0.0511994	-0.0668417
14	-0.0668417	0.0474061	0.000499744	0.10549	0.165941	-0.101504	-0.0280218	0.0717093	0.00730224	0.041256	0.112643	0.0686905	-0.0473644	-0.027187	0.0525446	0.0812225
15	0.0812225	-0.0668417	0.0474061	0.000499744	0.10549	0.165941	-0.101504	-0.0280218	0.0717093	0.00730224	0.041256	0.112643	0.0686905	-0.0473644	-0.027187	0.121012
16	0.121012	0.0812225	-0.0668417	0.0474061	0.000499744	0.10549	0.165941	-0.101504	-0.0280218	0.0717093	0.00730224	0.041256	0.112643	0.0686905	-0.0473644	0.1935
17	0.1935	0.121012	0.0812225	-0.0668417	0.0474061	0.000499744	0.10549	0.165941	-0.101504	-0.0280218	0.0717093	0.00730224	0.041256	0.112643	0.0686905	0.015465
18	0.015465	0.1935	0.121012	0.0812225	-0.0668417	0.0474061	0.000499744	0.10549	0.165941	-0.101504	-0.0280218	0.0717093	0.00730224	0.041256	0.112643	0.0328703
19	0.0328703	0.015465	0.1935	0.121012	0.0812225	-0.0668417	0.0474061	0.000499744	0.10549	0.165941	-0.101504	-0.0280218	0.0717093	0.00730224	0.041256	-0.0251773
20	-0.0251773	0.0328703	0.015465	0.1935	0.121012	0.0812225	-0.0668417	0.0474061	0.000499744	0.10549	0.165941	-0.101504	-0.0280218	0.0717093	0.00730224	-0.0947505
21	-0.0947505	-0.0251773	0.0328703	0.015465	0.1935	0.121012	0.0812225	-0.0668417	0.0474061	0.000499744	0.10549	0.165941	-0.101504	-0.0280218	0.0717093	0.0503604
22	0.0503604	-0.0947505	-0.0251773	0.0328703	0.015465	0.1935	0.121012	0.0812225	-0.0668417	0.0474061	0.000499744	0.10549	0.165941	-0.101504	-0.0280218	-0.0241279
23	-0.0241279	0.0503604	-0.0947505	-0.0251773	0.0328703	0.015465	0.1935	0.121012	0.0812225	-0.0668417	0.0474061	0.000499744	0.10549	0.165941	-0.101504	-0.0274478
24	-0.0274478	-0.0241279	0.0503604	-0.0947505	-0.0251773	0.0328703	0.015465	0.1935	0.121012	0.0812225	-0.0668417	0.0474061	0.000499744	0.10549	0.165941	-0.0179171
25	-0.0179171	-0.0274478	-0.0241279	0.0503604	-0.0947505	-0.0251773	0.0328703	0.015465	0.1935	0.121012	0.0812225	-0.0668417	0.0474061	0.000499744	0.10549	-0.118843
26	-0.118843	-0.0179171	-0.0274478	-0.0241279	0.0503604	-0.0947505	-0.0251773	0.0328703	0.015465	0.1935	0.121012	0.0812225	-0.0668417	0.0474061	0.000499744	-0.056049
27	-0.056049	-0.118843	-0.0179171	-0.0274478	-0.0241279	0.0503604	-0.0947505	-0.0251773	0.0328703	0.015465	0.1935	0.121012	0.0812225	-0.0668417	0.0474061	-0.00263714
28	-0.00263714	-0.056049	-0.118843	-0.0179171	-0.0274478	-0.0241279	0.0503604	-0.0947505	-0.0251773	0.0328703	0.015465	0.1935	0.121012	0.0812225	-0.0668417	0.10601
29	0.10601	-0.00263714	-0.056049	-0.118843	-0.0179171	-0.0274478	-0.0241279	0.0503604	-0.0947505	-0.0251773	0.0328703	0.015465	0.1935	0.121012	0.0812225	0.0214352
30	0.0214352	0.10601	-0.00263714	-0.056049	-0.118843	-0.0179171	-0.0274478	-0.0241279	0.0503604	-0.0947505	-0.0251773	0.0328703	0.015465	0.1935	0.121012	0.124651
31	0.124651	0.0214352	0.10601	-0.00263714	-0.056049	-0.118843	-0.0179171	-0.0274478	-0.0241279	0.0503604	-0.0947505	-0.0251773	0.0328703	0.015465	0.1935	0.0691597
32	0.0691597	0.124651	0.0214352	0.10601	-0.00263714	-0.056049	-0.118843	-0.0179171	-0.0274478	-0.0241279	0.0503604	-0.0947505	-0.0251773	0.0328703	0.015465	-0.272852
33	-0.272852	0.0691597	0.124651	0.0214352	0.10601	-0.00263714	-0.056049	-0.118843	-0.0179171	-0.0274478	-0.0241279	0.0503604	-0.0947505	-0.0251773	0.0328703	0.105533
34	0.105533	-0.272852	0.0691597	0.124651	0.0214352	0.10601	-0.00263714	-0.056049	-0.118843	-0.0179171	-0.0274478	-0.0241279	0.0503604	-0.0947505	-0.0251773	0.0661111
35	0.0661111	0.105533	-0.272852	0.0691597	0.124651	0.0214352	0.10601	-0.00263714	-0.056049	-0.118843	-0.0179171	-0.0274478	-0.0241279	0.0503604	-0.0947505	0.140842
36	0.140842	0.0661111	0.105533	-0.272852	0.0691597	0.124651	0.0214352	0.10601	-0.00263714	-0.056049	-0.118843	-0.0179171	-0.0274478	-0.0241279	0.0503604	0.0469335
37	0.0469335	0.140842	0.0661111	0.105533	-0.272852	0.0691597	0.124651	0.0214352	0.10601	-0.00263714	-0.056049	-0.118843	-0.0179171	-0.0274478	-0.0241279	-0.0207328
38	-0.0207328	0.0469335	0.140842	0.0661111	0.105533	-0.272852	0.0691597	0.124651	0.0214352	0.10601	-0.00263714	-0.056049	-0.118843	-0.0179171	-0.0274478	-0.127676
39	-0.127676	-0.0207328	0.0469335	0.140842	0.0661111	0.105533	-0.272852	0.0691597	0.124651	0.0214352	0.10601	-0.00263714	-0.056049	-0.118843	-0.0179171	0.0284001
40	0.0284001	-0.127676	-0.0207328	0.0469335	0.140842	0.0661111	0.105533	-0.272852	0.0691597	0.124651	0.0214352	0.10601	-0.00263714	-0.056049	-0.118843	0.284529
41	0.284529	0.0284001	-0.127676	-0.0207328	0.0469335	0.140842	0.0661111	0.105533	-0.272852	0.0691597	0.124651	0.0214352	0.10601	-0.00263714	-0.056049	0.100321
42	0.100321	0.284529	0.0284001	-0.127676	-0.0207328	0.0469335	0.140842	0.0661111	0.105533	-0.272852	0.0691597	0.124651	0.0214352	0.10601	-0.00263714	0.157228
43	0.157228	0.100321	0.284529	0.0284001	-0.127676	-0.0207328	0.0469335	0.140842	0.0661111	0.105533	-0.272852	0.0691597	0.124651	0.0214352	0.10601	0.206478
44	0.206478	0.157228	0.100321	0.284529	0.0284001	-0.127676	-0.0207328	0.0469335	0.140842	0.0661111	0.105533	-0.272852	0.0691597	0.124651	0.0214352	0.0106708
45	0.0106708	0.206478	0.157228	0.100321	0.284529	0.0284001	-0.127676	-0.0207328	0.0469335	0.140842	0.0661111	0.105533	-0.272852	0.0691597	0.124651	0.0721708
46	0.0721708	0.0106708	0.206478	0.157228	0.100321	0.284529	0.0284001	-0.127676	-0.0207328	0.0469335	0.140842	0.0661111	0.105533	-0.272852	0.0691597	-0.04971
47	-0.04971	0.0721708	0.0106708	0.206478	0.157228	0.100321	0.284529	0.0284001	-0.127676	-0.0207328	0.0469335	0.140842	0.0661111	0.105533	-0.272852	0.205697
48	0.205697	-0.04971	0.0721708	0.0106708	0.206478	0.157228	0.100321	0.284529	0.0284001	-0.127676	-0.0207328	0.0469335	0.140842	0.0661111	0.105533	0.0982369
49	0.0982369	0.205697	-0.04971	0.0721708	0.0106708	0.206478	0.157228	0.100321	0.284529	0.0284001	-0.127676	-0.0207328	0.0469335	0.140842	0.0661111	-0.012266
50	-0.012266	0.0982369	0.205697	-0.04971	0.0721708	0.0106708	0.206478	0.157228	0.100321	0.284529	0.0284001	-0.127676	-0.0207328	0.0469335	0.140842	0.167851
51	0.167851	-0.012266	0.0982369	0.205697	-0.04971	0.0721708	0.0106708	0.206478	0.157228	0.100321	0.284529	0.0284001	-0.127676	-0.0207328	0.0469335	0.107236
52	0.107236	0.167851	-0.012266	0.0982369	0.205697	-0.04971	0.0721708	0.0106708	0.206478	0.157228	0.100321	0.284529	0.0284001	-0.127676	-0.0207328	0.0206754
53	0.0206754	0.107236	0.167851	-0.012266	0.0982369	0.205697	-0.04971	0.0721708	0.0106708	0.206478	0.157228	0.100321	0.284529	0.0284001	-0.127676	-0.0290808
54	-0.0290808	0.0206754	0.107236	0.167851	-0.012266	0.0982369	0.205697	-0.04971	0.0721708	0.0106708	0.206478	0.157228	0.100321	0.284529	0.0284001	-0.0162468
55	-0.0162468	-0.0290808	0.0206754	0.107236	0.167851	-0.012266	0.0982369	0.205697	-0.04971	0.0721708	0.0106708	0.206478	0.157228	0.100321	0.284529	0.0377989
56	0.0377989	-0.0162468	-0.0290808	0.0206754	0.107236	0.167851	-0.012266	0.0982369	0.205697	-0.04971	0.0721708	0.0106708	0.206478	0.157228	0.100321	-0.107999
57	-0.107999	0.0377989	-0.0162468	-0.0290808	0.0206754	0.107236	0.167851	-0.012266	0.0982369	0.205697	-0.04971	0.0721708	0.0106708	0.206478	0.157228	-0.0041745
58	-0.0041745	-0.107999	0.0377989	-0.0162468	-0.0290808	0.0206754	0.107236	0.167851	-0.012266	0.0982369	0.205697	-0.04971	0.0721708	0.0106708	0.206478	0.108855
59	0.108855	-0.0041745	-0.107999	0.0377989	-0.0162468	-0.0290808	0.0206754	0.107236	0.167851	-0.012266	0.0982369	0.205697	-0.04971	0.0721708	0.0106708	0.0378242
60	0.0378242	0.108855	-0.0041745	-0.107999	0.0377989	-0.0162468	-0.0290808	0.0206754	0.107236	0.167851	-0.012266	0.0982369	0.205697	-0.04971	0.0721708	0.00926747
61	0.00926747	0.0378242	0.108855	-0.0041745	-0.107999	0.0377989	-0.0162468	-0.0290808	0.0206754	0.107236	0.167851	-0.012266	0.0982369	0.205697	-0.04971	-0.215338
62	-0.215338	0.00926747	0.0378242	0.108855	-0.0041745	-0.107999	0.0377989	-0.0162468	-0.0290808	0.0206754	0.107236	0.167851	-0.012266	0.0982369	0.205697	-0.00130465
63	-0.00130465	-0.215338	0.00926747	0.0378242	0.108855	-0.0041745	-0.107999	0.0377989	-0.0162468	-0.0290808	0.0206754	0.107236	0.167851	-0.012266	0.0982369	-0.0499753
64	-0.0499753	-0.00130465	-0.215338	0.00926747	0.0378242	0.108855	-0.0041745	-0.107999	0.0377989	-0.0162468	-0.0290808	0.0206754	0.107236	0.167851	-0.012266	0.170418
65	0.170418	-0.0499753	-0.00130465	-0.215338	0.00926747	0.0378242	0.108855	-0.0041745	-0.107999	0.0377989	-0.0162468	-0.0290808	0.0206754	0.107236	0.167851	0.00648203
66	0.00648203	0.170418	-0.0499753	-0.00130465	-0.215338	0.00926747	0.0378242	0.108855	-0.0041745	-0.107999	0.0377989	-0.0162468	-0.0290808	0.0206754	0.107236	0.0570042
67	0.0570042	0.00648203	0.170418	-0.0499753	-0.00130465	-0.215338	0.00926747	0.0378242	0.108855	-0.0041745	-0.107999	0.0377989	-0.0162468	-0.0290808	0.0206754	0.179407
68	0.179407	0.0570042	0.00648203	0.170418	-0.0499753	-0.00130465	-0.215338	0.00926747	0.0378242	0.108855	-0.0041745	-0.107999	0.0377989	-0.0162468	-0.0290808	0.110372
69	0.110372	0.179407	0.0570042	0.00648203	0.170418	-0.0499753	-0.00130465	-0.215338	0.00926747	0.0378242	0.108855	-0.0041745	-0.107999	0.0377989	-0.0162468	0.0769448
70	0.0769448	0.110372	0.179407	0.0570042	0.00648203	0.170418	-0.0499753	-0.00130465	-0.215338	0.00926747	0.0378242	0.108855	-0.0041745	-0.107999	0.0377989	-0.0587644
71	-0.0587644	0.0769448	0.110372	0.179407	0.0570042	0.00648203	0.170418	-0.0499753	-0.00130465	-0.215338	0.00926747	0.0378242	0.108855	-0.0041745	-0.107999	0.106713
72	0.106713	-0.0587644	0.0769448	0.110372	0.179407	0.0570042	0.00648203	0.170418	-0.0499753	-0.00130465	-0.215338	0.00926747	0.0378242	0.108855	-0.0041745	-0.00843589
73	-0.00843589	0.106713	-0.0587644	0.0769448	0.110372	0.179407	0.0570042	0.00648203	0.170418	-0.0499753	-0.00130465	-0.215338	0.00926747	0.0378242	0.108855	0.0981416
74	0.0981416	-0.00843589	0.106713	-0.0587644	0.0769448	0.110372	0.179407	0.0570042	0.00648203	0.170418	-0.0499753	-0.00130465	-0.215338	0.00926747	0.0378242	-0.0144029
75	-0.0144029	0.0981416	-0.00843589	0.106713	-0.0587644	0.0769448	0.110372	0.179407	0.0570042	0.00648203	0.170418	-0.0499753	-0.00130465	-0.215338	0.00926747	-0.0413123
76	-0.0413123	-0.0144029	0.0981416	-0.00843589	0.106713	-0.0587644	0.0769448	0.110372	0.179407	0.0570042	0.00648203	0.170418	-0.0499753	-0.00130465	-0.215338	0.064416
77	0.064416	-0.0413123	-0.0144029	0.0981416	-0.00843589	0.106713	-0.0587644	0.0769448	0.110372	0.179407	0.0570042	0.00648203	0.170418	-0.0499753	-0.00130465	0.109519
78	0.109519	0.064416	-0.0413123	-0.0144029	0.0981416	-0.00843589	0.106713	-0.0587644	0.0769448	0.110372	0.179407	0.0570042	0.00648203	0.170418	-0.0499753	-0.0605276
79	-0.0605276	0.109519	0.064416	-0.0413123	-0.0144029	0.0981416	-0.00843589	0.106713	-0.0587644	0.0769448	0.110372	0.179407	0.0570042	0.00648203	0.170418	0.0137431
80	0.0137431	-0.0605276	0.109519	0.064416	-0.0413123	-0.0144029	0.0981416	-0.00843589	0.106713	-0.0587644	0.0769448	0.110372	0.179407	0.0570042	0.00648203	0.182707
81	0.182707	0.0137431	-0.0605276	0.109519	0.064416	-0.0413123	-0.0144029	0.0981416	-0.00843589	0.106713	-0.0587644	0.0769448	0.110372	0.179407	0.0570042	-0.124507
82	-0.124507	0.182707	0.0137431	-0.0605276	0.109519	0.064416	-0.0413123	-0.0144029	0.0981416	-0.00843589	0.106713	-0.0587644	0.0769448	0.110372	0.179407	0.0028187
83	0.0028187	-0.124507	0.182707	0.0137431	-0.0605276	0.109519	0.064416	-0.0413123	-0.0144029	0.0981416	-0.00843589	0.106713	-0.0587644	0.0769448	0.110372	0.0137519
84	0.0137519	0.0028187	-0.124507	0.182707	0.0137431	-0.0605276	0.109519	0.064416	-0.0413123	-0.0144029	0.0981416	-0.00843589	0.106713	-0.0587644	0.0769448	0.141149
85	0.141149	0.0137519	0.0028187	-0.124507	0.182707	0.0137431	-0.0605276	0.109519	0.064416	-0.0413123	-0.0144029	0.0981416	-0.00843589	0.106713	-0.0587644	-0.0311508
86	-0.0311508	0.141149	0.0137519	0.0028187	-0.124507	0.182707	0.0137431	-0.0605276	0.109519	0.064416	-0.0413123	-0.0144029	0.0981416	-0.00843589	0.106713	-0.096535
87	-0.096535	-0.0311508	0.141149	0.0137519	0.0028187	-0.124507	0.182707	0.0137431	-0.0605276	0.109519	0.064416	-0.0413123	-0.0144029	0.0981416	-0.00843589	-0.00872491
88	-0.00872491	-0.096535	-0.0311508	0.141149	0.0137519	0.0028187	-0.124507	0.182707	0.0137431	-0.0605276	0.109519	0.064416	-0.0413123	-0.0144029	0.0981416	0.101631
89	0.101631	-0.00872491	-0.096535	-0.0311508	0.141149	0.0137519	0.0028187	-0.124507	0.182707	0.0137431	-0.0605276	0.109519	0.064416	-0.0413123	-0.0144029	0.109901
90	0.109901	0.101631	-0.00872491	-0.096535	-0.0311508	0.141149	0.0137519	0.0028187	-0.124507	0.182707	0.0137431	-0.0605276	0.109519	0.064416	-0.0413123	-0.062274
91	-0.062274	0.109901	0.101631	-0.00872491	-0.096535	-0.0311508	0.141149	0.0137519	0.0028187	-0.124507	0.182707	0.0137431	-0.0605276	0.109519	0.064416	0.140044
92	0.140044	-0.062274	0.109901	0.101631	-0.00872491	-0.096535	-0.0311508	0.141149	0.0137519	0.0028187	-0.124507	0.182707	0.0137431	-0.0605276	0.109519	0.148761
93	0.148761	0.140044	-0.062274	0.109901	0.101631	-0.00872491	-0.096535	-0.0311508	0.141149	0.0137519	0.0028187	-0.124507	0.182707	0.0137431	-0.0605276	-0.107812
94	-0.107812	0.148761	0.140044	-0.062274	0.109901	0.101631	-0.00872491	-0.096535	-0.0311508	0.141149	0.0137519	0.0028187	-0.124507	0.182707	0.0137431	-0.102621
95	-0.102621	-0.107812	0.148761	0.140044	-0.062274	0.109901	0.101631	-0.00872491	-0.096535	-0.0311508	0.141149	0.0137519	0.0028187	-0.124507	0.182707	0.088618
96	0.088618	-0.102621	-0.107812	0.148761	0.140044	-0.062274	0.109901	0.101631	-0.00872491	-0.096535	-0.0311508	0.141149	0.0137519	0.0028187	-0.124507	0.0287268
97	0.0287268	0.088618	-0.102621	-0.107812	0.148761	0.140044	-0.062274	0.109901	0.101631	-0.00872491	-0.096535	-0.0311508	0.141149	0.0137519	0.0028187	0.0389531
98	0.0389531	0.0287268	0.088618	-0.102621	-0.107812	0.148761	0.140044	-0.062274	0.109901	0.101631	-0.00872491	-0.096535	-0.0311508	0.141149	0.0137519	0.00728618
99	0.00728618	0.0389531	0.0287268	0.088618	-0.102621	-0.107812	0.148761	0.140044	-0.062274	0.109901	0.101631	-0.00872491	-0.096535	-0.0311508	0.141149	0.0103406
100	0.0103406	0.00728618	0.0389531	0.0287268	0.088618	-0.102621	-0.107812	0.148761	0.140044	-0.062274	0.109901	0.101631	-0.00872491	-0.096535	-0.0311508	0.0185406
101	0.0185406	0.0103406	0.00728618	0.0389531	0.0287268	0.088618	-0.102621	-0.107812	0.148761	0.140044	-0.062274	0.109901	0.101631	-0.00872491	-0.096535	0.0146624
102	0.0146624	0.0185406	0.0103406	0.00728618	0.0389531	0.0287268	0.088618	-0.102621	-0.107812	0.148761	0.140044	-0.062274	0.109901	0.101631	-0.00872491	-0.082623
103	-0.082623	0.0146624	0.0185406	0.0103406	0.00728618	0.0389531	0.0287268	0.088618	-0.102621	-0.107812	0.148761	0.140044	-0.062274	0.109901	0.101631	-0.0791856
104	-0.0791856	-0.082623	0.0146624	0.0185406	0.0103406	0.00728618	0.0389531	0.0287268	0.088618	-0.102621	-0.107812	0.148761	0.140044	-0.062274	0.109901	0.0387314
105	0.0387314	-0.0791856	-0.082623	0.0146624	0.0185406	0.0103406	0.00728618	0.0389531	0.0287268	0.088618	-0.102621	-0.107812	0.148761	0.140044	-0.062274	0.114149
106	0.114149	0.0387314	-0.0791856	-0.082623	0.0146624	0.0185406	0.0103406	0.00728618	0.0389531	0.0287268	0.088618	-0.102621	-0.107812	0.148761	0.140044	0.116184
107	0.116184	0.114149	0.0387314	-0.0791856	-0.082623	0.0146624	0.0185406	0.0103406	0.00728618	0.0389531	0.0287268	0.088618	-0.102621	-0.107812	0.148761	-0.0822745
108	-0.0822745	0.116184	0.114149	0.0387314	-0.0791856	-0.082623	0.0146624	0.0185406	0.0103406	0.00728618	0.0389531	0.0287268	0.088618	-0.102621	-0.107812	0.01797
109	0.01797	-0.0822745	0.116184	0.114149	0.0387314	-0.0791856	-0.082623	0.0146624	0.0185406	0.0103406	0.00728618	0.0389531	0.0287268	0.088618	-0.102621	0.217521
110	0.217521	0.01797	-0.0822745	0.116184	0.114149	0.0387314	-0.0791856	-0.082623	0.0146624	0.0185406	0.0103406	0.00728618	0.0389531	0.0287268	0.088618	-0.0511891
111	-0.0511891	0.217521	0.01797	-0.0822745	0.116184	0.114149	0.0387314	-0.0791856	-0.082623	0.0146624	0.0185406	0.0103406	0.00728618	0.0389531	0.0287268	0.0612706
112	0.0612706	-0.0511891	0.217521	0.01797	-0.0822745	0.116184	0.114149	0.0387314	-0.0791856	-0.082623	0.0146624	0.0185406	0.0103406	0.00728618	0.0389531	0.118605
113	0.118605	0.0612706	-0.0511891	0.217521	0.01797	-0.0822745	0.116184	0.114149	0.0387314	-0.0791856	-0.082623	0.0146624	0.0185406	0.0103406	0.00728618	-0.00681347
114	-0.00681347	0.118605	0.0612706	-0.0511891	0.217521	0.01797	-0.0822745	0.116184	0.114149	0.0387314	-0.0791856	-0.082623	0.0146624	0.0185406	0.0103406	-0.00492296
115	-0.00492296	-0.00681347	0.118605	0.0612706	-0.0511891	0.217521	0.01797	-0.0822745	0.116184	0.114149	0.0387314	-0.0791856	-0.082623	0.0146624	0.0185406	0.132644
116	0.132644	-0.00492296	-0.00681347	0.118605	0.0612706	-0.0511891	0.217521	0.01797	-0.0822745	0.116184	0.114149	0.0387314	-0.0791856	-0.082623	0.0146624	-0.0304243
117	-0.0304243	0.132644	-0.00492296	-0.00681347	0.118605	0.0612706	-0.0511891	0.217521	0.01797	-0.0822745	0.116184	0.114149	0.0387314	-0.0791856	-0.082623	-0.0744389
118	-0.0744389	-0.0304243	0.132644	-0.00492296	-0.00681347	0.118605	0.0612706	-0.0511891	0.217521	0.01797	-0.0822745	0.116184	0.114149	0.0387314	-0.0791856	0.0542975
119	0.0542975	-0.0744389	-0.0304243	0.132644	-0.00492296	-0.00681347	0.118605	0.0612706	-0.0511891	0.217521	0.01797	-0.0822745	0.116184	0.114149	0.0387314	-0.0110968
120	-0.0110968	0.0542975	-0.0744389	-0.0304243	0.132644	-0.00492296	-0.00681347	0.118605	0.0612706	-0.0511891	0.217521	0.01797	-0.0822745	0.116184	0.114149	0.211462
121	0.211462	-0.0110968	0.0542975	-0.0744389	-0.0304243	0.132644	-0.00492296	-0.00681347	0.118605	0.0612706	-0.0511891	0.217521	0.01797	-0.0822745	0.116184	-0.0283198
122	-0.0283198	0.211462	-0.0110968	0.0542975	-0.0744389	-0.0304243	0.132644	-0.00492296	-0.00681347	0.118605	0.0612706	-0.0511891	0.217521	0.01797	-0.0822745	0.0691399
123	0.0691399	-0.0283198	0.211462	-0.0110968	0.0542975	-0.0744389	-0.0304243	0.132644	-0.00492296	-0.00681347	0.118605	0.0612706	-0.0511891	0.217521	0.01797	0.118518
124	0.118518	0.0691399	-0.0283198	0.211462	-0.0110968	0.0542975	-0.0744389	-0.0304243	0.132644	-0.00492296	-0.00681347	0.118605	0.0612706	-0.0511891	0.217521	0.00786425
125	0.00786425	0.118518	0.0691399	-0.0283198	0.211462	-0.0110968	0.0542975	-0.0744389	-0.0304243	0.132644	-0.00492296	-0.00681347	0.118605	0.0612706	-0.0511891	-0.0430112
126	-0.0430112	0.00786425	0.118518	0.0691399	-0.0283198	0.211462	-0.0110968	0.0542975	-0.0744389	-0.0304243	0.132644	-0.00492296	-0.00681347	0.118605	0.0612706	-0.00852461
127	-0.00852461	-0.0430112	0.00786425	0.118518	0.0691399	-0.0283198	0.211462	-0.0110968	0.0542975	-0.0744389	-0.0304243	0.132644	-0.00492296	-0.00681347	0.118605	-0.0855413
128	-0.0855413	-0.00852461	-0.0430112	0.00786425	0.118518	0.0691399	-0.0283198	0.211462	-0.0110968	0.0542975	-0.0744389	-0.0304243	0.132644	-0.00492296	-0.00681347	0.120172
129	0.120172	-0.0855413	-0.00852461	-0.0430112	0.00786425	0.118518	0.0691399	-0.0283198	0.211462	-0.0110968	0.0542975	-0.0744389	-0.0304243	0.132644	-0.00492296	-0.136149
130	-0.136149	0.120172	-0.0855413	-0.00852461	-0.0430112	0.00786425	0.118518	0.0691399	-0.0283198	0.211462	-0.0110968	0.0542975	-0.0744389	-0.0304243	0.132644	-0.0412539
131	-0.0412539	-0.136149	0.120172	-0.0855413	-0.00852461	-0.0430112	0.00786425	0.118518	0.0691399	-0.0283198	0.211462	-0.0110968	0.0542975	-0.0744389	-0.0304243	0.0144116
132	0.0144116	-0.0412539	-0.136149	0.120172	-0.0855413	-0.00852461	-0.0430112	0.00786425	0.118518	0.0691399	-0.0283198	0.211462	-0.0110968	0.0542975	-0.0744389	0.0229559
133	0.0229559	0.0144116	-0.0412539	-0.136149	0.120172	-0.0855413	-0.00852461	-0.0430112	0.00786425	0.118518	0.0691399	-0.0283198	0.211462	-0.0110968	0.0542975	-0.0599179
134	-0.0599179	0.0229559	0.0144116	-0.0412539	-0.136149	0.120172	-0.0855413	-0.00852461	-0.0430112	0.00786425	0.118518	0.0691399	-0.0283198	0.211462	-0.0110968	-0.0608996
135	-0.0608996	-0.0599179	0.0229559	0.0144116	-0.0412539	-0.136149	0.120172	-0.0855413	-0.00852461	-0.0430112	0.00786425	0.118518	0.0691399	-0.0283198	0.211462	0.0313718
136	0.0313718	-0.0608996	-0.0599179	0.0229559	0.0144116	-0.0412539	-0.136149	0.120172	-0.0855413	-0.00852461	-0.0430112	0.00786425	0.118518	0.0691399	-0.0283198	0.0461519
137	0.0461519	0.0313718	-0.0608996	-0.0599179	0.0229559	0.0144116	-0.0412539	-0.136149	0.120172	-0.0855413	-0.00852461	-0.0430112	0.00786425	0.118518	0.0691399	0.218391
138	0.218391	0.0461519	0.0313718	-0.0608996	-0.0599179	0.0229559	0.0144116	-0.0412539	-0.136149	0.120172	-0.0855413	-0.00852461	-0.0430112	0.00786425	0.118518	0.0937403
139	0.0937403	0.218391	0.0461519	0.0313718	-0.0608996	-0.0599179	0.0229559	0.0144116	-0.0412539	-0.136149	0.120172	-0.0855413	-0.00852461	-0.0430112	0.00786425	0.172683
140	0.172683	0.0937403	0.218391	0.0461519	0.0313718	-0.0608996	-0.0599179	0.0229559	0.0144116	-0.0412539	-0.136149	0.120172	-0.0855413	-0.00852461	-0.0430112	0.142376
141	0.142376	0.172683	0.0937403	0.218391	0.0461519	0.0313718	-0.0608996	-0.0599179	0.0229559	0.0144116	-0.0412539	-0.136149	0.120172	-0.0855413	-0.00852461	-0.00917216
142	-0.00917216	0.142376	0.172683	0.0937403	0.218391	0.0461519	0.0313718	-0.0608996	-0.0599179	0.0229559	0.0144116	-0.0412539	-0.136149	0.120172	-0.0855413	0.160458
143	0.160458	-0.00917216	0.142376	0.172683	0.0937403	0.218391	0.0461519	0.0313718	-0.0608996	-0.0599179	0.0229559	0.0144116	-0.0412539	-0.136149	0.120172	0.0921429
144	0.0921429	0.160458	-0.00917216	0.142376	0.172683	0.0937403	0.218391	0.0461519	0.0313718	-0.0608996	-0.0599179	0.0229559	0.0144116	-0.0412539	-0.136149	-0.0211437
145	-0.0211437	0.0921429	0.160458	-0.00917216	0.142376	0.172683	0.0937403	0.218391	0.0461519	0.0313718	-0.0608996	-0.0599179	0.0229559	0.0144116	-0.0412539	0.219039
146	0.219039	-0.0211437	0.0921429	0.160458	-0.00917216	0.142376	0.172683	0.0937403	0.218391	0.0461519	0.0313718	-0.0608996	-0.0599179	0.0229559	0.0144116	0.120646
147	0.120646	0.219039	-0.0211437	0.0921429	0.160458	-0.00917216	0.142376	0.172683	0.0937403	0.218391	0.0461519	0.0313718	-0.0608996	-0.0599179	0.0229559	0.0393554
148	0.0393554	0.120646	0.219039	-0.0211437	0.0921429	0.160458	-0.00917216	0.142376	0.172683	0.0937403	0.218391	0.0461519	0.0313718	-0.0608996	-0.0599179	0.128241
149	0.128241	0.0393554	0.120646	0.219039	-0.0211437	0.0921429	0.160458	-0.00917216	0.142376	0.172683	0.0937403	0.218391	0.0461519	0.0313718	-0.0608996	0.0335181
150	0.0335181	0.128241	0.0393554	0.120646	0.219039	-0.0211437	0.0921429	0.160458	-0.00917216	0.142376	0.172683	0.0937403	0.218391	0.0461519	0.0313718	0.109664
151	0.109664	0.0335181	0.128241	0.0393554	0.120646	0.219039	-0.0211437	0.0921429	0.160458	-0.00917216	0.142376	0.172683	0.0937403	0.218391	0.0461519	0.163671
152	0.163671	0.109664	0.0335181	0.128241	0.0393554	0.120646	0.219039	-0.0211437	0.0921429	0.160458	-0.00917216	0.142376	0.172683	0.0937403	0.218391	-0.0340265
153	-0.0340265	0.163671	0.109664	0.0335181	0.128241	0.0393554	0.120646	0.219039	-0.0211437	0.0921429	0.160458	-0.00917216	0.142376	0.172683	0.0937403	0.224083
154	0.224083	-0.0340265	0.163671	0.109664	0.0335181	0.128241	0.0393554	0.120646	0.219039	-0.0211437	0.0921429	0.160458	-0.00917216	0.142376	0.172683	-0.0695134
155	-0.0695134	0.224083	-0.0340265	0.163671	0.109664	0.0335181	0.128241	0.0393554	0.120646	0.219039	-0.0211437	0.0921429	0.160458	-0.00917216	0.142376	0.0542725
156	0.0542725	-0.0695134	0.224083	-0.0340265	0.163671	0.109664	0.0335181	0.128241	0.0393554	0.120646	0.219039	-0.0211437	0.0921429	0.160458	-0.00917216	0.0570661
157	0.0570661	0.0542725	-0.0695134	0.224083	-0.0340265	0.163671	0.109664	0.0335181	0.128241	0.0393554	0.120646	0.219039	-0.0211437	0.0921429	0.160458	0.0501603
158	0.0501603	0.0570661	0.0542725	-0.0695134	0.224083	-0.0340265	0.163671	0.109664	0.0335181	0.128241	0.0393554	0.120646	0.219039	-0.0211437	0.0921429	-0.0403081
159	-0.0403081	0.0501603	0.0570661	0.0542725	-0.0695134	0.224083	-0.0340265	0.163671	0.109664	0.0335181	0.128241	0.0393554	0.120646	0.219039	-0.0211437	-0.0082453
160	-0.0082453	-0.0403081	0.0501603	0.0570661	0.0542725	-0.0695134	0.224083	-0.0340265	0.163671	0.109664	0.0335181	0.128241	0.0393554	0.120646	0.219039	-0.0509949
161	-0.0509949	-0.0082453	-0.0403081	0.0501603	0.0570661	0.0542725	-0.0695134	0.224083	-0.0340265	0.163671	0.109664	0.0335181	0.128241	0.0393554	0.120646	0.0561315
162	0.0561315	-0.0509949	-0.0082453	-0.0403081	0.0501603	0.0570661	0.0542725	-0.0695134	0.224083	-0.0340265	0.163671	0.109664	0.0335181	0.128241	0.0393554	-0.0485921
163	-0.0485921	0.0561315	-0.0509949	-0.0082453	-0.0403081	0.0501603	0.0570661	0.0542725	-0.0695134	0.224083	-0.0340265	0.163671	0.109664	0.0335181	0.128241	0.131675
164	0.131675	-0.0485921	0.0561315	-0.0509949	-0.0082453	-0.0403081	0.0501603	0.0570661	0.0542725	-0.0695134	0.224083	-0.0340265	0.163671	0.109664	0.0335181	0.034117
165	0.034117	0.131675	-0.0485921	0.0561315	-0.0509949	-0.0082453	-0.0403081	0.0501603	0.0570661	0.0542725	-0.0695134	0.224083	-0.0340265	0.163671	0.109664	0.041477
166	0.041477	0.034117	0.131675	-0.0485921	0.0561315	-0.0509949	-0.0082453	-0.0403081	0.0501603	0.0570661	0.0542725	-0.0695134	0.224083	-0.0340265	0.163671	0.159075
167	0.159075	0.041477	0.034117	0.131675	-0.0485921	0.0561315	-0.0509949	-0.0082453	-0.0403081	0.0501603	0.0570661	0.0542725	-0.0695134	0.224083	-0.0340265	0.0789985
168	0.0789985	0.159075	0.041477	0.034117	0.131675	-0.0485921	0.0561315	-0.0509949	-0.0082453	-0.0403081	0.0501603	0.0570661	0.0542725	-0.0695134	0.224083	-0.0782499
169	-0.0782499	0.0789985	0.159075	0.041477	0.034117	0.131675	-0.0485921	0.0561315	-0.0509949	-0.0082453	-0.0403081	0.0501603	0.0570661	0.0542725	-0.0695134	0.0966998
170	0.0966998	-0.0782499	0.0789985	0.159075	0.041477	0.034117	0.131675	-0.0485921	0.0561315	-0.0509949	-0.0082453	-0.0403081	0.0501603	0.0570661	0.0542725	-0.00772013
171	-0.00772013	0.0966998	-0.0782499	0.0789985	0.159075	0.041477	0.034117	0.131675	-0.0485921	0.0561315	-0.0509949	-0.0082453	-0.0403081	0.0501603	0.0570661	-0.0103701
172	-0.0103701	-0.00772013	0.0966998	-0.0782499	0.0789985	0.159075	0.041477	0.034117	0.131675	-0.0485921	0.0561315	-0.0509949	-0.0082453	-0.0403081	0.0501603	0.0625975
173	0.0625975	-0.0103701	-0.00772013	0.0966998	-0.0782499	0.0789985	0.159075	0.041477	0.034117	0.131675	-0.0485921	0.0561315	-0.0509949	-0.0082453	-0.0403081	0.0128896
174	0.0128896	0.0625975	-0.0103701	-0.00772013	0.0966998	-0.0782499	0.0789985	0.159075	0.041477	0.034117	0.131675	-0.0485921	0.0561315	-0.0509949	-0.0082453	-0.166945
175	-0.166945	0.0128896	0.0625975	-0.0103701	-0.00772013	0.0966998	-0.0782499	0.0789985	0.159075	0.041477	0.034117	0.131675	-0.0485921	0.0561315	-0.0509949	0.0531941
176	0.0531941	-0.166945	0.0128896	0.0625975	-0.0103701	-0.00772013	0.0966998	-0.0782499	0.0789985	0.159075	0.041477	0.034117	0.131675	-0.0485921	0.0561315	-0.0866635
177	-0.0866635	0.0531941	-0.166945	0.0128896	0.0625975	-0.0103701	-0.00772013	0.0966998	-0.0782499	0.0789985	0.159075	0.041477	0.034117	0.131675	-0.0485921	0.28363
178	0.28363	-0.0866635	0.0531941	-0.166945	0.0128896	0.0625975	-0.0103701	-0.00772013	0.0966998	-0.0782499	0.0789985	0.159075	0.041477	0.034117	0.131675	-0.0867586
179	-0.0867586	0.28363	-0.0866635	0.0531941	-0.166945	0.0128896	0.0625975	-0.0103701	-0.00772013	0.0966998	-0.0782499	0.0789985	0.159075	0.041477	0.034117	0.000808625
180	0.000808625	-0.0867586	0.28363	-0.0866635	0.0531941	-0.166945	0.0128896	0.0625975	-0.0103701	-0.00772013	0.0966998	-0.0782499	0.0789985	0.159075	0.041477	0.107724
181	0.107724	0.000808625	-0.0867586	0.28363	-0.0866635	0.0531941	-0.166945	0.0128896	0.0625975	-0.0103701	-0.00772013	0.0966998	-0.0782499	0.0789985	0.159075	0.0638189
182	0.0638189	0.107724	0.000808625	-0.0867586	0.28363	-0.0866635	0.0531941	-0.166945	0.0128896	0.0625975	-0.0103701	-0.00772013	0.0966998	-0.0782499	0.0789985	-0.122786
183	-0.122786	0.0638189	0.107724	0.000808625	-0.0867586	0.28363	-0.0866635	0.0531941	-0.166945	0.0128896	0.0625975	-0.0103701	-0.00772013	0.0966998	-0.0782499	0.0312627
184	0.0312627	-0.122786	0.0638189	0.107724	0.000808625	-0.0867586	0.28363	-0.0866635	0.0531941	-0.166945	0.0128896	0.0625975	-0.0103701	-0.00772013	0.0966998	0.132468
185	0.132468	0.0312627	-0.122786	0.0638189	0.107724	0.000808625	-0.0867586	0.28363	-0.0866635	0.0531941	-0.166945	0.0128896	0.0625975	-0.0103701	-0.00772013	0.0449699
186	0.0449699	0.132468	0.0312627	-0.122786	0.0638189	0.107724	0.000808625	-0.0867586	0.28363	-0.0866635	0.0531941	-0.166945	0.0128896	0.0625975	-0.0103701	0.0791007
187	0.0791007	0.0449699	0.132468	0.0312627	-0.122786	0.0638189	0.107724	0.000808625	-0.0867586	0.28363	-0.0866635	0.0531941	-0.166945	0.0128896	0.0625975	0.141287
188	0.141287	0.0791007	0.0449699	0.132468	0.0312627	-0.122786	0.0638189	0.107724	0.000808625	-0.0867586	0.28363	-0.0866635	0.0531941	-0.166945	0.0128896	0.0601949
189	0.0601949	0.141287	0.0791007	0.0449699	0.132468	0.0312627	-0.122786	0.0638189	0.107724	0.000808625	-0.0867586	0.28363	-0.0866635	0.0531941	-0.166945	0.0891219
190	0.0891219	0.0601949	0.141287	0.0791007	0.0449699	0.132468	0.0312627	-0.122786	0.0638189	0.107724	0.000808625	-0.0867586	0.28363	-0.0866635	0.0531941	0.100283
191	0.100283	0.0891219	0.0601949	0.141287	0.0791007	0.0449699	0.132468	0.0312627	-0.122786	0.0638189	0.107724	0.000808625	-0.0867586	0.28363	-0.0866635	0.0952859
192	0.0952859	0.100283	0.0891219	0.0601949	0.141287	0.0791007	0.0449699	0.132468	0.0312627	-0.122786	0.0638189	0.107724	0.000808625	-0.0867586	0.28363	0.0787049
193	0.0787049	0.0952859	0.100283	0.0891219	0.0601949	0.141287	0.0791007	0.0449699	0.132468	0.0312627	-0.122786	0.0638189	0.107724	0.000808625	-0.0867586	0.130905
194	0.130905	0.0787049	0.0952859	0.100283	0.0891219	0.0601949	0.141287	0.0791007	0.0449699	0.132468	0.0312627	-0.122786	0.0638189	0.107724	0.000808625	0.0525316
195	0.0525316	0.130905	0.0787049	0.0952859	0.100283	0.0891219	0.0601949	0.141287	0.0791007	0.0449699	0.132468	0.0312627	-0.122786	0.0638189	0.107724	0.078282
196	0.078282	0.0525316	0.130905	0.0787049	0.0952859	0.100283	0.0891219	0.0601949	0.141287	0.0791007	0.0449699	0.132468	0.0312627	-0.122786	0.0638189	0.0746542
197	0.0746542	0.078282	0.0525316	0.130905	0.0787049	0.0952859	0.100283	0.0891219	0.0601949	0.141287	0.0791007	0.0449699	0.132468	0.0312627	-0.122786	-0.0453028
198	-0.0453028	0.0746542	0.078282	0.0525316	0.130905	0.0787049	0.0952859	0.100283	0.0891219	0.0601949	0.141287	0.0791007	0.0449699	0.132468	0.0312627	-0.0743581
199	-0.0743581	-0.0453028	0.0746542	0.078282	0.0525316	0.130905	0.0787049	0.0952859	0.100283	0.0891219	0.0601949	0.141287	0.0791007	0.0449699	0.132468	0.0141581
200	0.0141581	-0.0743581	-0.0453028	0.0746542	0.078282	0.0525316	0.130905	0.0787049	0.0952859	0.100283	0.0891219	0.0601949	0.141287	0.0791007	0.0449699	0.0735573
201	0.0735573	0.0141581	-0.0743581	-0.0453028	0.0746542	0.078282	0.0525316	0.130905	0.0787049	0.0952859	0.100283	0.0891219	0.0601949	0.141287	0.0791007	-0.0917962
202	-0.0917962	0.0735573	0.0141581	-0.0743581	-0.0453028	0.0746542	0.078282	0.0525316	0.130905	0.0787049	0.0952859	0.100283	0.0891219	0.0601949	0.141287	-0.0653047
203	-0.0653047	-0.0917962	0.0735573	0.0141581	-0.0743581	-0.0453028	0.0746542	0.078282	0.0525316	0.130905	0.0787049	0.0952859	0.100283	0.0891219	0.0601949	-0.00647903
204	-0.00647903	-0.0653047	-0.0917962	0.0735573	0.0141581	-0.0743581	-0.0453028	0.0746542	0.078282	0.0525316	0.130905	0.0787049	0.0952859	0.100283	0.0891219	0.244012
205	0.244012	-0.00647903	-0.0653047	-0.0917962	0.0735573	0.0141581	-0.0743581	-0.0453028	0.0746542	0.078282	0.0525316	0.130905	0.0787049	0.0952859	0.100283	0.0731585
206	0.0731585	0.244012	-0.00647903	-0.0653047	-0.0917962	0.0735573	0.0141581	-0.0743581	-0.0453028	0.0746542	0.078282	0.0525316	0.130905	0.0787049	0.0952859	0.0941109
207	0.0941109	0.0731585	0.244012	-0.00647903	-0.0653047	-0.0917962	0.0735573	0.0141581	-0.0743581	-0.0453028	0.0746542	0.078282	0.0525316	0.130905	0.0787049	0.151298
208	0.151298	0.0941109	0.0731585	0.244012	-0.00647903	-0.0653047	-0.0917962	0.0735573	0.0141581	-0.0743581	-0.0453028	0.0746542	0.078282	0.0525316	0.130905	0.157893
209	0.157893	0.151298	0.0941109	0.0731585	0.244012	-0.00647903	-0.0653047	-0.0917962	0.0735573	0.0141581	-0.0743581	-0.0453028	0.0746542	0.078282	0.0525316	0.202239
210	0.202239	0.157893	0.151298	0.0941109	0.0731585	0.244012	-0.00647903	-0.0653047	-0.0917962	0.0735573	0.0141581	-0.0743581	-0.0453028	0.0746542	0.078282	0.143822
211	0.143822	0.202239	0.157893	0.151298	0.0941109	0.0731585	0.244012	-0.00647903	-0.0653047	-0.0917962	0.0735573	0.0141581	-0.0743581	-0.0453028	0.0746542	0.267151
212	0.267151	0.143822	0.202239	0.157893	0.151298	0.0941109	0.0731585	0.244012	-0.00647903	-0.0653047	-0.0917962	0.0735573	0.0141581	-0.0743581	-0.0453028	0.140934
213	0.140934	0.267151	0.143822	0.202239	0.157893	0.151298	0.0941109	0.0731585	0.244012	-0.00647903	-0.0653047	-0.0917962	0.0735573	0.0141581	-0.0743581	-0.116772
214	-0.116772	0.140934	0.267151	0.143822	0.202239	0.157893	0.151298	0.0941109	0.0731585	0.244012	-0.00647903	-0.0653047	-0.0917962	0.0735573	0.0141581	0.109853
215	0.109853	-0.116772	0.140934	0.267151	0.143822	0.202239	0.157893	0.151298	0.0941109	0.0731585	0.244012	-0.00647903	-0.0653047	-0.0917962	0.0735573	-0.140835
216	-0.140835	0.109853	-0.116772	0.140934	0.267151	0.143822	0.202239	0.157893	0.151298	0.0941109	0.0731585	0.244012	-0.00647903	-0.0653047	-0.0917962	0.0964287
217	0.0964287	-0.140835	0.109853	-0.116772	0.140934	0.267151	0.143822	0.202239	0.157893	0.151298	0.0941109	0.0731585	0.244012	-0.00647903	-0.0653047	0.054568
218	0.054568	0.0964287	-0.140835	0.109853	-0.116772	0.140934	0.267151	0.143822	0.202239	0.157893	0.151298	0.0941109	0.0731585	0.244012	-0.00647903	-0.00180628
219	-0.00180628	0.054568	0.0964287	-0.140835	0.109853	-0.116772	0.140934	0.267151	0.143822	0.202239	0.157893	0.151298	0.0941109	0.0731585	0.244012	-0.100179
220	-0.100179	-0.00180628	0.054568	0.0964287	-0.140835	0.109853	-0.116772	0.140934	0.267151	0.143822	0.202239	0.157893	0.151298	0.0941109	0.0731585	-0.0130447
221	-0.0130447	-0.100179	-0.00180628	0.054568	0.0964287	-0.140835	0.109853	-0.116772	0.140934	0.267151	0.143822	0.202239	0.157893	0.151298	0.0941109	0.0410421
222	0.0410421	-0.0130447	-0.100179	-0.00180628	0.054568	0.0964287	-0.140835	0.109853	-0.116772	0.140934	0.267151	0.143822	0.202239	0.157893	0.151298	0.0282694
223	0.0282694	0.0410421	-0.0130447	-0.100179	-0.00180628	0.054568	0.0964287	-0.140835	0.109853	-0.116772	0.140934	0.267151	0.143822	0.202239	0.157893	-0.0932704
224	-0.0932704	0.0282694	0.0410421	-0.0130447	-0.100179	-0.00180628	0.054568	0.0964287	-0.140835	0.109853	-0.116772	0.140934	0.267151	0.143822	0.202239	-0.000512496
225	-0.000512496	-0.0932704	0.0282694	0.0410421	-0.0130447	-0.100179	-0.00180628	0.054568	0.0964287	-0.140835	0.109853	-0.116772	0.140934	0.267151	0.143822	-0.105925
226	-0.105925	-0.000512496	-0.0932704	0.0282694	0.0410421	-0.0130447	-0.100179	-0.00180628	0.054568	0.0964287	-0.140835	0.109853	-0.116772	0.140934	0.267151	0.0663841
227	0.0663841	-0.105925	-0.000512496	-0.0932704	0.0282694	0.0410421	-0.0130447	-0.100179	-0.00180628	0.054568	0.0964287	-0.140835	0.109853	-0.116772	0.140934	0.198734
228	0.198734	0.0663841	-0.105925	-0.000512496	-0.0932704	0.0282694	0.0410421	-0.0130447	-0.100179	-0.00180628	0.054568	0.0964287	-0.140835	0.109853	-0.116772	0.0215036
229	0.0215036	0.198734	0.0663841	-0.105925	-0.000512496	-0.0932704	0.0282694	0.0410421	-0.0130447	-0.100179	-0.00180628	0.054568	0.0964287	-0.140835	0.109853	-0.0577914
230	-0.0577914	0.0215036	0.198734	0.0663841	-0.105925	-0.000512496	-0.0932704	0.0282694	0.0410421	-0.0130447	-0.100179	-0.00180628	0.054568	0.0964287	-0.140835	0.25862
231	0.25862	-0.0577914	0.0215036	0.198734	0.0663841	-0.105925	-0.000512496	-0.0932704	0.0282694	0.0410421	-0.0130447	-0.100179	-0.00180628	0.054568	0.0964287	-0.0212809
232	-0.0212809	0.25862	-0.0577914	0.0215036	0.198734	0.0663841	-0.105925	-0.000512496	-0.0932704	0.0282694	0.0410421	-0.0130447	-0.100179	-0.00180628	0.054568	0.151761
233	0.151761	-0.0212809	0.25862	-0.0577914	0.0215036	0.198734	0.0663841	-0.105925	-0.000512496	-0.0932704	0.0282694	0.0410421	-0.0130447	-0.100179	-0.00180628	0.0935806
234	0.0935806	0.151761	-0.0212809	0.25862	-0.0577914	0.0215036	0.198734	0.0663841	-0.105925	-0.000512496	-0.0932704	0.0282694	0.0410421	-0.0130447	-0.100179	0.072889
235	0.072889	0.0935806	0.151761	-0.0212809	0.25862	-0.0577914	0.0215036	0.198734	0.0663841	-0.105925	-0.000512496	-0.0932704	0.0282694	0.0410421	-0.0130447	0.227958
236	0.227958	0.072889	0.0935806	0.151761	-0.0212809	0.25862	-0.0577914	0.0215036	0.198734	0.0663841	-0.105925	-0.000512496	-0.0932704	0.0282694	0.0410421	0.00945972
237	0.00945972	0.227958	0.072889	0.0935806	0.151761	-0.0212809	0.25862	-0.0577914	0.0215036	0.198734	0.0663841	-0.105925	-0.000512496	-0.0932704	0.0282694	0.19236
238	0.19236	0.00945972	0.227958	0.072889	0.0935806	0.151761	-0.0212809	0.25862	-0.0577914	0.0215036	0.198734	0.0663841	-0.105925	-0.000512496	-0.0932704	-0.0392817
239	-0.0392817	0.19236	0.00945972	0.227958	0.072889	0.0935806	0.151761	-0.0212809	0.25862	-0.0577914	0.0215036	0.198734	0.0663841	-0.105925	-0.000512496	0.0692265
240	0.0692265	-0.0392817	0.19236	0.00945972	0.227958	0.072889	0.0935806	0.151761	-0.0212809	0.25862	-0.0577914	0.0215036	0.198734	0.0663841	-0.105925	0.0469139
241	0.0469139	0.0692265	-0.0392817	0.19236	0.00945972	0.227958	0.072889	0.0935806	0.151761	-0.0212809	0.25862	-0.0577914	0.0215036	0.198734	0.0663841	-0.15633
242	-0.15633	0.0469139	0.0692265	-0.0392817	0.19236	0.00945972	0.227958	0.072889	0.0935806	0.151761	-0.0212809	0.25862	-0.0577914	0.0215036	0.198734	-0.0994378
243	-0.0994378	-0.15633	0.0469139	0.0692265	-0.0392817	0.19236	0.00945972	0.227958	0.072889	0.0935806	0.151761	-0.0212809	0.25862	-0.0577914	0.0215036	-0.0118265
244	-0.0118265	-0.0994378	-0.15633	0.0469139	0.0692265	-0.0392817	0.19236	0.00945972	0.227958	0.072889	0.0935806	0.151761	-0.0212809	0.25862	-0.0577914	0.393373
245	0.393373	-0.0118265	-0.0994378	-0.15633	0.0469139	0.0692265	-0.0392817	0.19236	0.00945972	0.227958	0.072889	0.0935806	0.151761	-0.0212809	0.25862	0.141092
246	0.141092	0.393373	-0.0118265	-0.0994378	-0.15633	0.0469139	0.0692265	-0.0392817	0.19236	0.00945972	0.227958	0.072889	0.0935806	0.151761	-0.0212809	-0.0298299
247	-0.0298299	0.141092	0.393373	-0.0118265	-0.0994378	-0.15633	0.0469139	0.0692265	-0.0392817	0.19236	0.00945972	0.227958	0.072889	0.0935806	0.151761	0.191247
248	0.191247	-0.0298299	0.141092	0.393373	-0.0118265	-0.0994378	-0.15633	0.0469139	0.0692265	-0.0392817	0.19236	0.00945972	0.227958	0.072889	0.0935806	0.135861
249	0.135861	0.191247	-0.0298299	0.141092	0.393373	-0.0118265	-0.0994378	-0.15633	0.0469139	0.0692265	-0.0392817	0.19236	0.00945972	0.227958	0.072889	-0.0424235
250	-0.0424235	0.135861	0.191247	-0.0298299	0.141092	0.393373	-0.0118265	-0.0994378	-0.15633	0.0469139	0.0692265	-0.0392817	0.19236	0.00945972	0.227958	-0.103526
251	-0.103526	-0.0424235	0.135861	0.191247	-0.0298299	0.141092	0.393373	-0.0118265	-0.0994378	-0.15633	0.0469139	0.0692265	-0.0392817	0.19236	0.00945972	-0.00185741
252	-0.00185741	-0.103526	-0.0424235	0.135861	0.191247	-0.0298299	0.141092	0.393373	-0.0118265	-0.0994378	-0.15633	0.0469139	0.0692265	-0.0392817	0.19236	0.138618
253	0.138618	-0.00185741	-0.103526	-0.0424235	0.135861	0.191247	-0.0298299	0.141092	0.393373	-0.0118265	-0.0994378	-0.15633	0.0469139	0.0692265	-0.0392817	0.00763249
254	0.00763249	0.138618	-0.00185741	-0.103526	-0.0424235	0.135861	0.191247	-0.0298299	0.141092	0.393373	-0.0118265	-0.0994378	-0.15633	0.0469139	0.0692265	0.107591
255	0.107591	0.00763249	0.138618	-0.00185741	-0.103526	-0.0424235	0.135861	0.191247	-0.0298299	0.141092	0.393373	-0.0118265	-0.0994378	-0.15633	0.0469139	0.0384541
256	0.0384541	0.107591	0.00763249	0.138618	-0.00185741	-0.103526	-0.0424235	0.135861	0.191247	-0.0298299	0.141092	0.393373	-0.0118265	-0.0994378	-0.15633	0.197084
257	0.197084	0.0384541	0.107591	0.00763249	0.138618	-0.00185741	-0.103526	-0.0424235	0.135861	0.191247	-0.0298299	0.141092	0.393373	-0.0118265	-0.0994378	0.066084
258	0.066084	0.197084	0.0384541	0.107591	0.00763249	0.138618	-0.00185741	-0.103526	-0.0424235	0.135861	0.191247	-0.0298299	0.141092	0.393373	-0.0118265	0.0990653
259	0.0990653	0.066084	0.197084	0.0384541	0.107591	0.00763249	0.138618	-0.00185741	-0.103526	-0.0424235	0.135861	0.191247	-0.0298299	0.141092	0.393373	0.230965
260	0.230965	0.0990653	0.066084	0.197084	0.0384541	0.107591	0.00763249	0.138618	-0.00185741	-0.103526	-0.0424235	0.135861	0.191247	-0.0298299	0.141092	-0.0965618
261	-0.0965618	0.230965	0.0990653	0.066084	0.197084	0.0384541	0.107591	0.00763249	0.138618	-0.00185741	-0.103526	-0.0424235	0.135861	0.191247	-0.0298299	0.103993
262	0.103993	-0.0965618	0.230965	0.0990653	0.066084	0.197084	0.0384541	0.107591	0.00763249	0.138618	-0.00185741	-0.103526	-0.0424235	0.135861	0.191247	0.0760209
263	0.0760209	0.103993	-0.0965618	0.230965	0.0990653	0.066084	0.197084	0.0384541	0.107591	0.00763249	0.138618	-0.00185741	-0.103526	-0.0424235	0.135861	0.20643
264	0.20643	0.0760209	0.103993	-0.0965618	0.230965	0.0990653	0.066084	0.197084	0.0384541	0.107591	0.00763249	0.138618	-0.00185741	-0.103526	-0.0424235	0.0645499
265	0.0645499	0.20643	0.0760209	0.103993	-0.0965618	0.230965	0.0990653	0.066084	0.197084	0.0384541	0.107591	0.00763249	0.138618	-0.00185741	-0.103526	0.0730854
266	0.0730854	0.0645499	0.20643	0.0760209	0.103993	-0.0965618	0.230965	0.0990653	0.066084	0.197084	0.0384541	0.107591	0.00763249	0.138618	-0.00185741	0.134181
267	0.134181	0.0730854	0.0645499	0.20643	0.0760209	0.103993	-0.0965618	0.230965	0.0990653	0.066084	0.197084	0.0384541	0.107591	0.00763249	0.138618	-0.0138174
268	-0.0138174	0.134181	0.0730854	0.0645499	0.20643	0.0760209	0.103993	-0.0965618	0.230965	0.0990653	0.066084	0.197084	0.0384541	0.107591	0.00763249	0.223114
269	0.223114	-0.0138174	0.134181	0.0730854	0.0645499	0.20643	0.0760209	0.103993	-0.0965618	0.230965	0.0990653	0.066084	0.197084	0.0384541	0.107591	0.0320763
270	0.0320763	0.223114	-0.0138174	0.134181	0.0730854	0.0645499	0.20643	0.0760209	0.103993	-0.0965618	0.230965	0.0990653	0.066084	0.197084	0.0384541	0.0348366
271	0.0348366	0.0320763	0.223114	-0.0138174	0.134181	0.0730854	0.0645499	0.20643	0.0760209	0.103993	-0.0965618	0.230965	0.0990653	0.066084	0.197084	0.00981396
272	0.00981396	0.0348366	0.0320763	0.223114	-0.0138174	0.134181	0.0730854	0.0645499	0.20643	0.0760209	0.103993	-0.0965618	0.230965	0.0990653	0.066084	0.0432849
273	0.0432849	0.00981396	0.0348366	0.0320763	0.223114	-0.0138174	0.134181	0.0730854	0.0645499	0.20643	0.0760209	0.103993	-0.0965618	0.230965	0.0990653	0.00824168
274	0.00824168	0.0432849	0.00981396	0.0348366	0.0320763	0.223114	-0.0138174	0.134181	0.0730854	0.0645499	0.20643	0.0760209	0.103993	-0.0965618	0.230965	0.0563371
275	0.0563371	0.00824168	0.0432849	0.00981396	0.0348366	0.0320763	0.223114	-0.0138174	0.134181	0.0730854	0.0645499	0.20643	0.0760209	0.103993	-0.0965618	0.0373406
276	0.0373406	0.0563371	0.00824168	0.0432849	0.00981396	0.0348366	0.0320763	0.223114	-0.0138174	0.134181	0.0730854	0.0645499	0.20643	0.0760209	0.103993	-0.0139579
277	-0.0139579	0.0373406	0.0563371	0.00824168	0.0432849	0.00981396	0.0348366	0.0320763	0.223114	-0.0138174	0.134181	0.0730854	0.0645499	0.20643	0.0760209	0.0896828
278	0.0896828	-0.0139579	0.0373406	0.0563371	0.00824168	0.0432849	0.00981396	0.0348366	0.0320763	0.223114	-0.0138174	0.134181	0.0730854	0.0645499	0.20643	0.0202364
279	0.0202364	0.0896828	-0.0139579	0.0373406	0.0563371	0.00824168	0.0432849	0.00981396	0.0348366	0.0320763	0.223114	-0.0138174	0.134181	0.0730854	0.0645499	-0.0452768
280	-0.0452768	0.0202364	0.0896828	-0.0139579	0.0373406	0.0563371	0.00824168	0.0432849	0.00981396	0.0348366	0.0320763	0.223114	-0.0138174	0.134181	0.0730854	0.0192971
281	0.0192971	-0.0452768	0.0202364	0.0896828	-0.0139579	0.0373406	0.0563371	0.00824168	0.0432849	0.00981396	0.0348366	0.0320763	0.223114	-0.0138174	0.134181	0.11281
282	0.11281	0.0192971	-0.0452768	0.0202364	0.0896828	-0.0139579	0.0373406	0.0563371	0.00824168	0.0432849	0.00981396	0.0348366	0.0320763	0.223114	-0.0138174	0.00662603
283	0.00662603	0.11281	0.0192971	-0.0452768	0.0202364	0.0896828	-0.0139579	0.0373406	0.0563371	0.00824168	0.0432849	0.00981396	0.0348366	0.0320763	0.223114	-0.0274513
284	-0.0274513	0.00662603	0.11281	0.0192971	-0.0452768	0.0202364	0.0896828	-0.0139579	0.0373406	0.0563371	0.00824168	0.0432849	0.00981396	0.0348366	0.0320763	0.0061163
285	0.0061163	-0.0274513	0.00662603	0.11281	0.0192971	-0.0452768	0.0202364	0.0896828	-0.0139579	0.0373406	0.0563371	0.00824168	0.0432849	0.00981396	0.0348366	-0.0796646
286	-0.0796646	0.0061163	-0.0274513	0.00662603	0.11281	0.0192971	-0.0452768	0.0202364	0.0896828	-0.0139579	0.0373406	0.0563371	0.00824168	0.0432849	0.00981396	0.0626948
287	0.0626948	-0.0796646	0.0061163	-0.0274513	0.00662603	0.11281	0.0192971	-0.0452768	0.0202364	0.0896828	-0.0139579	0.0373406	0.0563371	0.00824168	0.0432849	0.0703345
288	0.0703345	0.0626948	-0.0796646	0.0061163	-0.0274513	0.00662603	0.11281	0.0192971	-0.0452768	0.0202364	0.0896828	-0.0139579	0.0373406	0.0563371	0.00824168	0.118803
289	0.118803	0.0703345	0.0626948	-0.0796646	0.0061163	-0.0274513	0.00662603	0.11281	0.0192971	-0.0452768	0.0202364	0.0896828	-0.0139579	0.0373406	0.0563371	0.304955
290	0.304955	0.118803	0.0703345	0.0626948	-0.0796646	0.0061163	-0.0274513	0.00662603	0.11281	0.0192971	-0.0452768	0.0202364	0.0896828	-0.0139579	0.0373406	0.0108783
291	0.0108783	0.304955	0.118803	0.0703345	0.0626948	-0.0796646	0.0061163	-0.0274513	0.00662603	0.11281	0.0192971	-0.0452768	0.0202364	0.0896828	-0.0139579	-0.057015
292	-0.057015	0.0108783	0.304955	0.118803	0.0703345	0.0626948	-0.0796646	0.0061163	-0.0274513	0.00662603	0.11281	0.0192971	-0.0452768	0.0202364	0.0896828	0.123049
293	0.123049	-0.057015	0.0108783	0.304955	0.118803	0.0703345	0.0626948	-0.0796646	0.0061163	-0.0274513	0.00662603	0.11281	0.0192971	-0.0452768	0.0202364	-0.0469435
294	-0.0469435	0.123049	-0.057015	0.0108783	0.304955	0.118803	0.0703345	0.0626948	-0.0796646	0.0061163	-0.0274513	0.00662603	0.11281	0.0192971	-0.0452768	0.071568
295	0.071568	-0.0469435	0.123049	-0.057015	0.0108783	0.304955	0.118803	0.0703345	0.0626948	-0.0796646	0.0061163	-0.0274513	0.00662603	0.11281	0.0192971	0.189229
296	0.189229	0.071568	-0.0469435	0.123049	-0.057015	0.0108783	0.304955	0.118803	0.0703345	0.0626948	-0.0796646	0.0061163	-0.0274513	0.00662603	0.11281	0.0567401
297	0.0567401	0.189229	0.071568	-0.0469435	0.123049	-0.057015	0.0108783	0.304955	0.118803	0.0703345	0.0626948	-0.0796646	0.0061163	-0.0274513	0.00662603	0.0187863
298	0.0187863	0.0567401	0.189229	0.071568	-0.0469435	0.123049	-0.057015	0.0108783	0.304955	0.118803	0.0703345	0.0626948	-0.0796646	0.0061163	-0.0274513	0.107038
299	0.107038	0.0187863	0.0567401	0.189229	0.071568	-0.0469435	0.123049	-0.057015	0.0108783	0.304955	0.118803	0.0703345	0.0626948	-0.0796646	0.0061163	-0.204393
300	-0.204393	0.107038	0.0187863	0.0567401	0.189229	0.071568	-0.0469435	0.123049	-0.057015	0.0108783	0.304955	0.118803	0.0703345	0.0626948	-0.0796646	-0.0609782
301	-0.0609782	-0.204393	0.107038	0.0187863	0.0567401	0.189229	0.071568	-0.0469435	0.123049	-0.057015	0.0108783	0.304955	0.118803	0.0703345	0.0626948	0.0812861
302	0.0812861	-0.0609782	-0.204393	0.107038	0.0187863	0.0567401	0.189229	0.071568	-0.0469435	0.123049	-0.057015	0.0108783	0.304955	0.118803	0.0703345	0.296392
303	0.296392	0.0812861	-0.0609782	-0.204393	0.107038	0.0187863	0.0567401	0.189229	0.071568	-0.0469435	0.123049	-0.057015	0.0108783	0.304955	0.118803	-0.21734
304	-0.21734	0.296392	0.0812861	-0.0609782	-0.204393	0.107038	0.0187863	0.0567401	0.189229	0.071568	-0.0469435	0.123049	-0.057015	0.0108783	0.304955	-0.020848
305	-0.020848	-0.21734	0.296392	0.0812861	-0.0609782	-0.204393	0.107038	0.0187863	0.0567401	0.189229	0.071568	-0.0469435	0.123049	-0.057015	0.0108783	0.155665
306	0.155665	-0.020848	-0.21734	0.296392	0.0812861	-0.0609782	-0.204393	0.107038	0.0187863	0.0567401	0.189229	0.071568	-0.0469435	0.123049	-0.057015	0.251396
307	0.251396	0.155665	-0.020848	-0.21734	0.296392	0.0812861	-0.0609782	-0.204393	0.107038	0.0187863	0.0567401	0.189229	0.071568	-0.0469435	0.123049	0.0117417
308	0.0117417	0.251396	0.155665	-0.020848	-0.21734	0.296392	0.0812861	-0.0609782	-0.204393	0.107038	0.0187863	0.0567401	0.189229	0.071568	-0.0469435	0.135318
309	0.135318	0.0117417	0.251396	0.155665	-0.020848	-0.21734	0.296392	0.0812861	-0.0609782	-0.204393	0.107038	0.0187863	0.0567401	0.189229	0.071568	0.0636336
310	0.0636336	0.135318	0.0117417	0.251396	0.155665	-0.020848	-0.21734	0.296392	0.0812861	-0.0609782	-0.204393	0.107038	0.0187863	0.0567401	0.189229	0.0115858
311	0.0115858	0.0636336	0.135318	0.0117417	0.251396	0.155665	-0.020848	-0.21734	0.296392	0.0812861	-0.0609782	-0.204393	0.107038	0.0187863	0.0567401	0.0818445
312	0.0818445	0.0115858	0.0636336	0.135318	0.0117417	0.251396	0.155665	-0.020848	-0.21734	0.296392	0.0812861	-0.0609782	-0.204393	0.107038	0.0187863	0.123048
313	0.123048	0.0818445	0.0115858	0.0636336	0.135318	0.0117417	0.251396	0.155665	-0.020848	-0.21734	0.296392	0.0812861	-0.0609782	-0.204393	0.107038	-0.0472846
314	-0.0472846	0.123048	0.0818445	0.0115858	0.0636336	0.135318	0.0117417	0.251396	0.155665	-0.020848	-0.21734	0.296392	0.0812861	-0.0609782	-0.204393	-0.0656898
315	-0.0656898	-0.0472846	0.123048	0.0818445	0.0115858	0.0636336	0.135318	0.0117417	0.251396	0.155665	-0.020848	-0.21734	0.296392	0.0812861	-0.0609782	-0.159771
316	-0.159771	-0.0656898	-0.0472846	0.123048	0.0818445	0.0115858	0.0636336	0.135318	0.0117417	0.251396	0.155665	-0.020848	-0.21734	0.296392	0.0812861	-0.0388723
317	-0.0388723	-0.159771	-0.0656898	-0.0472846	0.123048	0.0818445	0.0115858	0.0636336	0.135318	0.0117417	0.251396	0.155665	-0.020848	-0.21734	0.296392	0.141629
318	0.141629	-0.0388723	-0.159771	-0.0656898	-0.0472846	0.123048	0.0818445	0.0115858	0.0636336	0.135318	0.0117417	0.251396	0.155665	-0.020848	-0.21734	0.0301367
319	0.0301367	0.141629	-0.0388723	-0.159771	-0.0656898	-0.0472846	0.123048	0.0818445	0.0115858	0.0636336	0.135318	0.0117417	0.251396	0.155665	-0.020848	-0.0208543
320	-0.0208543	0.0301367	0.141629	-0.0388723	-0.159771	-0.0656898	-0.0472846	0.123048	0.0818445	0.0115858	0.0636336	0.135318	0.0117417	0.251396	0.155665	0.205799
321	0.205799	-0.0208543	0.0301367	0.141629	-0.0388723	-0.159771	-0.0656898	-0.0472846	0.123048	0.0818445	0.0115858	0.0636336	0.135318	0.0117417	0.251396	-0.0841294
322	-0.0841294	0.205799	-0.0208543	0.0301367	0.141629	-0.0388723	-0.159771	-0.0656898	-0.0472846	0.123048	0.0818445	0.0115858	0.0636336	0.135318	0.0117417	-0.0784793
323	-0.0784793	-0.0841294	0.205799	-0.0208543	0.0301367	0.141629	-0.0388723	-0.159771	-0.0656898	-0.0472846	0.123048	0.0818445	0.0115858	0.0636336	0.135318	-0.0185704
324	-0.0185704	-0.0784793	-0.0841294	0.205799	-0.0208543	0.0301367	0.141629	-0.0388723	-0.159771	-0.0656898	-0.0472846	0.123048	0.0818445	0.0115858	0.0636336	0.126061
325	0.126061	-0.0185704	-0.0784793	-0.0841294	0.205799	-0.0208543	0.0301367	0.141629	-0.0388723	-0.159771	-0.0656898	-0.0472846	0.123048	0.0818445	0.0115858	0.139214
326	0.139214	0.126061	-0.0185704	-0.0784793	-0.0841294	0.205799	-0.0208543	0.0301367	0.141629	-0.0388723	-0.159771	-0.0656898	-0.0472846	0.123048	0.0818445	0.0983935
327	0.0983935	0.139214	0.126061	-0.0185704	-0.0784793	-0.0841294	0.205799	-0.0208543	0.0301367	0.141629	-0.0388723	-0.159771	-0.0656898	-0.0472846	0.123048	0.0483972
328	0.0483972	0.0983935	0.139214	0.126061	-0.0185704	-0.0784793	-0.0841294	0.205799	-0.0208543	0.0301367	0.141629	-0.0388723	-0.159771	-0.0656898	-0.0472846	-0.0733283
329	-0.0733283	0.0483972	0.0983935	0.139214	0.126061	-0.0185704	-0.0784793	-0.0841294	0.205799	-0.0208543	0.0301367	0.141629	-0.0388723	-0.159771	-0.0656898	-0.138791
330	-0.138791	-0.0733283	0.0483972	0.0983935	0.139214	0.126061	-0.0185704	-0.0784793	-0.0841294	0.205799	-0.0208543	0.0301367	0.141629	-0.0388723	-0.159771	0.0244529
331	0.0244529	-0.138791	-0.0733283	0.0483972	0.0983935	0.139214	0.126061	-0.0185704	-0.0784793	-0.0841294	0.205799	-0.0208543	0.0301367	0.141629	-0.0388723	0.104849
332	0.104849	0.0244529	-0.138791	-0.0733283	0.0483972	0.0983935	0.139214	0.126061	-0.0185704	-0.0784793	-0.0841294	0.205799	-0.0208543	0.0301367	0.141629	-0.0575726
333	-0.0575726	0.104849	0.0244529	-0.138791	-0.0733283	0.0483972	0.0983935	0.139214	0.126061	-0.0185704	-0.0784793	-0.0841294	0.205799	-0.0208543	0.0301367	0.0733251
334	0.0733251	-0.0575726	0.104849	0.0244529	-0.138791	-0.0733283	0.0483972	0.0983935	0.139214	0.126061	-0.0185704	-0.0784793	-0.0841294	0.205799	-0.0208543	-0.125989
335	-0.125989	0.0733251	-0.0575726	0.104849	0.0244529	-0.138791	-0.0733283	0.0483972	0.0983935	0.139214	0.126061	-0.0185704	-0.0784793	-0.0841294	0.205799	-0.00690703
336	-0.00690703	-0.125989	0.0733251	-0.0575726	0.104849	0.0244529	-0.138791	-0.0733283	0.0483972	0.0983935	0.139214	0.126061	-0.0185704	-0.0784793	-0.0841294	-0.0365376
337	-0.0365376	-0.00690703	-0.125989	0.0733251	-0.0575726	0.104849	0.0244529	-0.138791	-0.0733283	0.0483972	0.0983935	0.139214	0.126061	-0.0185704	-0.0784793	0.154917
338	0.154917	-0.0365376	-0.00690703	-0.125989	0.0733251	-0.0575726	0.104849	0.0244529	-0.138791	-0.0733283	0.0483972	0.0983935	0.139214	0.126061	-0.0185704	0.115765
339	0.115765	0.154917	-0.0365376	-0.00690703	-0.125989	0.0733251	-0.0575726	0.104849	0.0244529	-0.138791	-0.0733283	0.0483972	0.0983935	0.139214	0.126061	0.0185876
340	0.0185876	0.115765	0.154917	-0.0365376	-0.00690703	-0.125989	0.0733251	-0.0575726	0.104849	0.0244529	-0.138791	-0.0733283	0.0483972	0.0983935	0.139214	0.0599997
341	0.0599997	0.0185876	0.115765	0.154917	-0.0365376	-0.00690703	-0.125989	0.0733251	-0.0575726	0.104849	0.0244529	-0.138791	-0.0733283	0.0483972	0.0983935	-0.03954
342	-0.03954	0.0599997	0.0185876	0.115765	0.154917	-0.0365376	-0.00690703	-0.125989	0.0733251	-0.0575726	0.104849	0.0244529	-0.138791	-0.0733283	0.0483972	0.172561
343	0.172561	-0.03954	0.0599997	0.0185876	0.115765	0.154917	-0.0365376	-0.00690703	-0.125989	0.0733251	-0.0575726	0.104849	0.0244529	-0.138791	-0.0733283	0.0825075
344	0.0825075	0.172561	-0.03954	0.0599997	0.0185876	0.115765	0.154917	-0.0365376	-0.00690703	-0.125989	0.0733251	-0.0575726	0.104849	0.0244529	-0.138791	0.133572
345	0.133572	0.0825075	0.172561	-0.03954	0.0599997	0.0185876	0.115765	0.154917	-0.0365376	-0.00690703	-0.125989	0.0733251	-0.0575726	0.104849	0.0244529	-0.0518388
346	-0.0518388	0.133572	0.0825075	0.172561	-0.03954	0.0599997	0.0185876	0.115765	0.154917	-0.0365376	-0.00690703	-0.125989	0.0733251	-0.0575726	0.104849	0.234151
347	0.234151	-0.0518388	0.133572	0.0825075	0.172561	-0.03954	0.0599997	0.0185876	0.115765	0.154917	-0.0365376	-0.00690703	-0.125989	0.0733251	-0.0575726	0.073501
348	0.073501	0.234151	-0.0518388	0.133572	0.0825075	0.172561	-0.03954	0.0599997	0.0185876	0.115765	0.154917	-0.0365376	-0.00690703	-0.125989	0.0733251	0.0307472
349	0.0307472	0.073501	0.234151	-0.0518388	0.133572	0.0825075	0.172561	-0.03954	0.0599997	0.0185876	0.115765	0.154917	-0.0365376	-0.00690703	-0.125989	-0.0477808
350	-0.0477808	0.0307472	0.073501	0.234151	-0.0518388	0.133572	0.0825075	0.172561	-0.03954	0.0599997	0.0185876	0.115765	0.154917	-0.0365376	-0.00690703	0.176175
351	0.176175	-0.0477808	0.0307472	0.073501	0.234151	-0.0518388	0.133572	0.0825075	0.172561	-0.03954	0.0599997	0.0185876	0.115765	0.154917	-0.0365376	0.0916869
352	0.0916869	0.176175	-0.0477808	0.0307472	0.073501	0.234151	-0.0518388	0.133572	0.0825075	0.172561	-0.03954	0.0599997	0.0185876	0.115765	0.154917	-0.021874
353	-0.021874	0.0916869	0.176175	-0.0477808	0.0307472	0.073501	0.234151	-0.0518388	0.133572	0.0825075	0.172561	-0.03954	0.0599997	0.0185876	0.115765	-0.0459578
354	-0.0459578	-0.021874	0.0916869	0.176175	-0.0477808	0.0307472	0.073501	0.234151	-0.0518388	0.133572	0.0825075	0.172561	-0.03954	0.0599997	0.0185876	-0.115382
355	-0.115382	-0.0459578	-0.021874	0.0916869	0.176175	-0.0477808	0.0307472	0.073501	0.234151	-0.0518388	0.133572	0.0825075	0.172561	-0.03954	0.0599997	0.0261557
356	0.0261557	-0.115382	-0.0459578	-0.021874	0.0916869	0.176175	-0.0477808	0.0307472	0.073501	0.234151	-0.0518388	0.133572	0.0825075	0.172561	-0.03954	0.0983996
357	0.0983996	0.0261557	-0.115382	-0.0459578	-0.021874	0.0916869	0.176175	-0.0477808	0.0307472	0.073501	0.234151	-0.0518388	0.133572	0.0825075	0.172561	0.188446
358	0.188446	0.0983996	0.0261557	-0.115382	-0.0459578	-0.021874	0.0916869	0.176175	-0.0477808	0.0307472	0.073501	0.234151	-0.0518388	0.133572	0.0825075	0.150489
359	0.150489	0.188446	0.0983996	0.0261557	-0.115382	-0.0459578	-0.021874	0.0916869	0.176175	-0.0477808	0.0307472	0.073501	0.234151	-0.0518388	0.133572	0.11434
360	0.11434	0.150489	0.188446	0.0983996	0.0261557	-0.115382	-0.0459578	-0.021874	0.0916869	0.176175	-0.0477808	0.0307472	0.073501	0.234151	-0.0518388	0.0973113
361	0.0973113	0.11434	0.150489	0.188446	0.0983996	0.0261557	-0.115382	-0.0459578	-0.021874	0.0916869	0.176175	-0.0477808	0.0307472	0.073501	0.234151	0.126154
362	0.126154	0.0973113	0.11434	0.150489	0.188446	0.0983996	0.0261557	-0.115382	-0.0459578	-0.021874	0.0916869	0.176175	-0.0477808	0.0307472	0.073501	0.219226
363	0.219226	0.126154	0.0973113	0.11434	0.150489	0.188446	0.0983996	0.0261557	-0.115382	-0.0459578	-0.021874	0.0916869	0.176175	-0.0477808	0.0307472	0.0327707
364	0.0327707	0.219226	0.126154	0.0973113	0.11434	0.150489	0.188446	0.0983996	0.0261557	-0.115382	-0.0459578	-0.021874	0.0916869	0.176175	-0.0477808	0.0827337
365	0.0827337	0.0327707	0.219226	0.126154	0.0973113	0.11434	0.150489	0.188446	0.0983996	0.0261557	-0.115382	-0.0459578	-0.021874	0.0916869	0.176175	0.0651359
366	0.0651359	0.0827337	0.0327707	0.219226	0.126154	0.0973113	0.11434	0.150489	0.188446	0.0983996	0.0261557	-0.115382	-0.0459578	-0.021874	0.0916869	-0.0659481
367	-0.0659481	0.0651359	0.0827337	0.0327707	0.219226	0.126154	0.0973113	0.11434	0.150489	0.188446	0.0983996	0.0261557	-0.115382	-0.0459578	-0.021874	0.085165
368	0.085165	-0.0659481	0.0651359	0.0827337	0.0327707	0.219226	0.126154	0.0973113	0.11434	0.150489	0.188446	0.0983996	0.0261557	-0.115382	-0.0459578	0.0837456
369	0.0837456	0.085165	-0.0659481	0.0651359	0.0827337	0.0327707	0.219226	0.126154	0.0973113	0.11434	0.150489	0.188446	0.0983996	0.0261557	-0.115382	0.11995
370	0.11995	0.0837456	0.085165	-0.0659481	0.0651359	0.0827337	0.0327707	0.219226	0.126154	0.0973113	0.11434	0.150489	0.188446	0.0983996	0.0261557	0.126449
371	0.126449	0.11995	0.0837456	0.085165	-0.0659481	0.0651359	0.0827337	0.0327707	0.219226	0.126154	0.0973113	0.11434	0.150489	0.188446	0.0983996	0.126829
372	0.126829	0.126449	0.11995	0.0837456	0.085165	-0.0659481	0.0651359	0.0827337	0.0327707	0.219226	0.126154	0.0973113	0.11434	0.150489	0.188446	0.289173
373	0.289173	0.126829	0.126449	0.11995	0.0837456	0.085165	-0.0659481	0.0651359	0.0827337	0.0327707	0.219226	0.126154	0.0973113	0.11434	0.150489	0.0018779
374	0.0018779	0.289173	0.126829	0.126449	0.11995	0.0837456	0.085165	-0.0659481	0.0651359	0.0827337	0.0327707	0.219226	0.126154	0.0973113	0.11434	-0.013137
375	-0.013137	0.0018779	0.289173	0.126829	0.126449	0.11995	0.0837456	0.085165	-0.0659481	0.0651359	0.0827337	0.0327707	0.219226	0.126154	0.0973113	0.0579211
376	0.0579211	-0.013137	0.0018779	0.289173	0.126829	0.126449	0.11995	0.0837456	0.085165	-0.0659481	0.0651359	0.0827337	0.0327707	0.219226	0.126154	0.116995
377	0.116995	0.0579211	-0.013137	0.0018779	0.289173	0.126829	0.126449	0.11995	0.0837456	0.085165	-0.0659481	0.0651359	0.0827337	0.0327707	0.219226	0.0152543
378	0.0152543	0.116995	0.0579211	-0.013137	0.0018779	0.289173	0.126829	0.126449	0.11995	0.0837456	0.085165	-0.0659481	0.0651359	0.0827337	0.0327707	-0.0783537
379	-0.0783537	0.0152543	0.116995	0.0579211	-0.013137	0.0018779	0.289173	0.126829	0.126449	0.11995	0.0837456	0.085165	-0.0659481	0.0651359	0.0827337	0.162095
380	0.162095	-0.0783537	0.0152543	0.116995	0.0579211	-0.013137	0.0018779	0.289173	0.126829	0.126449	0.11995	0.0837456	0.085165	-0.0659481	0.0651359	-0.0189535
381	-0.0189535	0.162095	-0.0783537	0.0152543	0.116995	0.0579211	-0.013137	0.0018779	0.289173	0.126829	0.126449	0.11995	0.0837456	0.085165	-0.0659481	0.241372
382	0.241372	-0.0189535	0.162095	-0.0783537	0.0152543	0.116995	0.0579211	-0.013137	0.0018779	0.289173	0.126829	0.126449	0.11995	0.0837456	0.085165	0.0905488
383	0.0905488	0.241372	-0.0189535	0.162095	-0.0783537	0.0152543	0.116995	0.0579211	-0.013137	0.0018779	0.289173	0.126829	0.126449	0.11995	0.0837456	-0.0673686
384	-0.0673686	0.0905488	0.241372	-0.0189535	0.162095	-0.0783537	0.0152543	0.116995	0.0579211	-0.013137	0.0018779	0.289173	0.126829	0.126449	0.11995	-0.0670018
385	-0.0670018	-0.0673686	0.0905488	0.241372	-0.0189535	0.162095	-0.0783537	0.0152543	0.116995	0.0579211	-0.013137	0.0018779	0.289173	0.126829	0.126449	-0.0220206
386	-0.0220206	-0.0670018	-0.0673686	0.0905488	0.241372	-0.0189535	0.162095	-0.0783537	0.0152543	0.116995	0.0579211	-0.013137	0.0018779	0.289173	0.126829	0.128313
387	0.128313	-0.0220206	-0.0670018	-0.0673686	0.0905488	0.241372	-0.0189535	0.162095	-0.0783537	0.0152543	0.116995	0.0579211	-0.013137	0.0018779	0.289173	-0.0887393
388	-0.0887393	0.128313	-0.0220206	-0.0670018	-0.0673686	0.0905488	0.241372	-0.0189535	0.162095	-0.0783537	0.0152543	0.116995	0.0579211	-0.013137	0.0018779	0.101882
389	0.101882	-0.0887393	0.128313	-0.0220206	-0.0670018	-0.0673686	0.0905488	0.241372	-0.0189535	0.162095	-0.0783537	0.0152543	0.116995	0.0579211	-0.013137	-0.0700429
390	-0.0700429	0.101882	-0.0887393	0.128313	-0.0220206	-0.0670018	-0.0673686	0.0905488	0.241372	-0.0189535	0.162095	-0.0783537	0.0152543	0.116995	0.0579211	0.282263
391	0.282263	-0.0700429	0.101882	-0.0887393	0.128313	-0.0220206	-0.0670018	-0.0673686	0.0905488	0.241372	-0.0189535	0.162095	-0.0783537	0.0152543	0.116995	0.0258066
392	0.0258066	0.282263	-0.0700429	0.101882	-0.0887393	0.128313	-0.0220206	-0.0670018	-0.0673686	0.0905488	0.241372	-0.0189535	0.162095	-0.0783537	0.0152543	0.0819212
393	0.0819212	0.0258066	0.282263	-0.0700429	0.101882	-0.0887393	0.128313	-0.0220206	-0.0670018	-0.0673686	0.0905488	0.241372	-0.0189535	0.162095	-0.0783537	0.208987
394	0.208987	0.0819212	0.0258066	0.282263	-0.0700429	0.101882	-0.0887393	0.128313	-0.0220206	-0.0670018	-0.0673686	0.0905488	0.241372	-0.0189535	0.162095	-0.0125782
395	-0.0125782	0.208987	0.0819212	0.0258066	0.282263	-0.0700429	0.101882	-0.0887393	0.128313	-0.0220206	-0.0670018	-0.0673686	0.0905488	0.241372	-0.0189535	0.116086
396	0.116086	-0.0125782	0.208987	0.0819212	0.0258066	0.282263	-0.0700429	0.101882	-0.0887393	0.128313	-0.0220206	-0.0670018	-0.0673686	0.0905488	0.241372	0.120413
397	0.120413	0.116086	-0.0125782	0.208987	0.0819212	0.0258066	0.282263	-0.0700429	0.101882	-0.0887393	0.128313	-0.0220206	-0.0670018	-0.0673686	0.0905488	-0.00801024
398	-0.00801024	0.120413	0.116086	-0.0125782	0.208987	0.0819212	0.0258066	0.282263	-0.0700429	0.101882	-0.0887393	0.128313	-0.0220206	-0.0670018	-0.0673686	-0.0491592
399	-0.0491592	-0.00801024	0.120413	0.116086	-0.0125782	0.208987	0.0819212	0.0258066	0.282263	-0.0700429	0.101882	-0.0887393	0.128313	-0.0220206	-0.0670018	0.108822
400	0.108822	-0.0491592	-0.00801024	0.120413	0.116086	-0.0125782	0.208987	0.0819212	0.0258066	0.282263	-0.0700429	0.101882	-0.0887393	0.128313	-0.0220206	0.0585619
401	0.0585619	0.108822	-0.0491592	-0.00801024	0.120413	0.116086	-0.0125782	0.208987	0.0819212	0.0258066	0.282263	-0.0700429	0.101882	-0.0887393	0.128313	0.192657
402	0.192657	0.0585619	0.108822	-0.0491592	-0.00801024	0.120413	0.116086	-0.0125782	0.208987	0.0819212	0.0258066	0.282263	-0.0700429	0.101882	-0.0887393	-0.00141953
403	-0.00141953	0.192657	0.0585619	0.108822	-0.0491592	-0.00801024	0.120413	0.116086	-0.0125782	0.208987	0.0819212	0.0258066	0.282263	-0.0700429	0.101882	-0.0369879
404	-0.0369879	-0.00141953	0.192657	0.0585619	0.108822	-0.0491592	-0.00801024	0.120413	0.116086	-0.0125782	0.208987	0.0819212	0.0258066	0.282263	-0.0700429	0.09176
405	0.09176	-0.0369879	-0.00141953	0.192657	0.0585619	0.108822	-0.0491592	-0.00801024	0.120413	0.116086	-0.0125782	0.208987	0.0819212	0.0258066	0.282263	0.0490238
406	0.0490238	0.09176	-0.0369879	-0.00141953	0.192657	0.0585619	0.108822	-0.0491592	-0.00801024	0.120413	0.116086	-0.0125782	0.208987	0.0819212	0.0258066	0.0738175
407	0.0738175	0.0490238	0.09176	-0.0369879	-0.00141953	0.192657	0.0585619	0.108822	-0.0491592	-0.00801024	0.120413	0.116086	-0.0125782	0.208987	0.0819212	-0.0228383
408	-0.0228383	0.0738175	0.0490238	0.09176	-0.0369879	-0.00141953	0.192657	0.0585619	0.108822	-0.0491592	-0.00801024	0.120413	0.116086	-0.0125782	0.208987	-0.0224951
409	-0.0224951	-0.0228383	0.0738175	0.0490238	0.09176	-0.0369879	-0.00141953	0.192657	0.0585619	0.108822	-0.0491592	-0.00801024	0.120413	0.116086	-0.0125782	-0.0521864
410	-0.0521864	-0.0224951	-0.0228383	0.0738175	0.0490238	0.09176	-0.0369879	-0.00141953	0.192657	0.0585619	0.108822	-0.0491592	-0.00801024	0.120413	0.116086	-0.00508551
411	-0.00508551	-0.0521864	-0.0224951	-0.0228383	0.0738175	0.0490238	0.09176	-0.0369879	-0.00141953	0.192657	0.0585619	0.108822	-0.0491592	-0.00801024	0.120413	-0.0389525
412	-0.0389525	-0.00508551	-0.0521864	-0.0224951	-0.0228383	0.0738175	0.0490238	0.09176	-0.0369879	-0.00141953	0.192657	0.0585619	0.108822	-0.0491592	-0.00801024	0.0323031
413	0.0323031	-0.0389525	-0.00508551	-0.0521864	-0.0224951	-0.0228383	0.0738175	0.0490238	0.09176	-0.0369879	-0.00141953	0.192657	0.0585619	0.108822	-0.0491592	-0.111666
414	-0.111666	0.0323031	-0.0389525	-0.00508551	-0.0521864	-0.0224951	-0.0228383	0.0738175	0.0490238	0.09176	-0.0369879	-0.00141953	0.192657	0.0585619	0.108822	-0.210307
415	-0.210307	-0.111666	0.0323031	-0.0389525	-0.00508551	-0.0521864	-0.0224951	-0.0228383	0.0738175	0.0490238	0.09176	-0.0369879	-0.00141953	0.192657	0.0585619	0.100589
416	0.100589	-0.210307	-0.111666	0.0323031	-0.0389525	-0.00508551	-0.0521864	-0.0224951	-0.0228383	0.0738175	0.0490238	0.09176	-0.0369879	-0.00141953	0.192657	-0.0908983
417	-0.0908983	0.100589	-0.210307	-0.111666	0.0323031	-0.0389525	-0.00508551	-0.0521864	-0.0224951	-0.0228383	0.0738175	0.0490238	0.09176	-0.0369879	-0.00141953	0.134713
418	0.134713	-0.0908983	0.100589	-0.210307	-0.111666	0.0323031	-0.0389525	-0.00508551	-0.0521864	-0.0224951	-0.0228383	0.0738175	0.0490238	0.09176	-0.0369879	0.181493
419	0.181493	0.134713	-0.0908983	0.100589	-0.210307	-0.111666	0.0323031	-0.0389525	-0.00508551	-0.0521864	-0.0224951	-0.0228383	0.0738175	0.0490238	0.09176	-0.0121327
420	-0.0121327	0.181493	0.134713	-0.0908983	0.100589	-0.210307	-0.111666	0.0323031	-0.0389525	-0.00508551	-0.0521864	-0.0224951	-0.0228383	0.0738175	0.0490238	-0.0246442
421	-0.0246442	-0.0121327	0.181493	0.134713	-0.0908983	0.100589	-0.210307	-0.111666	0.0323031	-0.0389525	-0.00508551	-0.0521864	-0.0224951	-0.0228383	0.0738175	0.13364
422	0.13364	-0.0246442	-0.0121327	0.181493	0.134713	-0.0908983	0.100589	-0.210307	-0.111666	0.0323031	-0.0389525	-0.00508551	-0.0521864	-0.0224951	-0.0228383	0.023841
423	0.023841	0.13364	-0.0246442	-0.0121327	0.181493	0.134713	-0.0908983	0.100589	-0.210307	-0.111666	0.0323031	-0.0389525	-0.00508551	-0.0521864	-0.0224951	-0.0503158
424	-0.0503158	0.023841	0.13364	-0.0246442	-0.0121327	0.181493	0.134713	-0.0908983	0.100589	-0.210307	-0.111666	0.0323031	-0.0389525	-0.00508551	-0.0521864	0.123672
425	0.123672	-0.0503158	0.023841	0.13364	-0.0246442	-0.0121327	0.181493	0.134713	-0.0908983	0.100589	-0.210307	-0.111666	0.0323031	-0.0389525	-0.00508551	-0.0229502
426	-0.0229502	0.123672	-0.0503158	0.023841	0.13364	-0.0246442	-0.0121327	0.181493	0.134713	-0.0908983	0.100589	-0.210307	-0.111666	0.0323031	-0.0389525	-0.0472786
427	-0.0472786	-0.0229502	0.123672	-0.0503158	0.023841	0.13364	-0.0246442	-0.0121327	0.181493	0.134713	-0.0908983	0.100589	-0.210307	-0.111666	0.0323031	0.0898371
428	0.0898371	-0.0472786	-0.0229502	0.123672	-0.0503158	0.023841	0.13364	-0.0246442	-0.0121327	0.181493	0.134713	-0.0908983	0.100589	-0.210307	-0.111666	-0.0485179
429	-0.0485179	0.0898371	-0.0472786	-0.0229502	0.123672	-0.0503158	0.023841	0.13364	-0.0246442	-0.0121327	0.181493	0.134713	-0.0908983	0.100589	-0.210307	0.069905
430	0.069905	-0.0485179	0.0898371	-0.0472786	-0.0229502	0.123672	-0.0503158	0.023841	0.13364	-0.0246442	-0.0121327	0.181493	0.134713	-0.0908983	0.100589	0.186671
431	0.186671	0.069905	-0.0485179	0.0898371	-0.0472786	-0.0229502	0.123672	-0.0503158	0.023841	0.13364	-0.0246442	-0.0121327	0.181493	0.134713	-0.0908983	0.191243
432	0.191243	0.186671	0.069905	-0.0485179	0.0898371	-0.0472786	-0.0229502	0.123672	-0.0503158	0.023841	0.13364	-0.0246442	-0.0121327	0.181493	0.134713	-0.0366067
433	-0.0366067	0.191243	0.186671	0.069905	-0.0485179	0.0898371	-0.0472786	-0.0229502	0.123672	-0.0503158	0.023841	0.13364	-0.0246442	-0.0121327	0.181493	0.0920659
434	0.0920659	-0.0366067	0.191243	0.186671	0.069905	-0.0485179	0.0898371	-0.0472786	-0.0229502	0.123672	-0.0503158	0.023841	0.13364	-0.0246442	-0.0121327	0.17578
435	0.17578	0.0920659	-0.0366067	0.191243	0.186671	0.069905	-0.0485179	0.0898371	-0.0472786	-0.0229502	0.123672	-0.0503158	0.023841	0.13364	-0.0246442	0.148898
436	0.148898	0.17578	0.0920659	-0.0366067	0.191243	0.186671	0.069905	-0.0485179	0.0898371	-0.0472786	-0.0229502	0.123672	-0.0503158	0.023841	0.13364	0.175001
437	0.175001	0.148898	0.17578	0.0920659	-0.0366067	0.191243	0.186671	0.069905	-0.0485179	0.0898371	-0.0472786	-0.0229502	0.123672	-0.0503158	0.023841	-0.0346841
438	-0.0346841	0.175001	0.148898	0.17578	0.0920659	-0.0366067	0.191243	0.186671	0.069905	-0.0485179	0.0898371	-0.0472786	-0.0229502	0.123672	-0.0503158	0.146233
439	0.146233	-0.0346841	0.175001	0.148898	0.17578	0.0920659	-0.0366067	0.191243	0.186671	0.069905	-0.0485179	0.0898371	-0.0472786	-0.0229502	0.123672	0.278105
440	0.278105	0.146233	-0.0346841	0.175001	0.148898	0.17578	0.0920659	-0.0366067	0.191243	0.186671	0.069905	-0.0485179	0.0898371	-0.0472786	-0.0229502	0.0649696
441	0.0649696	0.278105	0.146233	-0.0346841	0.175001	0.148898	0.17578	0.0920659	-0.0366067	0.191243	0.186671	0.069905	-0.0485179	0.0898371	-0.0472786	0.131681
442	0.131681	0.0649696	0.278105	0.146233	-0.0346841	0.175001	0.148898	0.17578	0.0920659	-0.0366067	0.191243	0.186671	0.069905	-0.0485179	0.0898371	0.000852732
443	0.000852732	0.131681	0.0649696	0.278105	0.146233	-0.0346841	0.175001	0.148898	0.17578	0.0920659	-0.0366067	0.191243	0.186671	0.069905	-0.0485179	-0.0187017
444	-0.0187017	0.000852732	0.131681	0.0649696	0.278105	0.146233	-0.0346841	0.175001	0.148898	0.17578	0.0920659	-0.0366067	0.191243	0.186671	0.069905	-0.051062
445	-0.051062	-0.0187017	0.000852732	0.131681	0.0649696	0.278105	0.146233	-0.0346841	0.175001	0.148898	0.17578	0.0920659	-0.0366067	0.191243	0.186671	-0.0992359
446	-0.0992359	-0.051062	-0.0187017	0.000852732	0.131681	0.0649696	0.278105	0.146233	-0.0346841	0.175001	0.148898	0.17578	0.0920659	-0.0366067	0.191243	-0.0544186
447	-0.0544186	-0.0992359	-0.051062	-0.0187017	0.000852732	0.131681	0.0649696	0.278105	0.146233	-0.0346841	0.175001	0.148898	0.17578	0.0920659	-0.0366067	0.200802
448	0.200802	-0.0544186	-0.0992359	-0.051062	-0.0187017	0.000852732	0.131681	0.0649696	0.278105	0.146233	-0.0346841	0.175001	0.148898	0.17578	0.0920659	0.054826
449	0.054826	0.200802	-0.0544186	-0.0992359	-0.051062	-0.0187017	0.000852732	0.131681	0.0649696	0.278105	0.146233	-0.0346841	0.175001	0.148898	0.17578	0.0844629
450	0.0844629	0.054826	0.200802	-0.0544186	-0.0992359	-0.051062	-0.0187017	0.000852732	0.131681	0.0649696	0.278105	0.146233	-0.0346841	0.175001	0.148898	0.222113
451	0.222113	0.0844629	0.054826	0.200802	-0.0544186	-0.0992359	-0.051062	-0.0187017	0.000852732	0.131681	0.0649696	0.278105	0.146233	-0.0346841	0.175001	-0.0134215
452	-0.0134215	0.222113	0.0844629	0.054826	0.200802	-0.0544186	-0.0992359	-0.051062	-0.0187017	0.000852732	0.131681	0.0649696	0.278105	0.146233	-0.0346841	-0.0225649
453	-0.0225649	-0.0134215	0.222113	0.0844629	0.054826	0.200802	-0.0544186	-0.0992359	-0.051062	-0.0187017	0.000852732	0.131681	0.0649696	0.278105	0.146233	0.0934193
454	0.0934193	-0.0225649	-0.0134215	0.222113	0.0844629	0.054826	0.200802	-0.0544186	-0.0992359	-0.051062	-0.0187017	0.000852732	0.131681	0.0649696	0.278105	-0.0948595
455	-0.0948595	0.0934193	-0.0225649	-0.0134215	0.222113	0.0844629	0.054826	0.200802	-0.0544186	-0.0992359	-0.051062	-0.0187017	0.000852732	0.131681	0.0649696	0.0547676
456	0.0547676	-0.0948595	0.0934193	-0.0225649	-0.0134215	0.222113	0.0844629	0.054826	0.200802	-0.0544186	-0.0992359	-0.051062	-0.0187017	0.000852732	0.131681	-0.00461467
457	-0.00461467	0.0547676	-0.0948595	0.0934193	-0.0225649	-0.0134215	0.222113	0.0844629	0.054826	0.200802	-0.0544186	-0.0992359	-0.051062	-0.0187017	0.000852732	-0.155257
458	-0.155257	-0.00461467	0.0547676	-0.0948595	0.0934193	-0.0225649	-0.0134215	0.222113	0.0844629	0.054826	0.200802	-0.0544186	-0.0992359	-0.051062	-0.0187017	0.0687228
459	0.0687228	-0.155257	-0.00461467	0.0547676	-0.0948595	0.0934193	-0.0225649	-0.0134215	0.222113	0.0844629	0.054826	0.200802	-0.0544186	-0.0992359	-0.051062	-0.0136053
460	-0.0136053	0.0687228	-0.155257	-0.00461467	0.0547676	-0.0948595	0.0934193	-0.0225649	-0.0134215	0.222113	0.0844629	0.054826	0.200802	-0.0544186	-0.0992359	0.0752561
461	0.0752561	-0.0136053	0.0687228	-0.155257	-0.00461467	0.0547676	-0.0948595	0.0934193	-0.0225649	-0.0134215	0.222113	0.0844629	0.054826	0.200802	-0.0544186	0.113612
462	0.113612	0.0752561	-0.0136053	0.0687228	-0.155257	-0.00461467	0.0547676	-0.0948595	0.0934193	-0.0225649	-0.0134215	0.222113	0.0844629	0.054826	0.200802	-0.0704719
463	-0.0704719	0.113612	0.0752561	-0.0136053	0.0687228	-0.155257	-0.00461467	0.0547676	-0.0948595	0.0934193	-0.0225649	-0.0134215	0.222113	0.0844629	0.054826	-0.0327805
464	-0.0327805	-0.0704719	0.113612	0.0752561	-0.0136053	0.0687228	-0.155257	-0.00461467	0.0547676	-0.0948595	0.0934193	-0.0225649	-0.0134215	0.222113	0.0844629	0.0892003
465	0.0892003	-0.0327805	-0.0704719	0.113612	0.0752561	-0.0136053	0.0687228	-0.155257	-0.00461467	0.0547676	-0.0948595	0.0934193	-0.0225649	-0.0134215	0.222113	-0.168693
466	-0.168693	0.0892003	-0.0327805	-0.0704719	0.113612	0.0752561	-0.0136053	0.0687228	-0.155257	-0.00461467	0.0547676	-0.0948595	0.0934193	-0.0225649	-0.0134215	0.0326911
467	0.0326911	-0.168693	0.0892003	-0.0327805	-0.0704719	0.113612	0.0752561	-0.0136053	0.0687228	-0.155257	-0.00461467	0.0547676	-0.0948595	0.0934193	-0.0225649	0.115789
468	0.115789	0.0326911	-0.168693	0.0892003	-0.0327805	-0.0704719	0.113612	0.0752561	-0.0136053	0.0687228	-0.155257	-0.00461467	0.0547676	-0.0948595	0.0934193	0.169387
469	0.169387	0.115789	0.0326911	-0.168693	0.0892003	-0.0327805	-0.0704719	0.113612	0.0752561	-0.0136053	0.0687228	-0.155257	-0.00461467	0.0547676	-0.0948595	0.117609
470	0.117609	0.169387	0.115789	0.0326911	-0.168693	0.0892003	-0.0327805	-0.0704719	0.113612	0.0752561	-0.0136053	0.0687228	-0.155257	-0.00461467	0.0547676	0.106225
471	0.106225	0.117609	0.169387	0.115789	0.0326911	-0.168693	0.0892003	-0.0327805	-0.0704719	0.113612	0.0752561	-0.0136053	0.0687228	-0.155257	-0.00461467	0.194075
472	0.194075	0.106225	0.117609	0.169387	0.115789	0.0326911	-0.168693	0.0892003	-0.0327805	-0.0704719	0.113612	0.0752561	-0.0136053	0.0687228	-0.155257	0.0902981
473	0.0902981	0.194075	0.106225	0.117609	0.169387	0.115789	0.0326911	-0.168693	0.0892003	-0.0327805	-0.0704719	0.113612	0.0752561	-0.0136053	0.0687228	0.0614427
474	0.0614427	0.0902981	0.194075	0.106225	0.117609	0.169387	0.115789	0.0326911	-0.168693	0.0892003	-0.0327805	-0.0704719	0.113612	0.0752561	-0.0136053	0.0247021
475	0.0247021	0.0614427	0.0902981	0.194075	0.106225	0.117609	0.169387	0.115789	0.0326911	-0.168693	0.0892003	-0.0327805	-0.0704719	0.113612	0.0752561	0.105699
476	0.105699	0.0247021	0.0614427	0.0902981	0.194075	0.106225	0.117609	0.169387	0.115789	0.0326911	-0.168693	0.0892003	-0.0327805	-0.0704719	0.113612	-0.0641483
477	-0.0641483	0.105699	0.0247021	0.0614427	0.0902981	0.194075	0.106225	0.117609	0.169387	0.115789	0.0326911	-0.168693	0.0892003	-0.0327805	-0.0704719	-0.00435922
478	-0.00435922	-0.0641483	0.105699	0.0247021	0.0614427	0.0902981	0.194075	0.106225	0.117609	0.169387	0.115789	0.0326911	-0.168693	0.0892003	-0.0327805	0.081985
479	0.081985	-0.00435922	-0.0641483	0.105699	0.0247021	0.0614427	0.0902981	0.194075	0.106225	0.117609	0.169387	0.115789	0.0326911	-0.168693	0.0892003	0.0300003
480	0.0300003	0.081985	-0.00435922	-0.0641483	0.105699	0.0247021	0.0614427	0.0902981	0.194075	0.106225	0.117609	0.169387	0.115789	0.0326911	-0.168693	-0.0969048
481	-0.0969048	0.0300003	0.081985	-0.00435922	-0.0641483	0.105699	0.0247021	0.0614427	0.0902981	0.194075	0.106225	0.117609	0.169387	0.115789	0.0326911	-0.00607251
482	-0.00607251	-0.0969048	0.0300003	0.081985	-0.00435922	-0.0641483	0.105699	0.0247021	0.0614427	0.0902981	0.194075	0.106225	0.117609	0.169387	0.115789	-0.0110146
483	-0.0110146	-0.00607251	-0.0969048	0.0300003	0.081985	-0.00435922	-0.0641483	0.105699	0.0247021	0.0614427	0.0902981	0.194075	0.106225	0.117609	0.169387	0.11773
484	0.11773	-0.0110146	-0.00607251	-0.0969048	0.0300003	0.081985	-0.00435922	-0.0641483	0.105699	0.0247021	0.0614427	0.0902981	0.194075	0.106225	0.117609	0.00433449
485	0.00433449	0.11773	-0.0110146	-0.00607251	-0.0969048	0.0300003	0.081985	-0.00435922	-0.0641483	0.105699	0.0247021	0.0614427	0.0902981	0.194075	0.106225	0.13593
486	0.13593	0.00433449	0.11773	-0.0110146	-0.00607251	-0.0969048	0.0300003	0.081985	-0.00435922	-0.0641483	0.105699	0.0247021	0.0614427	0.0902981	0.194075	-0.0118541
487	-0.0118541	0.13593	0.00433449	0.11773	-0.0110146	-0.00607251	-0.0969048	0.0300003	0.081985	-0.00435922	-0.0641483	0.105699	0.0247021	0.0614427	0.0902981	0.249101
488	0.249101	-0.0118541	0.13593	0.00433449	0.11773	-0.0110146	-0.00607251	-0.0969048	0.0300003	0.081985	-0.00435922	-0.0641483	0.105699	0.0247021	0.0614427	0.208285
489	0.208285	0.249101	-0.0118541	0.13593	0.00433449	0.11773	-0.0110146	-0.00607251	-0.0969048	0.0300003	0.081985	-0.00435922	-0.0641483	0.105699	0.0247021	0.105277
490	0.105277	0.208285	0.249101	-0.0118541	0.13593	0.00433449	0.11773	-0.0110146	-0.00607251	-0.0969048	0.0300003	0.081985	-0.00435922	-0.0641483	0.105699	0.246068
491	0.246068	0.105277	0.208285	0.249101	-0.0118541	0.13593	0.00433449	0.11773	-0.0110146	-0.00607251	-0.0969048	0.0300003	0.081985	-0.00435922	-0.0641483	0.0298248
492	0.0298248	0.246068	0.105277	0.208285	0.249101	-0.0118541	0.13593	0.00433449	0.11773	-0.0110146	-0.00607251	-0.0969048	0.0300003	0.081985	-0.00435922	-0.0126489
493	-0.0126489	0.0298248	0.246068	0.105277	0.208285	0.249101	-0.0118541	0.13593	0.00433449	0.11773	-0.0110146	-0.00607251	-0.0969048	0.0300003	0.081985	0.196353
494	0.196353	-0.0126489	0.0298248	0.246068	0.105277	0.208285	0.249101	-0.0118541	0.13593	0.00433449	0.11773	-0.0110146	-0.00607251	-0.0969048	0.0300003	0.04422
495	0.04422	0.196353	-0.0126489	0.0298248	0.246068	0.105277	0.208285	0.249101	-0.0118541	0.13593	0.00433449	0.11773	-0.0110146	-0.00607251	-0.0969048	0.0940279
496	0.0940279	0.04422	0.196353	-0.0126489	0.0298248	0.246068	0.105277	0.208285	0.249101	-0.0118541	0.13593	0.00433449	0.11773	-0.0110146	-0.00607251	0.115685
497	0.115685	0.0940279	0.04422	0.196353	-0.0126489	0.0298248	0.246068	0.105277	0.208285	0.249101	-0.0118541	0.13593	0.00433449	0.11773	-0.0110146	-0.135003
498	-0.135003	0.115685	0.0940279	0.04422	0.196353	-0.0126489	0.0298248	0.246068	0.105277	0.208285	0.249101	-0.0118541	0.13593	0.00433449	0.11773	0.0526396
499	0.0526396	-0.135003	0.115685	0.0940279	0.04422	0.196353	-0.0126489	0.0298248	0.246068	0.105277	0.208285	0.249101	-0.0118541	0.13593	0.00433449	0.110919
500	0.110919	0.0526396	-0.135003	0.115685	0.0940279	0.04422	0.196353	-0.0126489	0.0298248	0.246068	0.105277	0.208285	0.249101	-0.0118541	0.13593	0.20163
