t	x(t-1)	x(t-2)	x(t-3)	x(t-4)	x(t-5)	x(t-6)	x(t-7)	x(t-8)	x(t-9)	x(t-10)	x(t-11)	x(t-12)	x(t-13)	x(t-14)	x(t-15)	xt
1	-0.957373	-0.159749	0.20989	0.185229	-0.49028	-1.85928	-0.697536	0.699309	1.38637	-0.187901	0.280863	-0.222	0.203907	-0.0357082	-0.596329	0.219675
2	0.219675	-0.957373	-0.159749	0.20989	0.185229	-0.49028	-1.85928	-0.697536	0.699309	1.38637	-0.187901	0.280863	-0.222	0.203907	-0.0357082	0.22521
3	0.22521	0.219675	-0.957373	-0.159749	0.20989	0.185229	-0.49028	-1.85928	-0.697536	0.699309	1.38637	-0.187901	0.280863	-0.222	0.203907	0.498407
4	0.498407	0.22521	0.219675	-0.957373	-0.159749	0.20989	0.185229	-0.49028	-1.85928	-0.697536	0.699309	1.38637	-0.187901	0.280863	-0.222	-0.311964
5	-0.311964	0.498407	0.22521	0.219675	-0.957373	-0.159749	0.20989	0.185229	-0.49028	-1.85928	-0.697536	0.699309	1.38637	-0.187901	0.280863	1.59391
6	1.59391	-0.311964	0.498407	0.22521	0.219675	-0.957373	-0.159749	0.20989	0.185229	-0.49028	-1.85928	-0.697536	0.699309	1.38637	-0.187901	0.123925
7	0.123925	1.59391	-0.311964	0.498407	0.22521	0.219675	-0.957373	-0.159749	0.20989	0.185229	-0.49028	-1.85928	-0.697536	0.699309	1.38637	0.0268348
8	0.0268348	0.123925	1.59391	-0.311964	0.498407	0.22521	0.219675	-0.957373	-0.159749	0.20989	0.185229	-0.49028	-1.85928	-0.697536	0.699309	0.239517
9	0.239517	0.0268348	0.123925	1.59391	-0.311964	0.498407	0.22521	0.219675	-0.957373	-0.159749	0.20989	0.185229	-0.49028	-1.85928	-0.697536	0.00134332
10	0.00134332	0.239517	0.0268348	0.123925	1.59391	-0.311964	0.498407	0.22521	0.219675	-0.957373	-0.159749	0.20989	0.185229	-0.49028	-1.85928	0.0871811
11	0.0871811	0.00134332	0.239517	0.0268348	0.123925	1.59391	-0.311964	0.498407	0.22521	0.219675	-0.957373	-0.159749	0.20989	0.185229	-0.49028	0.323997
12	0.323997	0.0871811	0.00134332	0.239517	0.0268348	0.123925	1.59391	-0.311964	0.498407	0.22521	0.219675	-0.957373	-0.159749	0.20989	0.185229	0.0832598
13	0.0832598	0.323997	0.0871811	0.00134332	0.239517	0.0268348	0.123925	1.59391	-0.311964	0.498407	0.22521	0.219675	-0.957373	-0.159749	0.20989	0.25918
14	0.25918	0.0832598	0.323997	0.0871811	0.00134332	0.239517	0.0268348	0.123925	1.59391	-0.311964	0.498407	0.22521	0.219675	-0.957373	-0.159749	-0.232388
15	-0.232388	0.25918	0.0832598	0.323997	0.0871811	0.00134332	0.239517	0.0268348	0.123925	1.59391	-0.311964	0.498407	0.22521	0.219675	-0.957373	1.32166
16	1.32166	-0.232388	0.25918	0.0832598	0.323997	0.0871811	0.00134332	0.239517	0.0268348	0.123925	1.59391	-0.311964	0.498407	0.22521	0.219675	0.245066
17	0.245066	1.32166	-0.232388	0.25918	0.0832598	0.323997	0.0871811	0.00134332	0.239517	0.0268348	0.123925	1.59391	-0.311964	0.498407	0.22521	0.0306295
18	0.0306295	0.245066	1.32166	-0.232388	0.25918	0.0832598	0.323997	0.0871811	0.00134332	0.239517	0.0268348	0.123925	1.59391	-0.311964	0.498407	0.0437126
19	0.0437126	0.0306295	0.245066	1.32166	-0.232388	0.25918	0.0832598	0.323997	0.0871811	0.00134332	0.239517	0.0268348	0.123925	1.59391	-0.311964	-0.00584596
20	-0.00584596	0.0437126	0.0306295	0.245066	1.32166	-0.232388	0.25918	0.0832598	0.323997	0.0871811	0.00134332	0.239517	0.0268348	0.123925	1.59391	2.96587
21	2.96587	-0.00584596	0.0437126	0.0306295	0.245066	1.32166	-0.232388	0.25918	0.0832598	0.323997	0.0871811	0.00134332	0.239517	0.0268348	0.123925	0.345334
22	0.345334	2.96587	-0.00584596	0.0437126	0.0306295	0.245066	1.32166	-0.232388	0.25918	0.0832598	0.323997	0.0871811	0.00134332	0.239517	0.0268348	0.107216
23	0.107216	0.345334	2.96587	-0.00584596	0.0437126	0.0306295	0.245066	1.32166	-0.232388	0.25918	0.0832598	0.323997	0.0871811	0.00134332	0.239517	0.0379463
24	0.0379463	0.107216	0.345334	2.96587	-0.00584596	0.0437126	0.0306295	0.245066	1.32166	-0.232388	0.25918	0.0832598	0.323997	0.0871811	0.00134332	-0.444171
25	-0.444171	0.0379463	0.107216	0.345334	2.96587	-0.00584596	0.0437126	0.0306295	0.245066	1.32166	-0.232388	0.25918	0.0832598	0.323997	0.0871811	-0.0390545
26	-0.0390545	-0.444171	0.0379463	0.107216	0.345334	2.96587	-0.00584596	0.0437126	0.0306295	0.245066	1.32166	-0.232388	0.25918	0.0832598	0.323997	0.236892
27	0.236892	-0.0390545	-0.444171	0.0379463	0.107216	0.345334	2.96587	-0.00584596	0.0437126	0.0306295	0.245066	1.32166	-0.232388	0.25918	0.0832598	0.185299
28	0.185299	0.236892	-0.0390545	-0.444171	0.0379463	0.107216	0.345334	2.96587	-0.00584596	0.0437126	0.0306295	0.245066	1.32166	-0.232388	0.25918	0.145961
29	0.145961	0.185299	0.236892	-0.0390545	-0.444171	0.0379463	0.107216	0.345334	2.96587	-0.00584596	0.0437126	0.0306295	0.245066	1.32166	-0.232388	-0.0963532
30	-0.0963532	0.145961	0.185299	0.236892	-0.0390545	-0.444171	0.0379463	0.107216	0.345334	2.96587	-0.00584596	0.0437126	0.0306295	0.245066	1.32166	0.59541
31	0.59541	-0.0963532	0.145961	0.185299	0.236892	-0.0390545	-0.444171	0.0379463	0.107216	0.345334	2.96587	-0.00584596	0.0437126	0.0306295	0.245066	-0.75318
32	-0.75318	0.59541	-0.0963532	0.145961	0.185299	0.236892	-0.0390545	-0.444171	0.0379463	0.107216	0.345334	2.96587	-0.00584596	0.0437126	0.0306295	0.0972715
33	0.0972715	-0.75318	0.59541	-0.0963532	0.145961	0.185299	0.236892	-0.0390545	-0.444171	0.0379463	0.107216	0.345334	2.96587	-0.00584596	0.0437126	-0.0632347
34	-0.0632347	0.0972715	-0.75318	0.59541	-0.0963532	0.145961	0.185299	0.236892	-0.0390545	-0.444171	0.0379463	0.107216	0.345334	2.96587	-0.00584596	-0.316024
35	-0.316024	-0.0632347	0.0972715	-0.75318	0.59541	-0.0963532	0.145961	0.185299	0.236892	-0.0390545	-0.444171	0.0379463	0.107216	0.345334	2.96587	-0.46329
36	-0.46329	-0.316024	-0.0632347	0.0972715	-0.75318	0.59541	-0.0963532	0.145961	0.185299	0.236892	-0.0390545	-0.444171	0.0379463	0.107216	0.345334	0.0715813
37	0.0715813	-0.46329	-0.316024	-0.0632347	0.0972715	-0.75318	0.59541	-0.0963532	0.145961	0.185299	0.236892	-0.0390545	-0.444171	0.0379463	0.107216	0.135921
38	0.135921	0.0715813	-0.46329	-0.316024	-0.0632347	0.0972715	-0.75318	0.59541	-0.0963532	0.145961	0.185299	0.236892	-0.0390545	-0.444171	0.0379463	0.0946566
39	0.0946566	0.135921	0.0715813	-0.46329	-0.316024	-0.0632347	0.0972715	-0.75318	0.59541	-0.0963532	0.145961	0.185299	0.236892	-0.0390545	-0.444171	-1.13733
40	-1.13733	0.0946566	0.135921	0.0715813	-0.46329	-0.316024	-0.0632347	0.0972715	-0.75318	0.59541	-0.0963532	0.145961	0.185299	0.236892	-0.0390545	1.30489
41	1.30489	-1.13733	0.0946566	0.135921	0.0715813	-0.46329	-0.316024	-0.0632347	0.0972715	-0.75318	0.59541	-0.0963532	0.145961	0.185299	0.236892	0.82097
42	0.82097	1.30489	-1.13733	0.0946566	0.135921	0.0715813	-0.46329	-0.316024	-0.0632347	0.0972715	-0.75318	0.59541	-0.0963532	0.145961	0.185299	0.0772554
43	0.0772554	0.82097	1.30489	-1.13733	0.0946566	0.135921	0.0715813	-0.46329	-0.316024	-0.0632347	0.0972715	-0.75318	0.59541	-0.0963532	0.145961	-0.124712
44	-0.124712	0.0772554	0.82097	1.30489	-1.13733	0.0946566	0.135921	0.0715813	-0.46329	-0.316024	-0.0632347	0.0972715	-0.75318	0.59541	-0.0963532	-0.130571
45	-0.130571	-0.124712	0.0772554	0.82097	1.30489	-1.13733	0.0946566	0.135921	0.0715813	-0.46329	-0.316024	-0.0632347	0.0972715	-0.75318	0.59541	-0.0750266
46	-0.0750266	-0.130571	-0.124712	0.0772554	0.82097	1.30489	-1.13733	0.0946566	0.135921	0.0715813	-0.46329	-0.316024	-0.0632347	0.0972715	-0.75318	0.0968432
47	0.0968432	-0.0750266	-0.130571	-0.124712	0.0772554	0.82097	1.30489	-1.13733	0.0946566	0.135921	0.0715813	-0.46329	-0.316024	-0.0632347	0.0972715	0.00918944
48	0.00918944	0.0968432	-0.0750266	-0.130571	-0.124712	0.0772554	0.82097	1.30489	-1.13733	0.0946566	0.135921	0.0715813	-0.46329	-0.316024	-0.0632347	0.00554219
49	0.00554219	0.00918944	0.0968432	-0.0750266	-0.130571	-0.124712	0.0772554	0.82097	1.30489	-1.13733	0.0946566	0.135921	0.0715813	-0.46329	-0.316024	-0.41612
50	-0.41612	0.00554219	0.00918944	0.0968432	-0.0750266	-0.130571	-0.124712	0.0772554	0.82097	1.30489	-1.13733	0.0946566	0.135921	0.0715813	-0.46329	1.77263
51	1.77263	-0.41612	0.00554219	0.00918944	0.0968432	-0.0750266	-0.130571	-0.124712	0.0772554	0.82097	1.30489	-1.13733	0.0946566	0.135921	0.0715813	0.273988
52	0.273988	1.77263	-0.41612	0.00554219	0.00918944	0.0968432	-0.0750266	-0.130571	-0.124712	0.0772554	0.82097	1.30489	-1.13733	0.0946566	0.135921	-0.00628393
53	-0.00628393	0.273988	1.77263	-0.41612	0.00554219	0.00918944	0.0968432	-0.0750266	-0.130571	-0.124712	0.0772554	0.82097	1.30489	-1.13733	0.0946566	-0.0175683
54	-0.0175683	-0.00628393	0.273988	1.77263	-0.41612	0.00554219	0.00918944	0.0968432	-0.0750266	-0.130571	-0.124712	0.0772554	0.82097	1.30489	-1.13733	-0.0977528
55	-0.0977528	-0.0175683	-0.00628393	0.273988	1.77263	-0.41612	0.00554219	0.00918944	0.0968432	-0.0750266	-0.130571	-0.124712	0.0772554	0.82097	1.30489	0.83021
56	0.83021	-0.0977528	-0.0175683	-0.00628393	0.273988	1.77263	-0.41612	0.00554219	0.00918944	0.0968432	-0.0750266	-0.130571	-0.124712	0.0772554	0.82097	0.165532
57	0.165532	0.83021	-0.0977528	-0.0175683	-0.00628393	0.273988	1.77263	-0.41612	0.00554219	0.00918944	0.0968432	-0.0750266	-0.130571	-0.124712	0.0772554	-0.0643864
58	-0.0643864	0.165532	0.83021	-0.0977528	-0.0175683	-0.00628393	0.273988	1.77263	-0.41612	0.00554219	0.00918944	0.0968432	-0.0750266	-0.130571	-0.124712	1.35492
59	1.35492	-0.0643864	0.165532	0.83021	-0.0977528	-0.0175683	-0.00628393	0.273988	1.77263	-0.41612	0.00554219	0.00918944	0.0968432	-0.0750266	-0.130571	0.398598
60	0.398598	1.35492	-0.0643864	0.165532	0.83021	-0.0977528	-0.0175683	-0.00628393	0.273988	1.77263	-0.41612	0.00554219	0.00918944	0.0968432	-0.0750266	1.32663
61	1.32663	0.398598	1.35492	-0.0643864	0.165532	0.83021	-0.0977528	-0.0175683	-0.00628393	0.273988	1.77263	-0.41612	0.00554219	0.00918944	0.0968432	0.222365
62	0.222365	1.32663	0.398598	1.35492	-0.0643864	0.165532	0.83021	-0.0977528	-0.0175683	-0.00628393	0.273988	1.77263	-0.41612	0.00554219	0.00918944	0.00488714
63	0.00488714	0.222365	1.32663	0.398598	1.35492	-0.0643864	0.165532	0.83021	-0.0977528	-0.0175683	-0.00628393	0.273988	1.77263	-0.41612	0.00554219	0.487033
64	0.487033	0.00488714	0.222365	1.32663	0.398598	1.35492	-0.0643864	0.165532	0.83021	-0.0977528	-0.0175683	-0.00628393	0.273988	1.77263	-0.41612	-0.0734762
65	-0.0734762	0.487033	0.00488714	0.222365	1.32663	0.398598	1.35492	-0.0643864	0.165532	0.83021	-0.0977528	-0.0175683	-0.00628393	0.273988	1.77263	0.634962
66	0.634962	-0.0734762	0.487033	0.00488714	0.222365	1.32663	0.398598	1.35492	-0.0643864	0.165532	0.83021	-0.0977528	-0.0175683	-0.00628393	0.273988	-0.0640765
67	-0.0640765	0.634962	-0.0734762	0.487033	0.00488714	0.222365	1.32663	0.398598	1.35492	-0.0643864	0.165532	0.83021	-0.0977528	-0.0175683	-0.00628393	-0.190493
68	-0.190493	-0.0640765	0.634962	-0.0734762	0.487033	0.00488714	0.222365	1.32663	0.398598	1.35492	-0.0643864	0.165532	0.83021	-0.0977528	-0.0175683	1.18365
69	1.18365	-0.190493	-0.0640765	0.634962	-0.0734762	0.487033	0.00488714	0.222365	1.32663	0.398598	1.35492	-0.0643864	0.165532	0.83021	-0.0977528	0.20731
70	0.20731	1.18365	-0.190493	-0.0640765	0.634962	-0.0734762	0.487033	0.00488714	0.222365	1.32663	0.398598	1.35492	-0.0643864	0.165532	0.83021	0.768781
71	0.768781	0.20731	1.18365	-0.190493	-0.0640765	0.634962	-0.0734762	0.487033	0.00488714	0.222365	1.32663	0.398598	1.35492	-0.0643864	0.165532	0.222825
72	0.222825	0.768781	0.20731	1.18365	-0.190493	-0.0640765	0.634962	-0.0734762	0.487033	0.00488714	0.222365	1.32663	0.398598	1.35492	-0.0643864	0.204493
73	0.204493	0.222825	0.768781	0.20731	1.18365	-0.190493	-0.0640765	0.634962	-0.0734762	0.487033	0.00488714	0.222365	1.32663	0.398598	1.35492	0.0306899
74	0.0306899	0.204493	0.222825	0.768781	0.20731	1.18365	-0.190493	-0.0640765	0.634962	-0.0734762	0.487033	0.00488714	0.222365	1.32663	0.398598	0.0484977
75	0.0484977	0.0306899	0.204493	0.222825	0.768781	0.20731	1.18365	-0.190493	-0.0640765	0.634962	-0.0734762	0.487033	0.00488714	0.222365	1.32663	0.570459
76	0.570459	0.0484977	0.0306899	0.204493	0.222825	0.768781	0.20731	1.18365	-0.190493	-0.0640765	0.634962	-0.0734762	0.487033	0.00488714	0.222365	0.250304
77	0.250304	0.570459	0.0484977	0.0306899	0.204493	0.222825	0.768781	0.20731	1.18365	-0.190493	-0.0640765	0.634962	-0.0734762	0.487033	0.00488714	-0.100096
78	-0.100096	0.250304	0.570459	0.0484977	0.0306899	0.204493	0.222825	0.768781	0.20731	1.18365	-0.190493	-0.0640765	0.634962	-0.0734762	0.487033	1.07473
79	1.07473	-0.100096	0.250304	0.570459	0.0484977	0.0306899	0.204493	0.222825	0.768781	0.20731	1.18365	-0.190493	-0.0640765	0.634962	-0.0734762	0.0881951
80	0.0881951	1.07473	-0.100096	0.250304	0.570459	0.0484977	0.0306899	0.204493	0.222825	0.768781	0.20731	1.18365	-0.190493	-0.0640765	0.634962	0.424682
81	0.424682	0.0881951	1.07473	-0.100096	0.250304	0.570459	0.0484977	0.0306899	0.204493	0.222825	0.768781	0.20731	1.18365	-0.190493	-0.0640765	0.214176
82	0.214176	0.424682	0.0881951	1.07473	-0.100096	0.250304	0.570459	0.0484977	0.0306899	0.204493	0.222825	0.768781	0.20731	1.18365	-0.190493	0.294951
83	0.294951	0.214176	0.424682	0.0881951	1.07473	-0.100096	0.250304	0.570459	0.0484977	0.0306899	0.204493	0.222825	0.768781	0.20731	1.18365	-0.777822
84	-0.777822	0.294951	0.214176	0.424682	0.0881951	1.07473	-0.100096	0.250304	0.570459	0.0484977	0.0306899	0.204493	0.222825	0.768781	0.20731	0.0288602
85	0.0288602	-0.777822	0.294951	0.214176	0.424682	0.0881951	1.07473	-0.100096	0.250304	0.570459	0.0484977	0.0306899	0.204493	0.222825	0.768781	0.460383
86	0.460383	0.0288602	-0.777822	0.294951	0.214176	0.424682	0.0881951	1.07473	-0.100096	0.250304	0.570459	0.0484977	0.0306899	0.204493	0.222825	0.157284
87	0.157284	0.460383	0.0288602	-0.777822	0.294951	0.214176	0.424682	0.0881951	1.07473	-0.100096	0.250304	0.570459	0.0484977	0.0306899	0.204493	-0.339989
88	-0.339989	0.157284	0.460383	0.0288602	-0.777822	0.294951	0.214176	0.424682	0.0881951	1.07473	-0.100096	0.250304	0.570459	0.0484977	0.0306899	0.923638
89	0.923638	-0.339989	0.157284	0.460383	0.0288602	-0.777822	0.294951	0.214176	0.424682	0.0881951	1.07473	-0.100096	0.250304	0.570459	0.0484977	0.409457
90	0.409457	0.923638	-0.339989	0.157284	0.460383	0.0288602	-0.777822	0.294951	0.214176	0.424682	0.0881951	1.07473	-0.100096	0.250304	0.570459	0.200421
91	0.200421	0.409457	0.923638	-0.339989	0.157284	0.460383	0.0288602	-0.777822	0.294951	0.214176	0.424682	0.0881951	1.07473	-0.100096	0.250304	0.180708
92	0.180708	0.200421	0.409457	0.923638	-0.339989	0.157284	0.460383	0.0288602	-0.777822	0.294951	0.214176	0.424682	0.0881951	1.07473	-0.100096	0.27273
93	0.27273	0.180708	0.200421	0.409457	0.923638	-0.339989	0.157284	0.460383	0.0288602	-0.777822	0.294951	0.214176	0.424682	0.0881951	1.07473	-0.203662
94	-0.203662	0.27273	0.180708	0.200421	0.409457	0.923638	-0.339989	0.157284	0.460383	0.0288602	-0.777822	0.294951	0.214176	0.424682	0.0881951	0.104477
95	0.104477	-0.203662	0.27273	0.180708	0.200421	0.409457	0.923638	-0.339989	0.157284	0.460383	0.0288602	-0.777822	0.294951	0.214176	0.424682	0.490402
96	0.490402	0.104477	-0.203662	0.27273	0.180708	0.200421	0.409457	0.923638	-0.339989	0.157284	0.460383	0.0288602	-0.777822	0.294951	0.214176	0.287766
97	0.287766	0.490402	0.104477	-0.203662	0.27273	0.180708	0.200421	0.409457	0.923638	-0.339989	0.157284	0.460383	0.0288602	-0.777822	0.294951	-0.477224
98	-0.477224	0.287766	0.490402	0.104477	-0.203662	0.27273	0.180708	0.200421	0.409457	0.923638	-0.339989	0.157284	0.460383	0.0288602	-0.777822	0.925722
99	0.925722	-0.477224	0.287766	0.490402	0.104477	-0.203662	0.27273	0.180708	0.200421	0.409457	0.923638	-0.339989	0.157284	0.460383	0.0288602	-0.164836
100	-0.164836	0.925722	-0.477224	0.287766	0.490402	0.104477	-0.203662	0.27273	0.180708	0.200421	0.409457	0.923638	-0.339989	0.157284	0.460383	0.245843
101	0.245843	-0.164836	0.925722	-0.477224	0.287766	0.490402	0.104477	-0.203662	0.27273	0.180708	0.200421	0.409457	0.923638	-0.339989	0.157284	0.106991
102	0.106991	0.245843	-0.164836	0.925722	-0.477224	0.287766	0.490402	0.104477	-0.203662	0.27273	0.180708	0.200421	0.409457	0.923638	-0.339989	0.339413
103	0.339413	0.106991	0.245843	-0.164836	0.925722	-0.477224	0.287766	0.490402	0.104477	-0.203662	0.27273	0.180708	0.200421	0.409457	0.923638	-0.559172
104	-0.559172	0.339413	0.106991	0.245843	-0.164836	0.925722	-0.477224	0.287766	0.490402	0.104477	-0.203662	0.27273	0.180708	0.200421	0.409457	-0.0642381
105	-0.0642381	-0.559172	0.339413	0.106991	0.245843	-0.164836	0.925722	-0.477224	0.287766	0.490402	0.104477	-0.203662	0.27273	0.180708	0.200421	-1.06939
106	-1.06939	-0.0642381	-0.559172	0.339413	0.106991	0.245843	-0.164836	0.925722	-0.477224	0.287766	0.490402	0.104477	-0.203662	0.27273	0.180708	0.356604
107	0.356604	-1.06939	-0.0642381	-0.559172	0.339413	0.106991	0.245843	-0.164836	0.925722	-0.477224	0.287766	0.490402	0.104477	-0.203662	0.27273	-0.326119
108	-0.326119	0.356604	-1.06939	-0.0642381	-0.559172	0.339413	0.106991	0.245843	-0.164836	0.925722	-0.477224	0.287766	0.490402	0.104477	-0.203662	0.732376
109	0.732376	-0.326119	0.356604	-1.06939	-0.0642381	-0.559172	0.339413	0.106991	0.245843	-0.164836	0.925722	-0.477224	0.287766	0.490402	0.104477	-0.689698
110	-0.689698	0.732376	-0.326119	0.356604	-1.06939	-0.0642381	-0.559172	0.339413	0.106991	0.245843	-0.164836	0.925722	-0.477224	0.287766	0.490402	0.158156
111	0.158156	-0.689698	0.732376	-0.326119	0.356604	-1.06939	-0.0642381	-0.559172	0.339413	0.106991	0.245843	-0.164836	0.925722	-0.477224	0.287766	-2.48232
112	-2.48232	0.158156	-0.689698	0.732376	-0.326119	0.356604	-1.06939	-0.0642381	-0.559172	0.339413	0.106991	0.245843	-0.164836	0.925722	-0.477224	0.331097
113	0.331097	-2.48232	0.158156	-0.689698	0.732376	-0.326119	0.356604	-1.06939	-0.0642381	-0.559172	0.339413	0.106991	0.245843	-0.164836	0.925722	2.52813
114	2.52813	0.331097	-2.48232	0.158156	-0.689698	0.732376	-0.326119	0.356604	-1.06939	-0.0642381	-0.559172	0.339413	0.106991	0.245843	-0.164836	0.00244464
115	0.00244464	2.52813	0.331097	-2.48232	0.158156	-0.689698	0.732376	-0.326119	0.356604	-1.06939	-0.0642381	-0.559172	0.339413	0.106991	0.245843	0.138437
116	0.138437	0.00244464	2.52813	0.331097	-2.48232	0.158156	-0.689698	0.732376	-0.326119	0.356604	-1.06939	-0.0642381	-0.559172	0.339413	0.106991	0.258592
117	0.258592	0.138437	0.00244464	2.52813	0.331097	-2.48232	0.158156	-0.689698	0.732376	-0.326119	0.356604	-1.06939	-0.0642381	-0.559172	0.339413	0.758266
118	0.758266	0.258592	0.138437	0.00244464	2.52813	0.331097	-2.48232	0.158156	-0.689698	0.732376	-0.326119	0.356604	-1.06939	-0.0642381	-0.559172	0.350666
119	0.350666	0.758266	0.258592	0.138437	0.00244464	2.52813	0.331097	-2.48232	0.158156	-0.689698	0.732376	-0.326119	0.356604	-1.06939	-0.0642381	-0.588444
120	-0.588444	0.350666	0.758266	0.258592	0.138437	0.00244464	2.52813	0.331097	-2.48232	0.158156	-0.689698	0.732376	-0.326119	0.356604	-1.06939	0.131745
121	0.131745	-0.588444	0.350666	0.758266	0.258592	0.138437	0.00244464	2.52813	0.331097	-2.48232	0.158156	-0.689698	0.732376	-0.326119	0.356604	-1.86968
122	-1.86968	0.131745	-0.588444	0.350666	0.758266	0.258592	0.138437	0.00244464	2.52813	0.331097	-2.48232	0.158156	-0.689698	0.732376	-0.326119	0.125304
123	0.125304	-1.86968	0.131745	-0.588444	0.350666	0.758266	0.258592	0.138437	0.00244464	2.52813	0.331097	-2.48232	0.158156	-0.689698	0.732376	2.01275
124	2.01275	0.125304	-1.86968	0.131745	-0.588444	0.350666	0.758266	0.258592	0.138437	0.00244464	2.52813	0.331097	-2.48232	0.158156	-0.689698	-0.0495007
125	-0.0495007	2.01275	0.125304	-1.86968	0.131745	-0.588444	0.350666	0.758266	0.258592	0.138437	0.00244464	2.52813	0.331097	-2.48232	0.158156	-0.055608
126	-0.055608	-0.0495007	2.01275	0.125304	-1.86968	0.131745	-0.588444	0.350666	0.758266	0.258592	0.138437	0.00244464	2.52813	0.331097	-2.48232	0.243326
127	0.243326	-0.055608	-0.0495007	2.01275	0.125304	-1.86968	0.131745	-0.588444	0.350666	0.758266	0.258592	0.138437	0.00244464	2.52813	0.331097	0.921857
128	0.921857	0.243326	-0.055608	-0.0495007	2.01275	0.125304	-1.86968	0.131745	-0.588444	0.350666	0.758266	0.258592	0.138437	0.00244464	2.52813	0.356589
129	0.356589	0.921857	0.243326	-0.055608	-0.0495007	2.01275	0.125304	-1.86968	0.131745	-0.588444	0.350666	0.758266	0.258592	0.138437	0.00244464	-0.35696
130	-0.35696	0.356589	0.921857	0.243326	-0.055608	-0.0495007	2.01275	0.125304	-1.86968	0.131745	-0.588444	0.350666	0.758266	0.258592	0.138437	-0.403867
131	-0.403867	-0.35696	0.356589	0.921857	0.243326	-0.055608	-0.0495007	2.01275	0.125304	-1.86968	0.131745	-0.588444	0.350666	0.758266	0.258592	-0.721424
132	-0.721424	-0.403867	-0.35696	0.356589	0.921857	0.243326	-0.055608	-0.0495007	2.01275	0.125304	-1.86968	0.131745	-0.588444	0.350666	0.758266	0.0179328
133	0.0179328	-0.721424	-0.403867	-0.35696	0.356589	0.921857	0.243326	-0.055608	-0.0495007	2.01275	0.125304	-1.86968	0.131745	-0.588444	0.350666	1.60766
134	1.60766	0.0179328	-0.721424	-0.403867	-0.35696	0.356589	0.921857	0.243326	-0.055608	-0.0495007	2.01275	0.125304	-1.86968	0.131745	-0.588444	-0.103896
135	-0.103896	1.60766	0.0179328	-0.721424	-0.403867	-0.35696	0.356589	0.921857	0.243326	-0.055608	-0.0495007	2.01275	0.125304	-1.86968	0.131745	2.68566
136	2.68566	-0.103896	1.60766	0.0179328	-0.721424	-0.403867	-0.35696	0.356589	0.921857	0.243326	-0.055608	-0.0495007	2.01275	0.125304	-1.86968	0.413223
137	0.413223	2.68566	-0.103896	1.60766	0.0179328	-0.721424	-0.403867	-0.35696	0.356589	0.921857	0.243326	-0.055608	-0.0495007	2.01275	0.125304	1.38894
138	1.38894	0.413223	2.68566	-0.103896	1.60766	0.0179328	-0.721424	-0.403867	-0.35696	0.356589	0.921857	0.243326	-0.055608	-0.0495007	2.01275	0.205542
139	0.205542	1.38894	0.413223	2.68566	-0.103896	1.60766	0.0179328	-0.721424	-0.403867	-0.35696	0.356589	0.921857	0.243326	-0.055608	-0.0495007	-0.312775
140	-0.312775	0.205542	1.38894	0.413223	2.68566	-0.103896	1.60766	0.0179328	-0.721424	-0.403867	-0.35696	0.356589	0.921857	0.243326	-0.055608	-0.0938278
141	-0.0938278	-0.312775	0.205542	1.38894	0.413223	2.68566	-0.103896	1.60766	0.0179328	-0.721424	-0.403867	-0.35696	0.356589	0.921857	0.243326	-0.814367
142	-0.814367	-0.0938278	-0.312775	0.205542	1.38894	0.413223	2.68566	-0.103896	1.60766	0.0179328	-0.721424	-0.403867	-0.35696	0.356589	0.921857	0.0205866
143	0.0205866	-0.814367	-0.0938278	-0.312775	0.205542	1.38894	0.413223	2.68566	-0.103896	1.60766	0.0179328	-0.721424	-0.403867	-0.35696	0.356589	1.3285
144	1.3285	0.0205866	-0.814367	-0.0938278	-0.312775	0.205542	1.38894	0.413223	2.68566	-0.103896	1.60766	0.0179328	-0.721424	-0.403867	-0.35696	-0.083144
145	-0.083144	1.3285	0.0205866	-0.814367	-0.0938278	-0.312775	0.205542	1.38894	0.413223	2.68566	-0.103896	1.60766	0.0179328	-0.721424	-0.403867	-0.565668
146	-0.565668	-0.083144	1.3285	0.0205866	-0.814367	-0.0938278	-0.312775	0.205542	1.38894	0.413223	2.68566	-0.103896	1.60766	0.0179328	-0.721424	0.0189167
147	0.0189167	-0.565668	-0.083144	1.3285	0.0205866	-0.814367	-0.0938278	-0.312775	0.205542	1.38894	0.413223	2.68566	-0.103896	1.60766	0.0179328	-0.680961
148	-0.680961	0.0189167	-0.565668	-0.083144	1.3285	0.0205866	-0.814367	-0.0938278	-0.312775	0.205542	1.38894	0.413223	2.68566	-0.103896	1.60766	0.150105
149	0.150105	-0.680961	0.0189167	-0.565668	-0.083144	1.3285	0.0205866	-0.814367	-0.0938278	-0.312775	0.205542	1.38894	0.413223	2.68566	-0.103896	-0.41338
150	-0.41338	0.150105	-0.680961	0.0189167	-0.565668	-0.083144	1.3285	0.0205866	-0.814367	-0.0938278	-0.312775	0.205542	1.38894	0.413223	2.68566	0.639841
151	0.639841	-0.41338	0.150105	-0.680961	0.0189167	-0.565668	-0.083144	1.3285	0.0205866	-0.814367	-0.0938278	-0.312775	0.205542	1.38894	0.413223	-0.39272
152	-0.39272	0.639841	-0.41338	0.150105	-0.680961	0.0189167	-0.565668	-0.083144	1.3285	0.0205866	-0.814367	-0.0938278	-0.312775	0.205542	1.38894	-0.0566927
153	-0.0566927	-0.39272	0.639841	-0.41338	0.150105	-0.680961	0.0189167	-0.565668	-0.083144	1.3285	0.0205866	-0.814367	-0.0938278	-0.312775	0.205542	1.51321
154	1.51321	-0.0566927	-0.39272	0.639841	-0.41338	0.150105	-0.680961	0.0189167	-0.565668	-0.083144	1.3285	0.0205866	-0.814367	-0.0938278	-0.312775	-0.080564
155	-0.080564	1.51321	-0.0566927	-0.39272	0.639841	-0.41338	0.150105	-0.680961	0.0189167	-0.565668	-0.083144	1.3285	0.0205866	-0.814367	-0.0938278	-0.481846
156	-0.481846	-0.080564	1.51321	-0.0566927	-0.39272	0.639841	-0.41338	0.150105	-0.680961	0.0189167	-0.565668	-0.083144	1.3285	0.0205866	-0.814367	0.113596
157	0.113596	-0.481846	-0.080564	1.51321	-0.0566927	-0.39272	0.639841	-0.41338	0.150105	-0.680961	0.0189167	-0.565668	-0.083144	1.3285	0.0205866	0.62548
158	0.62548	0.113596	-0.481846	-0.080564	1.51321	-0.0566927	-0.39272	0.639841	-0.41338	0.150105	-0.680961	0.0189167	-0.565668	-0.083144	1.3285	0.381822
159	0.381822	0.62548	0.113596	-0.481846	-0.080564	1.51321	-0.0566927	-0.39272	0.639841	-0.41338	0.150105	-0.680961	0.0189167	-0.565668	-0.083144	-0.479624
160	-0.479624	0.381822	0.62548	0.113596	-0.481846	-0.080564	1.51321	-0.0566927	-0.39272	0.639841	-0.41338	0.150105	-0.680961	0.0189167	-0.565668	1.54844
161	1.54844	-0.479624	0.381822	0.62548	0.113596	-0.481846	-0.080564	1.51321	-0.0566927	-0.39272	0.639841	-0.41338	0.150105	-0.680961	0.0189167	1.13661
162	1.13661	1.54844	-0.479624	0.381822	0.62548	0.113596	-0.481846	-0.080564	1.51321	-0.0566927	-0.39272	0.639841	-0.41338	0.150105	-0.680961	-0.0919983
163	-0.0919983	1.13661	1.54844	-0.479624	0.381822	0.62548	0.113596	-0.481846	-0.080564	1.51321	-0.0566927	-0.39272	0.639841	-0.41338	0.150105	1.1489
164	1.1489	-0.0919983	1.13661	1.54844	-0.479624	0.381822	0.62548	0.113596	-0.481846	-0.080564	1.51321	-0.0566927	-0.39272	0.639841	-0.41338	-0.131519
165	-0.131519	1.1489	-0.0919983	1.13661	1.54844	-0.479624	0.381822	0.62548	0.113596	-0.481846	-0.080564	1.51321	-0.0566927	-0.39272	0.639841	0.380447
166	0.380447	-0.131519	1.1489	-0.0919983	1.13661	1.54844	-0.479624	0.381822	0.62548	0.113596	-0.481846	-0.080564	1.51321	-0.0566927	-0.39272	0.0598494
167	0.0598494	0.380447	-0.131519	1.1489	-0.0919983	1.13661	1.54844	-0.479624	0.381822	0.62548	0.113596	-0.481846	-0.080564	1.51321	-0.0566927	0.685692
168	0.685692	0.0598494	0.380447	-0.131519	1.1489	-0.0919983	1.13661	1.54844	-0.479624	0.381822	0.62548	0.113596	-0.481846	-0.080564	1.51321	-0.136558
169	-0.136558	0.685692	0.0598494	0.380447	-0.131519	1.1489	-0.0919983	1.13661	1.54844	-0.479624	0.381822	0.62548	0.113596	-0.481846	-0.080564	-0.453651
170	-0.453651	-0.136558	0.685692	0.0598494	0.380447	-0.131519	1.1489	-0.0919983	1.13661	1.54844	-0.479624	0.381822	0.62548	0.113596	-0.481846	1.47163
171	1.47163	-0.453651	-0.136558	0.685692	0.0598494	0.380447	-0.131519	1.1489	-0.0919983	1.13661	1.54844	-0.479624	0.381822	0.62548	0.113596	1.09931
172	1.09931	1.47163	-0.453651	-0.136558	0.685692	0.0598494	0.380447	-0.131519	1.1489	-0.0919983	1.13661	1.54844	-0.479624	0.381822	0.62548	-0.0402951
173	-0.0402951	1.09931	1.47163	-0.453651	-0.136558	0.685692	0.0598494	0.380447	-0.131519	1.1489	-0.0919983	1.13661	1.54844	-0.479624	0.381822	0.884473
174	0.884473	-0.0402951	1.09931	1.47163	-0.453651	-0.136558	0.685692	0.0598494	0.380447	-0.131519	1.1489	-0.0919983	1.13661	1.54844	-0.479624	0.026725
175	0.026725	0.884473	-0.0402951	1.09931	1.47163	-0.453651	-0.136558	0.685692	0.0598494	0.380447	-0.131519	1.1489	-0.0919983	1.13661	1.54844	1.28284
176	1.28284	0.026725	0.884473	-0.0402951	1.09931	1.47163	-0.453651	-0.136558	0.685692	0.0598494	0.380447	-0.131519	1.1489	-0.0919983	1.13661	-0.158425
177	-0.158425	1.28284	0.026725	0.884473	-0.0402951	1.09931	1.47163	-0.453651	-0.136558	0.685692	0.0598494	0.380447	-0.131519	1.1489	-0.0919983	0.780113
178	0.780113	-0.158425	1.28284	0.026725	0.884473	-0.0402951	1.09931	1.47163	-0.453651	-0.136558	0.685692	0.0598494	0.380447	-0.131519	1.1489	0.0389429
179	0.0389429	0.780113	-0.158425	1.28284	0.026725	0.884473	-0.0402951	1.09931	1.47163	-0.453651	-0.136558	0.685692	0.0598494	0.380447	-0.131519	-0.330971
180	-0.330971	0.0389429	0.780113	-0.158425	1.28284	0.026725	0.884473	-0.0402951	1.09931	1.47163	-0.453651	-0.136558	0.685692	0.0598494	0.380447	1.22795
181	1.22795	-0.330971	0.0389429	0.780113	-0.158425	1.28284	0.026725	0.884473	-0.0402951	1.09931	1.47163	-0.453651	-0.136558	0.685692	0.0598494	0.869442
182	0.869442	1.22795	-0.330971	0.0389429	0.780113	-0.158425	1.28284	0.026725	0.884473	-0.0402951	1.09931	1.47163	-0.453651	-0.136558	0.685692	-0.870367
183	-0.870367	0.869442	1.22795	-0.330971	0.0389429	0.780113	-0.158425	1.28284	0.026725	0.884473	-0.0402951	1.09931	1.47163	-0.453651	-0.136558	0.881461
184	0.881461	-0.870367	0.869442	1.22795	-0.330971	0.0389429	0.780113	-0.158425	1.28284	0.026725	0.884473	-0.0402951	1.09931	1.47163	-0.453651	0.0219902
185	0.0219902	0.881461	-0.870367	0.869442	1.22795	-0.330971	0.0389429	0.780113	-0.158425	1.28284	0.026725	0.884473	-0.0402951	1.09931	1.47163	1.36901
186	1.36901	0.0219902	0.881461	-0.870367	0.869442	1.22795	-0.330971	0.0389429	0.780113	-0.158425	1.28284	0.026725	0.884473	-0.0402951	1.09931	-0.109784
187	-0.109784	1.36901	0.0219902	0.881461	-0.870367	0.869442	1.22795	-0.330971	0.0389429	0.780113	-0.158425	1.28284	0.026725	0.884473	-0.0402951	0.551581
188	0.551581	-0.109784	1.36901	0.0219902	0.881461	-0.870367	0.869442	1.22795	-0.330971	0.0389429	0.780113	-0.158425	1.28284	0.026725	0.884473	0.00862203
189	0.00862203	0.551581	-0.109784	1.36901	0.0219902	0.881461	-0.870367	0.869442	1.22795	-0.330971	0.0389429	0.780113	-0.158425	1.28284	0.026725	-0.04335
190	-0.04335	0.00862203	0.551581	-0.109784	1.36901	0.0219902	0.881461	-0.870367	0.869442	1.22795	-0.330971	0.0389429	0.780113	-0.158425	1.28284	0.956612
191	0.956612	-0.04335	0.00862203	0.551581	-0.109784	1.36901	0.0219902	0.881461	-0.870367	0.869442	1.22795	-0.330971	0.0389429	0.780113	-0.158425	0.567283
192	0.567283	0.956612	-0.04335	0.00862203	0.551581	-0.109784	1.36901	0.0219902	0.881461	-0.870367	0.869442	1.22795	-0.330971	0.0389429	0.780113	-0.347141
193	-0.347141	0.567283	0.956612	-0.04335	0.00862203	0.551581	-0.109784	1.36901	0.0219902	0.881461	-0.870367	0.869442	1.22795	-0.330971	0.0389429	0.744361
194	0.744361	-0.347141	0.567283	0.956612	-0.04335	0.00862203	0.551581	-0.109784	1.36901	0.0219902	0.881461	-0.870367	0.869442	1.22795	-0.330971	0.0952756
195	0.0952756	0.744361	-0.347141	0.567283	0.956612	-0.04335	0.00862203	0.551581	-0.109784	1.36901	0.0219902	0.881461	-0.870367	0.869442	1.22795	1.9018
196	1.9018	0.0952756	0.744361	-0.347141	0.567283	0.956612	-0.04335	0.00862203	0.551581	-0.109784	1.36901	0.0219902	0.881461	-0.870367	0.869442	0.0530551
197	0.0530551	1.9018	0.0952756	0.744361	-0.347141	0.567283	0.956612	-0.04335	0.00862203	0.551581	-0.109784	1.36901	0.0219902	0.881461	-0.870367	0.422319
198	0.422319	0.0530551	1.9018	0.0952756	0.744361	-0.347141	0.567283	0.956612	-0.04335	0.00862203	0.551581	-0.109784	1.36901	0.0219902	0.881461	1.13282
199	1.13282	0.422319	0.0530551	1.9018	0.0952756	0.744361	-0.347141	0.567283	0.956612	-0.04335	0.00862203	0.551581	-0.109784	1.36901	0.0219902	0.167159
200	0.167159	1.13282	0.422319	0.0530551	1.9018	0.0952756	0.744361	-0.347141	0.567283	0.956612	-0.04335	0.00862203	0.551581	-0.109784	1.36901	0.672795
201	0.672795	0.167159	1.13282	0.422319	0.0530551	1.9018	0.0952756	0.744361	-0.347141	0.567283	0.956612	-0.04335	0.00862203	0.551581	-0.109784	0.421186
202	0.421186	0.672795	0.167159	1.13282	0.422319	0.0530551	1.9018	0.0952756	0.744361	-0.347141	0.567283	0.956612	-0.04335	0.00862203	0.551581	-0.406311
203	-0.406311	0.421186	0.672795	0.167159	1.13282	0.422319	0.0530551	1.9018	0.0952756	0.744361	-0.347141	0.567283	0.956612	-0.04335	0.00862203	0.780761
204	0.780761	-0.406311	0.421186	0.672795	0.167159	1.13282	0.422319	0.0530551	1.9018	0.0952756	0.744361	-0.347141	0.567283	0.956612	-0.04335	0.125465
205	0.125465	0.780761	-0.406311	0.421186	0.672795	0.167159	1.13282	0.422319	0.0530551	1.9018	0.0952756	0.744361	-0.347141	0.567283	0.956612	1.63778
206	1.63778	0.125465	0.780761	-0.406311	0.421186	0.672795	0.167159	1.13282	0.422319	0.0530551	1.9018	0.0952756	0.744361	-0.347141	0.567283	0.174919
207	0.174919	1.63778	0.125465	0.780761	-0.406311	0.421186	0.672795	0.167159	1.13282	0.422319	0.0530551	1.9018	0.0952756	0.744361	-0.347141	0.512901
208	0.512901	0.174919	1.63778	0.125465	0.780761	-0.406311	0.421186	0.672795	0.167159	1.13282	0.422319	0.0530551	1.9018	0.0952756	0.744361	1.82544
209	1.82544	0.512901	0.174919	1.63778	0.125465	0.780761	-0.406311	0.421186	0.672795	0.167159	1.13282	0.422319	0.0530551	1.9018	0.0952756	0.0689531
210	0.0689531	1.82544	0.512901	0.174919	1.63778	0.125465	0.780761	-0.406311	0.421186	0.672795	0.167159	1.13282	0.422319	0.0530551	1.9018	0.636433
211	0.636433	0.0689531	1.82544	0.512901	0.174919	1.63778	0.125465	0.780761	-0.406311	0.421186	0.672795	0.167159	1.13282	0.422319	0.0530551	0.441379
212	0.441379	0.636433	0.0689531	1.82544	0.512901	0.174919	1.63778	0.125465	0.780761	-0.406311	0.421186	0.672795	0.167159	1.13282	0.422319	-0.307227
213	-0.307227	0.441379	0.636433	0.0689531	1.82544	0.512901	0.174919	1.63778	0.125465	0.780761	-0.406311	0.421186	0.672795	0.167159	1.13282	0.784311
214	0.784311	-0.307227	0.441379	0.636433	0.0689531	1.82544	0.512901	0.174919	1.63778	0.125465	0.780761	-0.406311	0.421186	0.672795	0.167159	0.109886
215	0.109886	0.784311	-0.307227	0.441379	0.636433	0.0689531	1.82544	0.512901	0.174919	1.63778	0.125465	0.780761	-0.406311	0.421186	0.672795	1.51426
216	1.51426	0.109886	0.784311	-0.307227	0.441379	0.636433	0.0689531	1.82544	0.512901	0.174919	1.63778	0.125465	0.780761	-0.406311	0.421186	0.0386883
217	0.0386883	1.51426	0.109886	0.784311	-0.307227	0.441379	0.636433	0.0689531	1.82544	0.512901	0.174919	1.63778	0.125465	0.780761	-0.406311	0.423358
218	0.423358	0.0386883	1.51426	0.109886	0.784311	-0.307227	0.441379	0.636433	0.0689531	1.82544	0.512901	0.174919	1.63778	0.125465	0.780761	0.683506
219	0.683506	0.423358	0.0386883	1.51426	0.109886	0.784311	-0.307227	0.441379	0.636433	0.0689531	1.82544	0.512901	0.174919	1.63778	0.125465	-0.042764
220	-0.042764	0.683506	0.423358	0.0386883	1.51426	0.109886	0.784311	-0.307227	0.441379	0.636433	0.0689531	1.82544	0.512901	0.174919	1.63778	0.389273
221	0.389273	-0.042764	0.683506	0.423358	0.0386883	1.51426	0.109886	0.784311	-0.307227	0.441379	0.636433	0.0689531	1.82544	0.512901	0.174919	0.342878
222	0.342878	0.389273	-0.042764	0.683506	0.423358	0.0386883	1.51426	0.109886	0.784311	-0.307227	0.441379	0.636433	0.0689531	1.82544	0.512901	-0.0783632
223	-0.0783632	0.342878	0.389273	-0.042764	0.683506	0.423358	0.0386883	1.51426	0.109886	0.784311	-0.307227	0.441379	0.636433	0.0689531	1.82544	0.605296
224	0.605296	-0.0783632	0.342878	0.389273	-0.042764	0.683506	0.423358	0.0386883	1.51426	0.109886	0.784311	-0.307227	0.441379	0.636433	0.0689531	-0.0974577
225	-0.0974577	0.605296	-0.0783632	0.342878	0.389273	-0.042764	0.683506	0.423358	0.0386883	1.51426	0.109886	0.784311	-0.307227	0.441379	0.636433	1.22888
226	1.22888	-0.0974577	0.605296	-0.0783632	0.342878	0.389273	-0.042764	0.683506	0.423358	0.0386883	1.51426	0.109886	0.784311	-0.307227	0.441379	-0.0191752
227	-0.0191752	1.22888	-0.0974577	0.605296	-0.0783632	0.342878	0.389273	-0.042764	0.683506	0.423358	0.0386883	1.51426	0.109886	0.784311	-0.307227	0.408939
228	0.408939	-0.0191752	1.22888	-0.0974577	0.605296	-0.0783632	0.342878	0.389273	-0.042764	0.683506	0.423358	0.0386883	1.51426	0.109886	0.784311	0.864058
229	0.864058	0.408939	-0.0191752	1.22888	-0.0974577	0.605296	-0.0783632	0.342878	0.389273	-0.042764	0.683506	0.423358	0.0386883	1.51426	0.109886	-0.235041
230	-0.235041	0.864058	0.408939	-0.0191752	1.22888	-0.0974577	0.605296	-0.0783632	0.342878	0.389273	-0.042764	0.683506	0.423358	0.0386883	1.51426	0.190485
231	0.190485	-0.235041	0.864058	0.408939	-0.0191752	1.22888	-0.0974577	0.605296	-0.0783632	0.342878	0.389273	-0.042764	0.683506	0.423358	0.0386883	0.26605
232	0.26605	0.190485	-0.235041	0.864058	0.408939	-0.0191752	1.22888	-0.0974577	0.605296	-0.0783632	0.342878	0.389273	-0.042764	0.683506	0.423358	0.395007
233	0.395007	0.26605	0.190485	-0.235041	0.864058	0.408939	-0.0191752	1.22888	-0.0974577	0.605296	-0.0783632	0.342878	0.389273	-0.042764	0.683506	0.437147
234	0.437147	0.395007	0.26605	0.190485	-0.235041	0.864058	0.408939	-0.0191752	1.22888	-0.0974577	0.605296	-0.0783632	0.342878	0.389273	-0.042764	-0.0536031
235	-0.0536031	0.437147	0.395007	0.26605	0.190485	-0.235041	0.864058	0.408939	-0.0191752	1.22888	-0.0974577	0.605296	-0.0783632	0.342878	0.389273	-1.0476
236	-1.0476	-0.0536031	0.437147	0.395007	0.26605	0.190485	-0.235041	0.864058	0.408939	-0.0191752	1.22888	-0.0974577	0.605296	-0.0783632	0.342878	0.0061983
237	0.0061983	-1.0476	-0.0536031	0.437147	0.395007	0.26605	0.190485	-0.235041	0.864058	0.408939	-0.0191752	1.22888	-0.0974577	0.605296	-0.0783632	0.297326
238	0.297326	0.0061983	-1.0476	-0.0536031	0.437147	0.395007	0.26605	0.190485	-0.235041	0.864058	0.408939	-0.0191752	1.22888	-0.0974577	0.605296	0.489828
239	0.489828	0.297326	0.0061983	-1.0476	-0.0536031	0.437147	0.395007	0.26605	0.190485	-0.235041	0.864058	0.408939	-0.0191752	1.22888	-0.0974577	-0.503888
240	-0.503888	0.489828	0.297326	0.0061983	-1.0476	-0.0536031	0.437147	0.395007	0.26605	0.190485	-0.235041	0.864058	0.408939	-0.0191752	1.22888	-0.0117125
241	-0.0117125	-0.503888	0.489828	0.297326	0.0061983	-1.0476	-0.0536031	0.437147	0.395007	0.26605	0.190485	-0.235041	0.864058	0.408939	-0.0191752	0.551996
242	0.551996	-0.0117125	-0.503888	0.489828	0.297326	0.0061983	-1.0476	-0.0536031	0.437147	0.395007	0.26605	0.190485	-0.235041	0.864058	0.408939	0.517625
243	0.517625	0.551996	-0.0117125	-0.503888	0.489828	0.297326	0.0061983	-1.0476	-0.0536031	0.437147	0.395007	0.26605	0.190485	-0.235041	0.864058	0.394231
244	0.394231	0.517625	0.551996	-0.0117125	-0.503888	0.489828	0.297326	0.0061983	-1.0476	-0.0536031	0.437147	0.395007	0.26605	0.190485	-0.235041	-0.121956
245	-0.121956	0.394231	0.517625	0.551996	-0.0117125	-0.503888	0.489828	0.297326	0.0061983	-1.0476	-0.0536031	0.437147	0.395007	0.26605	0.190485	-0.59941
246	-0.59941	-0.121956	0.394231	0.517625	0.551996	-0.0117125	-0.503888	0.489828	0.297326	0.0061983	-1.0476	-0.0536031	0.437147	0.395007	0.26605	-1.3971
247	-1.3971	-0.59941	-0.121956	0.394231	0.517625	0.551996	-0.0117125	-0.503888	0.489828	0.297326	0.0061983	-1.0476	-0.0536031	0.437147	0.395007	0.253122
248	0.253122	-1.3971	-0.59941	-0.121956	0.394231	0.517625	0.551996	-0.0117125	-0.503888	0.489828	0.297326	0.0061983	-1.0476	-0.0536031	0.437147	0.41467
249	0.41467	0.253122	-1.3971	-0.59941	-0.121956	0.394231	0.517625	0.551996	-0.0117125	-0.503888	0.489828	0.297326	0.0061983	-1.0476	-0.0536031	-0.391064
250	-0.391064	0.41467	0.253122	-1.3971	-0.59941	-0.121956	0.394231	0.517625	0.551996	-0.0117125	-0.503888	0.489828	0.297326	0.0061983	-1.0476	2.8443
251	2.8443	-0.391064	0.41467	0.253122	-1.3971	-0.59941	-0.121956	0.394231	0.517625	0.551996	-0.0117125	-0.503888	0.489828	0.297326	0.0061983	-0.0276959
252	-0.0276959	2.8443	-0.391064	0.41467	0.253122	-1.3971	-0.59941	-0.121956	0.394231	0.517625	0.551996	-0.0117125	-0.503888	0.489828	0.297326	0.739159
253	0.739159	-0.0276959	2.8443	-0.391064	0.41467	0.253122	-1.3971	-0.59941	-0.121956	0.394231	0.517625	0.551996	-0.0117125	-0.503888	0.489828	0.156799
254	0.156799	0.739159	-0.0276959	2.8443	-0.391064	0.41467	0.253122	-1.3971	-0.59941	-0.121956	0.394231	0.517625	0.551996	-0.0117125	-0.503888	-0.185211
255	-0.185211	0.156799	0.739159	-0.0276959	2.8443	-0.391064	0.41467	0.253122	-1.3971	-0.59941	-0.121956	0.394231	0.517625	0.551996	-0.0117125	0.673688
256	0.673688	-0.185211	0.156799	0.739159	-0.0276959	2.8443	-0.391064	0.41467	0.253122	-1.3971	-0.59941	-0.121956	0.394231	0.517625	0.551996	-1.06844
257	-1.06844	0.673688	-0.185211	0.156799	0.739159	-0.0276959	2.8443	-0.391064	0.41467	0.253122	-1.3971	-0.59941	-0.121956	0.394231	0.517625	-0.0598459
258	-0.0598459	-1.06844	0.673688	-0.185211	0.156799	0.739159	-0.0276959	2.8443	-0.391064	0.41467	0.253122	-1.3971	-0.59941	-0.121956	0.394231	0.393798
259	0.393798	-0.0598459	-1.06844	0.673688	-0.185211	0.156799	0.739159	-0.0276959	2.8443	-0.391064	0.41467	0.253122	-1.3971	-0.59941	-0.121956	-0.331897
260	-0.331897	0.393798	-0.0598459	-1.06844	0.673688	-0.185211	0.156799	0.739159	-0.0276959	2.8443	-0.391064	0.41467	0.253122	-1.3971	-0.59941	0.488293
261	0.488293	-0.331897	0.393798	-0.0598459	-1.06844	0.673688	-0.185211	0.156799	0.739159	-0.0276959	2.8443	-0.391064	0.41467	0.253122	-1.3971	0.0414782
262	0.0414782	0.488293	-0.331897	0.393798	-0.0598459	-1.06844	0.673688	-0.185211	0.156799	0.739159	-0.0276959	2.8443	-0.391064	0.41467	0.253122	1.24693
263	1.24693	0.0414782	0.488293	-0.331897	0.393798	-0.0598459	-1.06844	0.673688	-0.185211	0.156799	0.739159	-0.0276959	2.8443	-0.391064	0.41467	1.49338
264	1.49338	1.24693	0.0414782	0.488293	-0.331897	0.393798	-0.0598459	-1.06844	0.673688	-0.185211	0.156799	0.739159	-0.0276959	2.8443	-0.391064	-0.27509
265	-0.27509	1.49338	1.24693	0.0414782	0.488293	-0.331897	0.393798	-0.0598459	-1.06844	0.673688	-0.185211	0.156799	0.739159	-0.0276959	2.8443	-0.743225
266	-0.743225	-0.27509	1.49338	1.24693	0.0414782	0.488293	-0.331897	0.393798	-0.0598459	-1.06844	0.673688	-0.185211	0.156799	0.739159	-0.0276959	-1.00151
267	-1.00151	-0.743225	-0.27509	1.49338	1.24693	0.0414782	0.488293	-0.331897	0.393798	-0.0598459	-1.06844	0.673688	-0.185211	0.156799	0.739159	-0.407025
268	-0.407025	-1.00151	-0.743225	-0.27509	1.49338	1.24693	0.0414782	0.488293	-0.331897	0.393798	-0.0598459	-1.06844	0.673688	-0.185211	0.156799	0.102691
269	0.102691	-0.407025	-1.00151	-0.743225	-0.27509	1.49338	1.24693	0.0414782	0.488293	-0.331897	0.393798	-0.0598459	-1.06844	0.673688	-0.185211	-0.22594
270	-0.22594	0.102691	-0.407025	-1.00151	-0.743225	-0.27509	1.49338	1.24693	0.0414782	0.488293	-0.331897	0.393798	-0.0598459	-1.06844	0.673688	1.08782
271	1.08782	-0.22594	0.102691	-0.407025	-1.00151	-0.743225	-0.27509	1.49338	1.24693	0.0414782	0.488293	-0.331897	0.393798	-0.0598459	-1.06844	0.920731
272	0.920731	1.08782	-0.22594	0.102691	-0.407025	-1.00151	-0.743225	-0.27509	1.49338	1.24693	0.0414782	0.488293	-0.331897	0.393798	-0.0598459	0.667606
273	0.667606	0.920731	1.08782	-0.22594	0.102691	-0.407025	-1.00151	-0.743225	-0.27509	1.49338	1.24693	0.0414782	0.488293	-0.331897	0.393798	0.828191
274	0.828191	0.667606	0.920731	1.08782	-0.22594	0.102691	-0.407025	-1.00151	-0.743225	-0.27509	1.49338	1.24693	0.0414782	0.488293	-0.331897	-0.134511
275	-0.134511	0.828191	0.667606	0.920731	1.08782	-0.22594	0.102691	-0.407025	-1.00151	-0.743225	-0.27509	1.49338	1.24693	0.0414782	0.488293	0.108595
276	0.108595	-0.134511	0.828191	0.667606	0.920731	1.08782	-0.22594	0.102691	-0.407025	-1.00151	-0.743225	-0.27509	1.49338	1.24693	0.0414782	-0.641419
277	-0.641419	0.108595	-0.134511	0.828191	0.667606	0.920731	1.08782	-0.22594	0.102691	-0.407025	-1.00151	-0.743225	-0.27509	1.49338	1.24693	-0.486534
278	-0.486534	-0.641419	0.108595	-0.134511	0.828191	0.667606	0.920731	1.08782	-0.22594	0.102691	-0.407025	-1.00151	-0.743225	-0.27509	1.49338	-0.000877353
279	-0.000877353	-0.486534	-0.641419	0.108595	-0.134511	0.828191	0.667606	0.920731	1.08782	-0.22594	0.102691	-0.407025	-1.00151	-0.743225	-0.27509	-0.223324
280	-0.223324	-0.000877353	-0.486534	-0.641419	0.108595	-0.134511	0.828191	0.667606	0.920731	1.08782	-0.22594	0.102691	-0.407025	-1.00151	-0.743225	2.64562
281	2.64562	-0.223324	-0.000877353	-0.486534	-0.641419	0.108595	-0.134511	0.828191	0.667606	0.920731	1.08782	-0.22594	0.102691	-0.407025	-1.00151	0.70593
282	0.70593	2.64562	-0.223324	-0.000877353	-0.486534	-0.641419	0.108595	-0.134511	0.828191	0.667606	0.920731	1.08782	-0.22594	0.102691	-0.407025	1.35512
283	1.35512	0.70593	2.64562	-0.223324	-0.000877353	-0.486534	-0.641419	0.108595	-0.134511	0.828191	0.667606	0.920731	1.08782	-0.22594	0.102691	1.29539
284	1.29539	1.35512	0.70593	2.64562	-0.223324	-0.000877353	-0.486534	-0.641419	0.108595	-0.134511	0.828191	0.667606	0.920731	1.08782	-0.22594	-0.694226
285	-0.694226	1.29539	1.35512	0.70593	2.64562	-0.223324	-0.000877353	-0.486534	-0.641419	0.108595	-0.134511	0.828191	0.667606	0.920731	1.08782	2.28557
286	2.28557	-0.694226	1.29539	1.35512	0.70593	2.64562	-0.223324	-0.000877353	-0.486534	-0.641419	0.108595	-0.134511	0.828191	0.667606	0.920731	-0.626491
287	-0.626491	2.28557	-0.694226	1.29539	1.35512	0.70593	2.64562	-0.223324	-0.000877353	-0.486534	-0.641419	0.108595	-0.134511	0.828191	0.667606	-0.287121
288	-0.287121	-0.626491	2.28557	-0.694226	1.29539	1.35512	0.70593	2.64562	-0.223324	-0.000877353	-0.486534	-0.641419	0.108595	-0.134511	0.828191	0.190027
289	0.190027	-0.287121	-0.626491	2.28557	-0.694226	1.29539	1.35512	0.70593	2.64562	-0.223324	-0.000877353	-0.486534	-0.641419	0.108595	-0.134511	-0.0118753
290	-0.0118753	0.190027	-0.287121	-0.626491	2.28557	-0.694226	1.29539	1.35512	0.70593	2.64562	-0.223324	-0.000877353	-0.486534	-0.641419	0.108595	-0.368915
291	-0.368915	-0.0118753	0.190027	-0.287121	-0.626491	2.28557	-0.694226	1.29539	1.35512	0.70593	2.64562	-0.223324	-0.000877353	-0.486534	-0.641419	0.581438
292	0.581438	-0.368915	-0.0118753	0.190027	-0.287121	-0.626491	2.28557	-0.694226	1.29539	1.35512	0.70593	2.64562	-0.223324	-0.000877353	-0.486534	1.30482
293	1.30482	0.581438	-0.368915	-0.0118753	0.190027	-0.287121	-0.626491	2.28557	-0.694226	1.29539	1.35512	0.70593	2.64562	-0.223324	-0.000877353	2.31033
294	2.31033	1.30482	0.581438	-0.368915	-0.0118753	0.190027	-0.287121	-0.626491	2.28557	-0.694226	1.29539	1.35512	0.70593	2.64562	-0.223324	-0.556334
295	-0.556334	2.31033	1.30482	0.581438	-0.368915	-0.0118753	0.190027	-0.287121	-0.626491	2.28557	-0.694226	1.29539	1.35512	0.70593	2.64562	0.200913
296	0.200913	-0.556334	2.31033	1.30482	0.581438	-0.368915	-0.0118753	0.190027	-0.287121	-0.626491	2.28557	-0.694226	1.29539	1.35512	0.70593	0.51598
297	0.51598	0.200913	-0.556334	2.31033	1.30482	0.581438	-0.368915	-0.0118753	0.190027	-0.287121	-0.626491	2.28557	-0.694226	1.29539	1.35512	-0.14992
298	-0.14992	0.51598	0.200913	-0.556334	2.31033	1.30482	0.581438	-0.368915	-0.0118753	0.190027	-0.287121	-0.626491	2.28557	-0.694226	1.29539	0.134324
299	0.134324	-0.14992	0.51598	0.200913	-0.556334	2.31033	1.30482	0.581438	-0.368915	-0.0118753	0.190027	-0.287121	-0.626491	2.28557	-0.694226	0.0560252
300	0.0560252	0.134324	-0.14992	0.51598	0.200913	-0.556334	2.31033	1.30482	0.581438	-0.368915	-0.0118753	0.190027	-0.287121	-0.626491	2.28557	0.0502251
301	0.0502251	0.0560252	0.134324	-0.14992	0.51598	0.200913	-0.556334	2.31033	1.30482	0.581438	-0.368915	-0.0118753	0.190027	-0.287121	-0.626491	0.398874
302	0.398874	0.0502251	0.0560252	0.134324	-0.14992	0.51598	0.200913	-0.556334	2.31033	1.30482	0.581438	-0.368915	-0.0118753	0.190027	-0.287121	0.995936
303	0.995936	0.398874	0.0502251	0.0560252	0.134324	-0.14992	0.51598	0.200913	-0.556334	2.31033	1.30482	0.581438	-0.368915	-0.0118753	0.190027	2.1811
304	2.1811	0.995936	0.398874	0.0502251	0.0560252	0.134324	-0.14992	0.51598	0.200913	-0.556334	2.31033	1.30482	0.581438	-0.368915	-0.0118753	-0.413536
305	-0.413536	2.1811	0.995936	0.398874	0.0502251	0.0560252	0.134324	-0.14992	0.51598	0.200913	-0.556334	2.31033	1.30482	0.581438	-0.368915	0.176758
306	0.176758	-0.413536	2.1811	0.995936	0.398874	0.0502251	0.0560252	0.134324	-0.14992	0.51598	0.200913	-0.556334	2.31033	1.30482	0.581438	0.597882
307	0.597882	0.176758	-0.413536	2.1811	0.995936	0.398874	0.0502251	0.0560252	0.134324	-0.14992	0.51598	0.200913	-0.556334	2.31033	1.30482	-0.143422
308	-0.143422	0.597882	0.176758	-0.413536	2.1811	0.995936	0.398874	0.0502251	0.0560252	0.134324	-0.14992	0.51598	0.200913	-0.556334	2.31033	0.00981992
309	0.00981992	-0.143422	0.597882	0.176758	-0.413536	2.1811	0.995936	0.398874	0.0502251	0.0560252	0.134324	-0.14992	0.51598	0.200913	-0.556334	0.14353
310	0.14353	0.00981992	-0.143422	0.597882	0.176758	-0.413536	2.1811	0.995936	0.398874	0.0502251	0.0560252	0.134324	-0.14992	0.51598	0.200913	1.0338
311	1.0338	0.14353	0.00981992	-0.143422	0.597882	0.176758	-0.413536	2.1811	0.995936	0.398874	0.0502251	0.0560252	0.134324	-0.14992	0.51598	0.0578704
312	0.0578704	1.0338	0.14353	0.00981992	-0.143422	0.597882	0.176758	-0.413536	2.1811	0.995936	0.398874	0.0502251	0.0560252	0.134324	-0.14992	0.755425
313	0.755425	0.0578704	1.0338	0.14353	0.00981992	-0.143422	0.597882	0.176758	-0.413536	2.1811	0.995936	0.398874	0.0502251	0.0560252	0.134324	1.68445
314	1.68445	0.755425	0.0578704	1.0338	0.14353	0.00981992	-0.143422	0.597882	0.176758	-0.413536	2.1811	0.995936	0.398874	0.0502251	0.0560252	-0.446149
315	-0.446149	1.68445	0.755425	0.0578704	1.0338	0.14353	0.00981992	-0.143422	0.597882	0.176758	-0.413536	2.1811	0.995936	0.398874	0.0502251	0.13893
316	0.13893	-0.446149	1.68445	0.755425	0.0578704	1.0338	0.14353	0.00981992	-0.143422	0.597882	0.176758	-0.413536	2.1811	0.995936	0.398874	0.518084
317	0.518084	0.13893	-0.446149	1.68445	0.755425	0.0578704	1.0338	0.14353	0.00981992	-0.143422	0.597882	0.176758	-0.413536	2.1811	0.995936	0.00380473
318	0.00380473	0.518084	0.13893	-0.446149	1.68445	0.755425	0.0578704	1.0338	0.14353	0.00981992	-0.143422	0.597882	0.176758	-0.413536	2.1811	0.0951997
319	0.0951997	0.00380473	0.518084	0.13893	-0.446149	1.68445	0.755425	0.0578704	1.0338	0.14353	0.00981992	-0.143422	0.597882	0.176758	-0.413536	0.219831
320	0.219831	0.0951997	0.00380473	0.518084	0.13893	-0.446149	1.68445	0.755425	0.0578704	1.0338	0.14353	0.00981992	-0.143422	0.597882	0.176758	1.89924
321	1.89924	0.219831	0.0951997	0.00380473	0.518084	0.13893	-0.446149	1.68445	0.755425	0.0578704	1.0338	0.14353	0.00981992	-0.143422	0.597882	0.206648
322	0.206648	1.89924	0.219831	0.0951997	0.00380473	0.518084	0.13893	-0.446149	1.68445	0.755425	0.0578704	1.0338	0.14353	0.00981992	-0.143422	0.677107
323	0.677107	0.206648	1.89924	0.219831	0.0951997	0.00380473	0.518084	0.13893	-0.446149	1.68445	0.755425	0.0578704	1.0338	0.14353	0.00981992	1.27076
324	1.27076	0.677107	0.206648	1.89924	0.219831	0.0951997	0.00380473	0.518084	0.13893	-0.446149	1.68445	0.755425	0.0578704	1.0338	0.14353	-0.325929
325	-0.325929	1.27076	0.677107	0.206648	1.89924	0.219831	0.0951997	0.00380473	0.518084	0.13893	-0.446149	1.68445	0.755425	0.0578704	1.0338	0.0906337
326	0.0906337	-0.325929	1.27076	0.677107	0.206648	1.89924	0.219831	0.0951997	0.00380473	0.518084	0.13893	-0.446149	1.68445	0.755425	0.0578704	0.403451
327	0.403451	0.0906337	-0.325929	1.27076	0.677107	0.206648	1.89924	0.219831	0.0951997	0.00380473	0.518084	0.13893	-0.446149	1.68445	0.755425	-0.0982454
328	-0.0982454	0.403451	0.0906337	-0.325929	1.27076	0.677107	0.206648	1.89924	0.219831	0.0951997	0.00380473	0.518084	0.13893	-0.446149	1.68445	0.0507062
329	0.0507062	-0.0982454	0.403451	0.0906337	-0.325929	1.27076	0.677107	0.206648	1.89924	0.219831	0.0951997	0.00380473	0.518084	0.13893	-0.446149	0.381241
330	0.381241	0.0507062	-0.0982454	0.403451	0.0906337	-0.325929	1.27076	0.677107	0.206648	1.89924	0.219831	0.0951997	0.00380473	0.518084	0.13893	3.2543
331	3.2543	0.381241	0.0507062	-0.0982454	0.403451	0.0906337	-0.325929	1.27076	0.677107	0.206648	1.89924	0.219831	0.0951997	0.00380473	0.518084	0.194586
332	0.194586	3.2543	0.381241	0.0507062	-0.0982454	0.403451	0.0906337	-0.325929	1.27076	0.677107	0.206648	1.89924	0.219831	0.0951997	0.00380473	0.733496
333	0.733496	0.194586	3.2543	0.381241	0.0507062	-0.0982454	0.403451	0.0906337	-0.325929	1.27076	0.677107	0.206648	1.89924	0.219831	0.0951997	0.878298
334	0.878298	0.733496	0.194586	3.2543	0.381241	0.0507062	-0.0982454	0.403451	0.0906337	-0.325929	1.27076	0.677107	0.206648	1.89924	0.219831	-0.444605
335	-0.444605	0.878298	0.733496	0.194586	3.2543	0.381241	0.0507062	-0.0982454	0.403451	0.0906337	-0.325929	1.27076	0.677107	0.206648	1.89924	0.0580122
336	0.0580122	-0.444605	0.878298	0.733496	0.194586	3.2543	0.381241	0.0507062	-0.0982454	0.403451	0.0906337	-0.325929	1.27076	0.677107	0.206648	0.388146
337	0.388146	0.0580122	-0.444605	0.878298	0.733496	0.194586	3.2543	0.381241	0.0507062	-0.0982454	0.403451	0.0906337	-0.325929	1.27076	0.677107	-0.131183
338	-0.131183	0.388146	0.0580122	-0.444605	0.878298	0.733496	0.194586	3.2543	0.381241	0.0507062	-0.0982454	0.403451	0.0906337	-0.325929	1.27076	0.0775683
339	0.0775683	-0.131183	0.388146	0.0580122	-0.444605	0.878298	0.733496	0.194586	3.2543	0.381241	0.0507062	-0.0982454	0.403451	0.0906337	-0.325929	0.469015
340	0.469015	0.0775683	-0.131183	0.388146	0.0580122	-0.444605	0.878298	0.733496	0.194586	3.2543	0.381241	0.0507062	-0.0982454	0.403451	0.0906337	2.77918
341	2.77918	0.469015	0.0775683	-0.131183	0.388146	0.0580122	-0.444605	0.878298	0.733496	0.194586	3.2543	0.381241	0.0507062	-0.0982454	0.403451	0.310137
342	0.310137	2.77918	0.469015	0.0775683	-0.131183	0.388146	0.0580122	-0.444605	0.878298	0.733496	0.194586	3.2543	0.381241	0.0507062	-0.0982454	0.530564
343	0.530564	0.310137	2.77918	0.469015	0.0775683	-0.131183	0.388146	0.0580122	-0.444605	0.878298	0.733496	0.194586	3.2543	0.381241	0.0507062	-1.11564
344	-1.11564	0.530564	0.310137	2.77918	0.469015	0.0775683	-0.131183	0.388146	0.0580122	-0.444605	0.878298	0.733496	0.194586	3.2543	0.381241	-0.41217
345	-0.41217	-1.11564	0.530564	0.310137	2.77918	0.469015	0.0775683	-0.131183	0.388146	0.0580122	-0.444605	0.878298	0.733496	0.194586	3.2543	0.0690011
346	0.0690011	-0.41217	-1.11564	0.530564	0.310137	2.77918	0.469015	0.0775683	-0.131183	0.388146	0.0580122	-0.444605	0.878298	0.733496	0.194586	0.243622
347	0.243622	0.0690011	-0.41217	-1.11564	0.530564	0.310137	2.77918	0.469015	0.0775683	-0.131183	0.388146	0.0580122	-0.444605	0.878298	0.733496	-0.163041
348	-0.163041	0.243622	0.0690011	-0.41217	-1.11564	0.530564	0.310137	2.77918	0.469015	0.0775683	-0.131183	0.388146	0.0580122	-0.444605	0.878298	0.35728
349	0.35728	-0.163041	0.243622	0.0690011	-0.41217	-1.11564	0.530564	0.310137	2.77918	0.469015	0.0775683	-0.131183	0.388146	0.0580122	-0.444605	0.682804
350	0.682804	0.35728	-0.163041	0.243622	0.0690011	-0.41217	-1.11564	0.530564	0.310137	2.77918	0.469015	0.0775683	-0.131183	0.388146	0.0580122	1.56826
351	1.56826	0.682804	0.35728	-0.163041	0.243622	0.0690011	-0.41217	-1.11564	0.530564	0.310137	2.77918	0.469015	0.0775683	-0.131183	0.388146	0.212985
352	0.212985	1.56826	0.682804	0.35728	-0.163041	0.243622	0.0690011	-0.41217	-1.11564	0.530564	0.310137	2.77918	0.469015	0.0775683	-0.131183	0.321945
353	0.321945	0.212985	1.56826	0.682804	0.35728	-0.163041	0.243622	0.0690011	-0.41217	-1.11564	0.530564	0.310137	2.77918	0.469015	0.0775683	0.666755
354	0.666755	0.321945	0.212985	1.56826	0.682804	0.35728	-0.163041	0.243622	0.0690011	-0.41217	-1.11564	0.530564	0.310137	2.77918	0.469015	-0.442276
355	-0.442276	0.666755	0.321945	0.212985	1.56826	0.682804	0.35728	-0.163041	0.243622	0.0690011	-0.41217	-1.11564	0.530564	0.310137	2.77918	0.10418
356	0.10418	-0.442276	0.666755	0.321945	0.212985	1.56826	0.682804	0.35728	-0.163041	0.243622	0.0690011	-0.41217	-1.11564	0.530564	0.310137	0.0659227
357	0.0659227	0.10418	-0.442276	0.666755	0.321945	0.212985	1.56826	0.682804	0.35728	-0.163041	0.243622	0.0690011	-0.41217	-1.11564	0.530564	-0.127438
358	-0.127438	0.0659227	0.10418	-0.442276	0.666755	0.321945	0.212985	1.56826	0.682804	0.35728	-0.163041	0.243622	0.0690011	-0.41217	-1.11564	0.271824
359	0.271824	-0.127438	0.0659227	0.10418	-0.442276	0.666755	0.321945	0.212985	1.56826	0.682804	0.35728	-0.163041	0.243622	0.0690011	-0.41217	0.444374
360	0.444374	0.271824	-0.127438	0.0659227	0.10418	-0.442276	0.666755	0.321945	0.212985	1.56826	0.682804	0.35728	-0.163041	0.243622	0.0690011	0.656853
361	0.656853	0.444374	0.271824	-0.127438	0.0659227	0.10418	-0.442276	0.666755	0.321945	0.212985	1.56826	0.682804	0.35728	-0.163041	0.243622	0.158197
362	0.158197	0.656853	0.444374	0.271824	-0.127438	0.0659227	0.10418	-0.442276	0.666755	0.321945	0.212985	1.56826	0.682804	0.35728	-0.163041	0.251451
363	0.251451	0.158197	0.656853	0.444374	0.271824	-0.127438	0.0659227	0.10418	-0.442276	0.666755	0.321945	0.212985	1.56826	0.682804	0.35728	-0.251861
364	-0.251861	0.251451	0.158197	0.656853	0.444374	0.271824	-0.127438	0.0659227	0.10418	-0.442276	0.666755	0.321945	0.212985	1.56826	0.682804	-0.311854
365	-0.311854	-0.251861	0.251451	0.158197	0.656853	0.444374	0.271824	-0.127438	0.0659227	0.10418	-0.442276	0.666755	0.321945	0.212985	1.56826	0.069824
366	0.069824	-0.311854	-0.251861	0.251451	0.158197	0.656853	0.444374	0.271824	-0.127438	0.0659227	0.10418	-0.442276	0.666755	0.321945	0.212985	0.039433
367	0.039433	0.069824	-0.311854	-0.251861	0.251451	0.158197	0.656853	0.444374	0.271824	-0.127438	0.0659227	0.10418	-0.442276	0.666755	0.321945	-0.190203
368	-0.190203	0.039433	0.069824	-0.311854	-0.251861	0.251451	0.158197	0.656853	0.444374	0.271824	-0.127438	0.0659227	0.10418	-0.442276	0.666755	0.112625
369	0.112625	-0.190203	0.039433	0.069824	-0.311854	-0.251861	0.251451	0.158197	0.656853	0.444374	0.271824	-0.127438	0.0659227	0.10418	-0.442276	-0.4544
370	-0.4544	0.112625	-0.190203	0.039433	0.069824	-0.311854	-0.251861	0.251451	0.158197	0.656853	0.444374	0.271824	-0.127438	0.0659227	0.10418	0.0764152
371	0.0764152	-0.4544	0.112625	-0.190203	0.039433	0.069824	-0.311854	-0.251861	0.251451	0.158197	0.656853	0.444374	0.271824	-0.127438	0.0659227	0.117817
372	0.117817	0.0764152	-0.4544	0.112625	-0.190203	0.039433	0.069824	-0.311854	-0.251861	0.251451	0.158197	0.656853	0.444374	0.271824	-0.127438	0.354277
373	0.354277	0.117817	0.0764152	-0.4544	0.112625	-0.190203	0.039433	0.069824	-0.311854	-0.251861	0.251451	0.158197	0.656853	0.444374	0.271824	-0.104479
374	-0.104479	0.354277	0.117817	0.0764152	-0.4544	0.112625	-0.190203	0.039433	0.069824	-0.311854	-0.251861	0.251451	0.158197	0.656853	0.444374	-0.215653
375	-0.215653	-0.104479	0.354277	0.117817	0.0764152	-0.4544	0.112625	-0.190203	0.039433	0.069824	-0.311854	-0.251861	0.251451	0.158197	0.656853	-1.4827
376	-1.4827	-0.215653	-0.104479	0.354277	0.117817	0.0764152	-0.4544	0.112625	-0.190203	0.039433	0.069824	-0.311854	-0.251861	0.251451	0.158197	-0.0565677
377	-0.0565677	-1.4827	-0.215653	-0.104479	0.354277	0.117817	0.0764152	-0.4544	0.112625	-0.190203	0.039433	0.069824	-0.311854	-0.251861	0.251451	-0.247229
378	-0.247229	-0.0565677	-1.4827	-0.215653	-0.104479	0.354277	0.117817	0.0764152	-0.4544	0.112625	-0.190203	0.039433	0.069824	-0.311854	-0.251861	0.22436
379	0.22436	-0.247229	-0.0565677	-1.4827	-0.215653	-0.104479	0.354277	0.117817	0.0764152	-0.4544	0.112625	-0.190203	0.039433	0.069824	-0.311854	0.0103609
380	0.0103609	0.22436	-0.247229	-0.0565677	-1.4827	-0.215653	-0.104479	0.354277	0.117817	0.0764152	-0.4544	0.112625	-0.190203	0.039433	0.069824	-0.956928
381	-0.956928	0.0103609	0.22436	-0.247229	-0.0565677	-1.4827	-0.215653	-0.104479	0.354277	0.117817	0.0764152	-0.4544	0.112625	-0.190203	0.039433	1.47333
382	1.47333	-0.956928	0.0103609	0.22436	-0.247229	-0.0565677	-1.4827	-0.215653	-0.104479	0.354277	0.117817	0.0764152	-0.4544	0.112625	-0.190203	-1.15349
383	-1.15349	1.47333	-0.956928	0.0103609	0.22436	-0.247229	-0.0565677	-1.4827	-0.215653	-0.104479	0.354277	0.117817	0.0764152	-0.4544	0.112625	-0.192941
384	-0.192941	-1.15349	1.47333	-0.956928	0.0103609	0.22436	-0.247229	-0.0565677	-1.4827	-0.215653	-0.104479	0.354277	0.117817	0.0764152	-0.4544	-0.327939
385	-0.327939	-0.192941	-1.15349	1.47333	-0.956928	0.0103609	0.22436	-0.247229	-0.0565677	-1.4827	-0.215653	-0.104479	0.354277	0.117817	0.0764152	-1.19285
386	-1.19285	-0.327939	-0.192941	-1.15349	1.47333	-0.956928	0.0103609	0.22436	-0.247229	-0.0565677	-1.4827	-0.215653	-0.104479	0.354277	0.117817	-0.242247
387	-0.242247	-1.19285	-0.327939	-0.192941	-1.15349	1.47333	-0.956928	0.0103609	0.22436	-0.247229	-0.0565677	-1.4827	-0.215653	-0.104479	0.354277	-0.342248
388	-0.342248	-0.242247	-1.19285	-0.327939	-0.192941	-1.15349	1.47333	-0.956928	0.0103609	0.22436	-0.247229	-0.0565677	-1.4827	-0.215653	-0.104479	1.28309
389	1.28309	-0.342248	-0.242247	-1.19285	-0.327939	-0.192941	-1.15349	1.47333	-0.956928	0.0103609	0.22436	-0.247229	-0.0565677	-1.4827	-0.215653	-0.466522
390	-0.466522	1.28309	-0.342248	-0.242247	-1.19285	-0.327939	-0.192941	-1.15349	1.47333	-0.956928	0.0103609	0.22436	-0.247229	-0.0565677	-1.4827	-2.11091
391	-2.11091	-0.466522	1.28309	-0.342248	-0.242247	-1.19285	-0.327939	-0.192941	-1.15349	1.47333	-0.956928	0.0103609	0.22436	-0.247229	-0.0565677	2.32019
392	2.32019	-2.11091	-0.466522	1.28309	-0.342248	-0.242247	-1.19285	-0.327939	-0.192941	-1.15349	1.47333	-0.956928	0.0103609	0.22436	-0.247229	-0.257671
393	-0.257671	2.32019	-2.11091	-0.466522	1.28309	-0.342248	-0.242247	-1.19285	-0.327939	-0.192941	-1.15349	1.47333	-0.956928	0.0103609	0.22436	-0.119714
394	-0.119714	-0.257671	2.32019	-2.11091	-0.466522	1.28309	-0.342248	-0.242247	-1.19285	-0.327939	-0.192941	-1.15349	1.47333	-0.956928	0.0103609	-0.395032
395	-0.395032	-0.119714	-0.257671	2.32019	-2.11091	-0.466522	1.28309	-0.342248	-0.242247	-1.19285	-0.327939	-0.192941	-1.15349	1.47333	-0.956928	-0.043595
396	-0.043595	-0.395032	-0.119714	-0.257671	2.32019	-2.11091	-0.466522	1.28309	-0.342248	-0.242247	-1.19285	-0.327939	-0.192941	-1.15349	1.47333	1.13035
397	1.13035	-0.043595	-0.395032	-0.119714	-0.257671	2.32019	-2.11091	-0.466522	1.28309	-0.342248	-0.242247	-1.19285	-0.327939	-0.192941	-1.15349	-0.281113
398	-0.281113	1.13035	-0.043595	-0.395032	-0.119714	-0.257671	2.32019	-2.11091	-0.466522	1.28309	-0.342248	-0.242247	-1.19285	-0.327939	-0.192941	0.16623
399	0.16623	-0.281113	1.13035	-0.043595	-0.395032	-0.119714	-0.257671	2.32019	-2.11091	-0.466522	1.28309	-0.342248	-0.242247	-1.19285	-0.327939	1.12319
400	1.12319	0.16623	-0.281113	1.13035	-0.043595	-0.395032	-0.119714	-0.257671	2.32019	-2.11091	-0.466522	1.28309	-0.342248	-0.242247	-1.19285	-1.00099
401	-1.00099	1.12319	0.16623	-0.281113	1.13035	-0.043595	-0.395032	-0.119714	-0.257671	2.32019	-2.11091	-0.466522	1.28309	-0.342248	-0.242247	1.73264
402	1.73264	-1.00099	1.12319	0.16623	-0.281113	1.13035	-0.043595	-0.395032	-0.119714	-0.257671	2.32019	-2.11091	-0.466522	1.28309	-0.342248	-0.241646
403	-0.241646	1.73264	-1.00099	1.12319	0.16623	-0.281113	1.13035	-0.043595	-0.395032	-0.119714	-0.257671	2.32019	-2.11091	-0.466522	1.28309	1.18268
404	1.18268	-0.241646	1.73264	-1.00099	1.12319	0.16623	-0.281113	1.13035	-0.043595	-0.395032	-0.119714	-0.257671	2.32019	-2.11091	-0.466522	-0.334961
405	-0.334961	1.18268	-0.241646	1.73264	-1.00099	1.12319	0.16623	-0.281113	1.13035	-0.043595	-0.395032	-0.119714	-0.257671	2.32019	-2.11091	-0.282259
406	-0.282259	-0.334961	1.18268	-0.241646	1.73264	-1.00099	1.12319	0.16623	-0.281113	1.13035	-0.043595	-0.395032	-0.119714	-0.257671	2.32019	0.718287
407	0.718287	-0.282259	-0.334961	1.18268	-0.241646	1.73264	-1.00099	1.12319	0.16623	-0.281113	1.13035	-0.043595	-0.395032	-0.119714	-0.257671	-0.179956
408	-0.179956	0.718287	-0.282259	-0.334961	1.18268	-0.241646	1.73264	-1.00099	1.12319	0.16623	-0.281113	1.13035	-0.043595	-0.395032	-0.119714	1.05214
409	1.05214	-0.179956	0.718287	-0.282259	-0.334961	1.18268	-0.241646	1.73264	-1.00099	1.12319	0.16623	-0.281113	1.13035	-0.043595	-0.395032	0.942666
410	0.942666	1.05214	-0.179956	0.718287	-0.282259	-0.334961	1.18268	-0.241646	1.73264	-1.00099	1.12319	0.16623	-0.281113	1.13035	-0.043595	-1.04632
411	-1.04632	0.942666	1.05214	-0.179956	0.718287	-0.282259	-0.334961	1.18268	-0.241646	1.73264	-1.00099	1.12319	0.16623	-0.281113	1.13035	2.26466
412	2.26466	-1.04632	0.942666	1.05214	-0.179956	0.718287	-0.282259	-0.334961	1.18268	-0.241646	1.73264	-1.00099	1.12319	0.16623	-0.281113	-0.270851
413	-0.270851	2.26466	-1.04632	0.942666	1.05214	-0.179956	0.718287	-0.282259	-0.334961	1.18268	-0.241646	1.73264	-1.00099	1.12319	0.16623	-0.729009
414	-0.729009	-0.270851	2.26466	-1.04632	0.942666	1.05214	-0.179956	0.718287	-0.282259	-0.334961	1.18268	-0.241646	1.73264	-1.00099	1.12319	-0.188941
415	-0.188941	-0.729009	-0.270851	2.26466	-1.04632	0.942666	1.05214	-0.179956	0.718287	-0.282259	-0.334961	1.18268	-0.241646	1.73264	-1.00099	-0.176265
416	-0.176265	-0.188941	-0.729009	-0.270851	2.26466	-1.04632	0.942666	1.05214	-0.179956	0.718287	-0.282259	-0.334961	1.18268	-0.241646	1.73264	0.661158
417	0.661158	-0.176265	-0.188941	-0.729009	-0.270851	2.26466	-1.04632	0.942666	1.05214	-0.179956	0.718287	-0.282259	-0.334961	1.18268	-0.241646	-0.286834
418	-0.286834	0.661158	-0.176265	-0.188941	-0.729009	-0.270851	2.26466	-1.04632	0.942666	1.05214	-0.179956	0.718287	-0.282259	-0.334961	1.18268	-0.8711
419	-0.8711	-0.286834	0.661158	-0.176265	-0.188941	-0.729009	-0.270851	2.26466	-1.04632	0.942666	1.05214	-0.179956	0.718287	-0.282259	-0.334961	0.789411
420	0.789411	-0.8711	-0.286834	0.661158	-0.176265	-0.188941	-0.729009	-0.270851	2.26466	-1.04632	0.942666	1.05214	-0.179956	0.718287	-0.282259	-2.33039
421	-2.33039	0.789411	-0.8711	-0.286834	0.661158	-0.176265	-0.188941	-0.729009	-0.270851	2.26466	-1.04632	0.942666	1.05214	-0.179956	0.718287	0.65346
422	0.65346	-2.33039	0.789411	-0.8711	-0.286834	0.661158	-0.176265	-0.188941	-0.729009	-0.270851	2.26466	-1.04632	0.942666	1.05214	-0.179956	-0.327418
423	-0.327418	0.65346	-2.33039	0.789411	-0.8711	-0.286834	0.661158	-0.176265	-0.188941	-0.729009	-0.270851	2.26466	-1.04632	0.942666	1.05214	-0.0795055
424	-0.0795055	-0.327418	0.65346	-2.33039	0.789411	-0.8711	-0.286834	0.661158	-0.176265	-0.188941	-0.729009	-0.270851	2.26466	-1.04632	0.942666	0.214697
425	0.214697	-0.0795055	-0.327418	0.65346	-2.33039	0.789411	-0.8711	-0.286834	0.661158	-0.176265	-0.188941	-0.729009	-0.270851	2.26466	-1.04632	-0.0723074
426	-0.0723074	0.214697	-0.0795055	-0.327418	0.65346	-2.33039	0.789411	-0.8711	-0.286834	0.661158	-0.176265	-0.188941	-0.729009	-0.270851	2.26466	2.65494
427	2.65494	-0.0723074	0.214697	-0.0795055	-0.327418	0.65346	-2.33039	0.789411	-0.8711	-0.286834	0.661158	-0.176265	-0.188941	-0.729009	-0.270851	-0.426129
428	-0.426129	2.65494	-0.0723074	0.214697	-0.0795055	-0.327418	0.65346	-2.33039	0.789411	-0.8711	-0.286834	0.661158	-0.176265	-0.188941	-0.729009	0.165822
429	0.165822	-0.426129	2.65494	-0.0723074	0.214697	-0.0795055	-0.327418	0.65346	-2.33039	0.789411	-0.8711	-0.286834	0.661158	-0.176265	-0.188941	0.800291
430	0.800291	0.165822	-0.426129	2.65494	-0.0723074	0.214697	-0.0795055	-0.327418	0.65346	-2.33039	0.789411	-0.8711	-0.286834	0.661158	-0.176265	-1.87
431	-1.87	0.800291	0.165822	-0.426129	2.65494	-0.0723074	0.214697	-0.0795055	-0.327418	0.65346	-2.33039	0.789411	-0.8711	-0.286834	0.661158	1.61238
432	1.61238	-1.87	0.800291	0.165822	-0.426129	2.65494	-0.0723074	0.214697	-0.0795055	-0.327418	0.65346	-2.33039	0.789411	-0.8711	-0.286834	-0.141163
433	-0.141163	1.61238	-1.87	0.800291	0.165822	-0.426129	2.65494	-0.0723074	0.214697	-0.0795055	-0.327418	0.65346	-2.33039	0.789411	-0.8711	-1.32307
434	-1.32307	-0.141163	1.61238	-1.87	0.800291	0.165822	-0.426129	2.65494	-0.0723074	0.214697	-0.0795055	-0.327418	0.65346	-2.33039	0.789411	0.0977432
435	0.0977432	-1.32307	-0.141163	1.61238	-1.87	0.800291	0.165822	-0.426129	2.65494	-0.0723074	0.214697	-0.0795055	-0.327418	0.65346	-2.33039	-0.00712997
436	-0.00712997	0.0977432	-1.32307	-0.141163	1.61238	-1.87	0.800291	0.165822	-0.426129	2.65494	-0.0723074	0.214697	-0.0795055	-0.327418	0.65346	1.74427
437	1.74427	-0.00712997	0.0977432	-1.32307	-0.141163	1.61238	-1.87	0.800291	0.165822	-0.426129	2.65494	-0.0723074	0.214697	-0.0795055	-0.327418	-0.54571
438	-0.54571	1.74427	-0.00712997	0.0977432	-1.32307	-0.141163	1.61238	-1.87	0.800291	0.165822	-0.426129	2.65494	-0.0723074	0.214697	-0.0795055	0.927233
439	0.927233	-0.54571	1.74427	-0.00712997	0.0977432	-1.32307	-0.141163	1.61238	-1.87	0.800291	0.165822	-0.426129	2.65494	-0.0723074	0.214697	1.63918
440	1.63918	0.927233	-0.54571	1.74427	-0.00712997	0.0977432	-1.32307	-0.141163	1.61238	-1.87	0.800291	0.165822	-0.426129	2.65494	-0.0723074	-1.27548
441	-1.27548	1.63918	0.927233	-0.54571	1.74427	-0.00712997	0.0977432	-1.32307	-0.141163	1.61238	-1.87	0.800291	0.165822	-0.426129	2.65494	-0.505246
442	-0.505246	-1.27548	1.63918	0.927233	-0.54571	1.74427	-0.00712997	0.0977432	-1.32307	-0.141163	1.61238	-1.87	0.800291	0.165822	-0.426129	-0.129911
443	-0.129911	-0.505246	-1.27548	1.63918	0.927233	-0.54571	1.74427	-0.00712997	0.0977432	-1.32307	-0.141163	1.61238	-1.87	0.800291	0.165822	0.26939
444	0.26939	-0.129911	-0.505246	-1.27548	1.63918	0.927233	-0.54571	1.74427	-0.00712997	0.0977432	-1.32307	-0.141163	1.61238	-1.87	0.800291	0.0881128
445	0.0881128	0.26939	-0.129911	-0.505246	-1.27548	1.63918	0.927233	-0.54571	1.74427	-0.00712997	0.0977432	-1.32307	-0.141163	1.61238	-1.87	0.115297
446	0.115297	0.0881128	0.26939	-0.129911	-0.505246	-1.27548	1.63918	0.927233	-0.54571	1.74427	-0.00712997	0.0977432	-1.32307	-0.141163	1.61238	1.28583
447	1.28583	0.115297	0.0881128	0.26939	-0.129911	-0.505246	-1.27548	1.63918	0.927233	-0.54571	1.74427	-0.00712997	0.0977432	-1.32307	-0.141163	-0.547214
448	-0.547214	1.28583	0.115297	0.0881128	0.26939	-0.129911	-0.505246	-1.27548	1.63918	0.927233	-0.54571	1.74427	-0.00712997	0.0977432	-1.32307	-0.724843
449	-0.724843	-0.547214	1.28583	0.115297	0.0881128	0.26939	-0.129911	-0.505246	-1.27548	1.63918	0.927233	-0.54571	1.74427	-0.00712997	0.0977432	1.24445
450	1.24445	-0.724843	-0.547214	1.28583	0.115297	0.0881128	0.26939	-0.129911	-0.505246	-1.27548	1.63918	0.927233	-0.54571	1.74427	-0.00712997	-1.07076
451	-1.07076	1.24445	-0.724843	-0.547214	1.28583	0.115297	0.0881128	0.26939	-0.129911	-0.505246	-1.27548	1.63918	0.927233	-0.54571	1.74427	-0.445773
452	-0.445773	-1.07076	1.24445	-0.724843	-0.547214	1.28583	0.115297	0.0881128	0.26939	-0.129911	-0.505246	-1.27548	1.63918	0.927233	-0.54571	0.00897732
453	0.00897732	-0.445773	-1.07076	1.24445	-0.724843	-0.547214	1.28583	0.115297	0.0881128	0.26939	-0.129911	-0.505246	-1.27548	1.63918	0.927233	0.26362
454	0.26362	0.00897732	-0.445773	-1.07076	1.24445	-0.724843	-0.547214	1.28583	0.115297	0.0881128	0.26939	-0.129911	-0.505246	-1.27548	1.63918	-0.0790835
455	-0.0790835	0.26362	0.00897732	-0.445773	-1.07076	1.24445	-0.724843	-0.547214	1.28583	0.115297	0.0881128	0.26939	-0.129911	-0.505246	-1.27548	0.171293
456	0.171293	-0.0790835	0.26362	0.00897732	-0.445773	-1.07076	1.24445	-0.724843	-0.547214	1.28583	0.115297	0.0881128	0.26939	-0.129911	-0.505246	0.85811
457	0.85811	0.171293	-0.0790835	0.26362	0.00897732	-0.445773	-1.07076	1.24445	-0.724843	-0.547214	1.28583	0.115297	0.0881128	0.26939	-0.129911	-1.19236
458	-1.19236	0.85811	0.171293	-0.0790835	0.26362	0.00897732	-0.445773	-1.07076	1.24445	-0.724843	-0.547214	1.28583	0.115297	0.0881128	0.26939	-0.312178
459	-0.312178	-1.19236	0.85811	0.171293	-0.0790835	0.26362	0.00897732	-0.445773	-1.07076	1.24445	-0.724843	-0.547214	1.28583	0.115297	0.0881128	1.03096
460	1.03096	-0.312178	-1.19236	0.85811	0.171293	-0.0790835	0.26362	0.00897732	-0.445773	-1.07076	1.24445	-0.724843	-0.547214	1.28583	0.115297	-0.653761
461	-0.653761	1.03096	-0.312178	-1.19236	0.85811	0.171293	-0.0790835	0.26362	0.00897732	-0.445773	-1.07076	1.24445	-0.724843	-0.547214	1.28583	-0.580937
462	-0.580937	-0.653761	1.03096	-0.312178	-1.19236	0.85811	0.171293	-0.0790835	0.26362	0.00897732	-0.445773	-1.07076	1.24445	-0.724843	-0.547214	-0.0360389
463	-0.0360389	-0.580937	-0.653761	1.03096	-0.312178	-1.19236	0.85811	0.171293	-0.0790835	0.26362	0.00897732	-0.445773	-1.07076	1.24445	-0.724843	1.4496
464	1.4496	-0.0360389	-0.580937	-0.653761	1.03096	-0.312178	-1.19236	0.85811	0.171293	-0.0790835	0.26362	0.00897732	-0.445773	-1.07076	1.24445	0.194874
465	0.194874	1.4496	-0.0360389	-0.580937	-0.653761	1.03096	-0.312178	-1.19236	0.85811	0.171293	-0.0790835	0.26362	0.00897732	-0.445773	-1.07076	0.0969103
466	0.0969103	0.194874	1.4496	-0.0360389	-0.580937	-0.653761	1.03096	-0.312178	-1.19236	0.85811	0.171293	-0.0790835	0.26362	0.00897732	-0.445773	1.03636
467	1.03636	0.0969103	0.194874	1.4496	-0.0360389	-0.580937	-0.653761	1.03096	-0.312178	-1.19236	0.85811	0.171293	-0.0790835	0.26362	0.00897732	0.778293
468	0.778293	1.03636	0.0969103	0.194874	1.4496	-0.0360389	-0.580937	-0.653761	1.03096	-0.312178	-1.19236	0.85811	0.171293	-0.0790835	0.26362	0.749543
469	0.749543	0.778293	1.03636	0.0969103	0.194874	1.4496	-0.0360389	-0.580937	-0.653761	1.03096	-0.312178	-1.19236	0.85811	0.171293	-0.0790835	0.891144
470	0.891144	0.749543	0.778293	1.03636	0.0969103	0.194874	1.4496	-0.0360389	-0.580937	-0.653761	1.03096	-0.312178	-1.19236	0.85811	0.171293	-0.512819
471	-0.512819	0.891144	0.749543	0.778293	1.03636	0.0969103	0.194874	1.4496	-0.0360389	-0.580937	-0.653761	1.03096	-0.312178	-1.19236	0.85811	-0.490901
472	-0.490901	-0.512819	0.891144	0.749543	0.778293	1.03636	0.0969103	0.194874	1.4496	-0.0360389	-0.580937	-0.653761	1.03096	-0.312178	-1.19236	-0.0750545
473	-0.0750545	-0.490901	-0.512819	0.891144	0.749543	0.778293	1.03636	0.0969103	0.194874	1.4496	-0.0360389	-0.580937	-0.653761	1.03096	-0.312178	0.875967
474	0.875967	-0.0750545	-0.490901	-0.512819	0.891144	0.749543	0.778293	1.03636	0.0969103	0.194874	1.4496	-0.0360389	-0.580937	-0.653761	1.03096	0.106957
475	0.106957	0.875967	-0.0750545	-0.490901	-0.512819	0.891144	0.749543	0.778293	1.03636	0.0969103	0.194874	1.4496	-0.0360389	-0.580937	-0.653761	0.25324
476	0.25324	0.106957	0.875967	-0.0750545	-0.490901	-0.512819	0.891144	0.749543	0.778293	1.03636	0.0969103	0.194874	1.4496	-0.0360389	-0.580937	0.317803
477	0.317803	0.25324	0.106957	0.875967	-0.0750545	-0.490901	-0.512819	0.891144	0.749543	0.778293	1.03636	0.0969103	0.194874	1.4496	-0.0360389	-0.578597
478	-0.578597	0.317803	0.25324	0.106957	0.875967	-0.0750545	-0.490901	-0.512819	0.891144	0.749543	0.778293	1.03636	0.0969103	0.194874	1.4496	1.15261
479	1.15261	-0.578597	0.317803	0.25324	0.106957	0.875967	-0.0750545	-0.490901	-0.512819	0.891144	0.749543	0.778293	1.03636	0.0969103	0.194874	0.65549
480	0.65549	1.15261	-0.578597	0.317803	0.25324	0.106957	0.875967	-0.0750545	-0.490901	-0.512819	0.891144	0.749543	0.778293	1.03636	0.0969103	-0.485768
481	-0.485768	0.65549	1.15261	-0.578597	0.317803	0.25324	0.106957	0.875967	-0.0750545	-0.490901	-0.512819	0.891144	0.749543	0.778293	1.03636	-0.351456
482	-0.351456	-0.485768	0.65549	1.15261	-0.578597	0.317803	0.25324	0.106957	0.875967	-0.0750545	-0.490901	-0.512819	0.891144	0.749543	0.778293	-0.0488419
483	-0.0488419	-0.351456	-0.485768	0.65549	1.15261	-0.578597	0.317803	0.25324	0.106957	0.875967	-0.0750545	-0.490901	-0.512819	0.891144	0.749543	1.02003
484	1.02003	-0.0488419	-0.351456	-0.485768	0.65549	1.15261	-0.578597	0.317803	0.25324	0.106957	0.875967	-0.0750545	-0.490901	-0.512819	0.891144	0.159759
485	0.159759	1.02003	-0.0488419	-0.351456	-0.485768	0.65549	1.15261	-0.578597	0.317803	0.25324	0.106957	0.875967	-0.0750545	-0.490901	-0.512819	0.0826085
486	0.0826085	0.159759	1.02003	-0.0488419	-0.351456	-0.485768	0.65549	1.15261	-0.578597	0.317803	0.25324	0.106957	0.875967	-0.0750545	-0.490901	0.730031
487	0.730031	0.0826085	0.159759	1.02003	-0.0488419	-0.351456	-0.485768	0.65549	1.15261	-0.578597	0.317803	0.25324	0.106957	0.875967	-0.0750545	0.836586
488	0.836586	0.730031	0.0826085	0.159759	1.02003	-0.0488419	-0.351456	-0.485768	0.65549	1.15261	-0.578597	0.317803	0.25324	0.106957	0.875967	-0.137034
489	-0.137034	0.836586	0.730031	0.0826085	0.159759	1.02003	-0.0488419	-0.351456	-0.485768	0.65549	1.15261	-0.578597	0.317803	0.25324	0.106957	0.499621
490	0.499621	-0.137034	0.836586	0.730031	0.0826085	0.159759	1.02003	-0.0488419	-0.351456	-0.485768	0.65549	1.15261	-0.578597	0.317803	0.25324	-0.460659
491	-0.460659	0.499621	-0.137034	0.836586	0.730031	0.0826085	0.159759	1.02003	-0.0488419	-0.351456	-0.485768	0.65549	1.15261	-0.578597	0.317803	-0.307355
492	-0.307355	-0.460659	0.499621	-0.137034	0.836586	0.730031	0.0826085	0.159759	1.02003	-0.0488419	-0.351456	-0.485768	0.65549	1.15261	-0.578597	-0.0840499
493	-0.0840499	-0.307355	-0.460659	0.499621	-0.137034	0.836586	0.730031	0.0826085	0.159759	1.02003	-0.0488419	-0.351456	-0.485768	0.65549	1.15261	0.962218
494	0.962218	-0.0840499	-0.307355	-0.460659	0.499621	-0.137034	0.836586	0.730031	0.0826085	0.159759	1.02003	-0.0488419	-0.351456	-0.485768	0.65549	-0.0929192
495	-0.0929192	0.962218	-0.0840499	-0.307355	-0.460659	0.499621	-0.137034	0.836586	0.730031	0.0826085	0.159759	1.02003	-0.0488419	-0.351456	-0.485768	0.167804
496	0.167804	-0.0929192	0.962218	-0.0840499	-0.307355	-0.460659	0.499621	-0.137034	0.836586	0.730031	0.0826085	0.159759	1.02003	-0.0488419	-0.351456	-0.529234
497	-0.529234	0.167804	-0.0929192	0.962218	-0.0840499	-0.307355	-0.460659	0.499621	-0.137034	0.836586	0.730031	0.0826085	0.159759	1.02003	-0.0488419	1.46401
498	1.46401	-0.529234	0.167804	-0.0929192	0.962218	-0.0840499	-0.307355	-0.460659	0.499621	-0.137034	0.836586	0.730031	0.0826085	0.159759	1.02003	0.534564
499	0.534564	1.46401	-0.529234	0.167804	-0.0929192	0.962218	-0.0840499	-0.307355	-0.460659	0.499621	-0.137034	0.836586	0.730031	0.0826085	0.159759	0.364464
500	0.364464	0.534564	1.46401	-0.529234	0.167804	-0.0929192	0.962218	-0.0840499	-0.307355	-0.460659	0.499621	-0.137034	0.836586	0.730031	0.0826085	-1.82662
